,cluster,protein,degree,betweenness_centrality,eigenvector_centrality,degree_centrality
0,0,Q0143,6,0.119,0.417,0.857
1,0,Q0010,6,0.119,0.417,0.857
2,0,Q0297,6,0.286,0.403,0.857
3,1,YOR196C,13,0.020,0.237,0.812
4,1,YPR067W,16,0.042,0.283,1.000
5,1,YPL059W,16,0.042,0.283,1.000
6,1,YKL040C,16,0.042,0.283,1.000
7,1,YJR122W,14,0.025,0.255,0.875
8,2,YFL016C,4,0.100,0.510,0.800
9,2,YOR232W,4,0.100,0.510,0.800
10,3,YJL006C,23,0.013,0.065,0.258
11,3,YGL127C,38,0.017,0.144,0.427
12,3,YDL140C,66,0.169,0.212,0.742
13,3,YML010W,36,0.046,0.113,0.404
14,3,YOR224C,39,0.013,0.167,0.438
15,3,YPL042C,28,0.027,0.088,0.315
16,3,YOR151C,48,0.032,0.185,0.539
17,3,YOR123C,16,0.022,0.050,0.180
18,3,YPR086W,46,0.026,0.186,0.517
19,3,YPR187W,43,0.018,0.176,0.483
20,3,YOR210W,42,0.017,0.173,0.472
21,3,YDR404C,43,0.015,0.178,0.483
22,3,YOL135C,40,0.027,0.152,0.449
23,3,YIL143C,35,0.018,0.141,0.393
24,3,YGL043W,38,0.022,0.144,0.427
25,3,YLR071C,39,0.020,0.147,0.438
26,3,YBR154C,43,0.022,0.174,0.483
27,3,YJL140W,45,0.019,0.186,0.506
28,3,YER171W,34,0.013,0.136,0.382
29,3,YDL108W,31,0.018,0.110,0.348
30,3,YIL021W,49,0.032,0.189,0.551
31,3,YGL070C,41,0.021,0.172,0.461
32,3,YDR308C,37,0.015,0.140,0.416
33,4,YGR231C,1,0.000,0.707,0.250
34,4,YBL022C,0,0.000,0.000,0.000
35,4,YPL159C,0,0.000,0.000,0.000
36,4,YIL070C,0,0.000,0.000,0.000
37,4,YGR132C,1,0.000,0.707,0.250
38,5,YOR116C,19,0.027,0.131,0.396
39,5,YMR236W,22,0.015,0.223,0.458
40,5,YDR392W,16,0.011,0.169,0.333
41,5,YBR198C,22,0.015,0.223,0.458
42,5,YGL112C,22,0.015,0.223,0.458
43,5,YMR227C,14,0.019,0.147,0.292
44,5,YDR167W,23,0.028,0.228,0.479
45,5,YOR207C,17,0.021,0.122,0.354
46,5,YDR145W,22,0.015,0.223,0.458
47,5,YGR246C,22,0.024,0.143,0.458
48,5,YNL039W,21,0.015,0.140,0.438
49,5,YGR274C,15,0.026,0.149,0.312
50,5,YER148W,44,0.546,0.334,0.917
51,6,YDR054C,10,0.009,0.281,0.303
52,6,YDL132W,16,0.090,0.347,0.485
53,6,YPL046C,4,0.011,0.120,0.121
54,6,YOL133W,17,0.135,0.364,0.515
55,6,YIL046W,7,0.025,0.189,0.212
56,6,YDR139C,10,0.018,0.277,0.303
57,6,YDR328C,22,0.370,0.372,0.667
58,6,YJL047C,9,0.032,0.227,0.273
59,6,YFL009W,7,0.025,0.189,0.212
60,7,YGL211W,11,0.014,0.296,0.550
61,7,YGR200C,15,0.190,0.342,0.750
62,7,YPL101W,10,0.020,0.275,0.500
63,7,YPL086C,13,0.046,0.333,0.650
64,7,YBL071W-A,13,0.264,0.228,0.650
65,7,YLR384C,11,0.027,0.298,0.550
66,8,YOR027W,16,0.161,0.298,0.696
67,8,YMR186W,17,0.070,0.324,0.739
68,8,YPL240C,17,0.070,0.324,0.739
69,8,YDR214W,15,0.031,0.307,0.652
70,8,YNL007C,12,0.046,0.250,0.522
71,8,YKL117W,14,0.037,0.281,0.609
72,9,YJR082C,25,0.015,0.137,0.229
73,9,YFL039C,72,0.479,0.273,0.661
74,9,YNL243W,16,0.008,0.026,0.147
75,9,YGR002C,34,0.008,0.218,0.312
76,9,YNR035C,12,0.012,0.021,0.110
77,9,YGR252W,24,0.012,0.131,0.220
78,9,YJL081C,38,0.013,0.236,0.349
79,9,YDL029W,30,0.041,0.037,0.275
80,9,YHR023W,13,0.018,0.022,0.119
81,9,YHR099W,28,0.022,0.159,0.257
82,9,YDR176W,22,0.007,0.127,0.202
83,9,YDR129C,23,0.009,0.033,0.211
84,9,YJR065C,17,0.006,0.028,0.156
85,9,YPL129W,29,0.028,0.169,0.266
86,9,YNL107W,38,0.016,0.234,0.349
87,9,YGL150C,25,0.006,0.159,0.229
88,9,YIR006C,14,0.023,0.023,0.128
89,9,YPL235W,37,0.045,0.202,0.339
90,9,YMR109W,14,0.008,0.024,0.128
91,9,YKL007W,5,0.018,0.004,0.046
92,9,YLR337C,18,0.017,0.028,0.165
93,9,YIL159W,11,0.018,0.021,0.101
94,9,YOR181W,28,0.047,0.035,0.257
95,9,YHR090C,23,0.007,0.129,0.211
96,9,YIL034C,12,0.009,0.023,0.110
97,9,YLL050C,20,0.010,0.030,0.183
98,9,YDR190C,38,0.061,0.202,0.349
99,9,YCR088W,22,0.028,0.032,0.202
100,10,YBR009C,26,0.051,0.288,0.619
101,10,YNL030W,18,0.014,0.224,0.429
102,10,YNL206C,16,0.020,0.168,0.381
103,10,YNL031C,31,0.175,0.301,0.738
104,10,YML102W,14,0.014,0.150,0.333
105,10,YJL115W,25,0.076,0.269,0.595
106,10,YER051W,7,0.024,0.058,0.167
107,10,YJL168C,17,0.065,0.185,0.405
108,10,YDR224C,18,0.053,0.222,0.429
109,10,YOL012C,15,0.048,0.189,0.357
110,10,YBR010W,31,0.141,0.307,0.738
111,11,YOL145C,0,0.000,1.000,1.000
112,12,YJR035W,0,0.000,1.000,1.000
113,13,YPL217C,149,0.005,0.095,0.723
114,13,YHR088W,136,0.009,0.085,0.660
115,13,YPR010C,121,0.005,0.082,0.587
116,13,YLR222C,150,0.007,0.096,0.728
117,13,YPL093W,145,0.005,0.092,0.704
118,13,YLR276C,142,0.005,0.092,0.689
119,13,YOR206W,158,0.007,0.098,0.767
120,13,YOR310C,145,0.007,0.093,0.704
121,13,YLR197W,145,0.007,0.093,0.704
122,13,YDR496C,163,0.030,0.098,0.791
123,13,YDR398W,146,0.004,0.095,0.709
124,13,YCL054W,161,0.011,0.098,0.782
125,13,YKL009W,149,0.006,0.094,0.723
126,13,YNL132W,145,0.004,0.094,0.704
127,13,YJL033W,149,0.004,0.096,0.723
128,13,YKL172W,154,0.006,0.096,0.748
129,13,YHR052W,155,0.008,0.096,0.752
130,13,YKL143W,99,0.004,0.068,0.481
131,13,YDR101C,120,0.005,0.076,0.583
132,13,YNL110C,158,0.006,0.097,0.767
133,13,YPL211W,139,0.007,0.088,0.675
134,13,YGR245C,146,0.007,0.094,0.709
135,13,YNL061W,152,0.005,0.096,0.738
136,13,YMR131C,131,0.007,0.087,0.636
137,13,YHR085W,96,0.004,0.063,0.466
138,13,YMR014W,97,0.006,0.065,0.471
139,13,YLR409C,144,0.004,0.092,0.699
140,13,YHR170W,141,0.008,0.090,0.684
141,13,YLR009W,144,0.009,0.091,0.699
142,13,YGR145W,153,0.004,0.098,0.743
143,13,YMR290C,158,0.006,0.098,0.767
144,13,YMR049C,166,0.021,0.101,0.806
145,13,YOL077C,155,0.016,0.095,0.752
146,13,YGL078C,148,0.009,0.091,0.718
147,13,YDR299W,144,0.006,0.093,0.699
148,13,YLR175W,127,0.004,0.084,0.617
149,13,YAL025C,144,0.008,0.090,0.699
150,13,YGL029W,84,0.005,0.050,0.408
151,13,YOR294W,154,0.006,0.096,0.748
152,13,YKL078W,97,0.015,0.064,0.471
153,13,YLL008W,152,0.010,0.095,0.738
154,13,YCR057C,154,0.015,0.097,0.748
155,13,YPL043W,162,0.008,0.099,0.786
156,13,YGR103W,171,0.012,0.103,0.830
157,13,YOR272W,165,0.008,0.101,0.801
158,13,YBR247C,153,0.005,0.097,0.743
159,13,YPL012W,143,0.004,0.093,0.694
160,13,YKR081C,163,0.006,0.101,0.791
161,13,YPR137W,149,0.007,0.095,0.723
162,13,YNL075W,146,0.004,0.094,0.709
163,13,YLR129W,149,0.004,0.096,0.723
164,13,YER006W,153,0.005,0.096,0.743
165,14,YOL142W,19,0.015,0.249,0.655
166,14,YOL021C,22,0.052,0.262,0.759
167,14,YJL050W,21,0.063,0.241,0.724
168,14,YHR069C,17,0.010,0.229,0.586
169,14,YNL232W,19,0.015,0.249,0.655
170,14,YOL115W,9,0.009,0.077,0.310
171,14,YOR001W,27,0.250,0.273,0.931
172,14,YLR398C,16,0.017,0.208,0.552
173,15,YGL050W,4,0.000,0.447,0.444
174,15,YML005W,4,0.000,0.447,0.444
175,15,YOR274W,0,0.000,0.000,0.000
176,15,YDR140W,0,0.000,0.000,0.000
177,15,YIL025C,0,0.000,0.000,0.000
178,15,YLR405W,0,0.000,0.000,0.000
179,15,YPL207W,4,0.000,0.447,0.444
180,15,YOL141W,4,0.000,0.447,0.444
181,15,YHR070W,4,0.000,0.447,0.444
182,15,YJL035C,0,0.000,0.000,0.000
183,16,YKL024C,7,0.071,0.360,0.538
184,16,YLR420W,6,0.097,0.320,0.462
185,16,YOR128C,3,0.035,0.109,0.231
186,16,YEL021W,11,0.400,0.468,0.846
187,17,YPR062W,6,0.489,0.508,1.000
188,17,YLR245C,4,0.067,0.411,0.667
189,18,YLR340W,154,0.003,0.084,0.928
190,18,YKR057W,152,0.002,0.084,0.916
191,18,YDR418W,148,0.013,0.083,0.892
192,18,YIL069C,154,0.002,0.085,0.928
193,18,YDR091C,81,0.013,0.043,0.488
194,18,YCR031C,155,0.002,0.085,0.934
195,18,YMR116C,160,0.005,0.086,0.964
196,18,YML026C,156,0.002,0.085,0.940
197,18,YDR447C,155,0.002,0.085,0.934
198,18,YOR167C,154,0.002,0.085,0.928
199,18,YJR123W,159,0.009,0.085,0.958
200,18,YOR293W,155,0.002,0.085,0.934
201,18,YBL072C,157,0.002,0.085,0.946
202,18,YBR181C,155,0.002,0.085,0.934
203,18,YGR214W,156,0.002,0.085,0.940
204,18,YOR369C,157,0.014,0.085,0.946
205,18,YJR145C,157,0.002,0.085,0.946
206,18,YGL123W,159,0.004,0.085,0.958
207,18,YER074W,156,0.002,0.085,0.940
208,18,YDR064W,157,0.002,0.085,0.946
209,18,YBR048W,154,0.002,0.084,0.928
210,18,YHL015W,159,0.003,0.086,0.958
211,18,YOL040C,159,0.003,0.086,0.958
212,18,YNL178W,160,0.005,0.086,0.964
213,18,YHR203C,154,0.002,0.085,0.928
214,18,YJL190C,156,0.002,0.085,0.940
215,18,YER102W,158,0.002,0.086,0.952
216,18,YKL180W,148,0.002,0.083,0.892
217,18,YLR388W,153,0.002,0.084,0.922
218,18,YOR096W,155,0.002,0.085,0.934
219,18,YLR075W,150,0.007,0.083,0.904
220,18,YMR143W,156,0.002,0.085,0.940
221,18,YDL083C,156,0.002,0.085,0.940
222,18,YBR031W,152,0.002,0.084,0.916
223,18,YAL003W,138,0.002,0.078,0.831
224,18,YGR118W,156,0.002,0.085,0.940
225,18,YGR027C,153,0.002,0.084,0.922
226,18,YPR132W,154,0.002,0.085,0.928
227,18,YML024W,157,0.002,0.085,0.946
228,18,YLR264W,155,0.002,0.085,0.934
229,18,YLR441C,158,0.002,0.085,0.952
230,18,YPL090C,156,0.002,0.085,0.940
231,18,YOR063W,154,0.004,0.084,0.928
232,19,YBR118W,0,0.000,1.000,1.000
233,20,YEL050C,70,0.006,0.131,0.843
234,20,YNL005C,70,0.006,0.130,0.843
235,20,YMR158W,72,0.008,0.133,0.867
236,20,YGR165W,65,0.006,0.122,0.783
237,20,YBR146W,74,0.008,0.136,0.892
238,20,YCR046C,70,0.007,0.130,0.843
239,20,YNR037C,71,0.006,0.132,0.855
240,20,YBR251W,75,0.033,0.136,0.904
241,20,YGR220C,71,0.016,0.132,0.855
242,20,YKL170W,66,0.012,0.126,0.795
243,20,YDR337W,74,0.008,0.136,0.892
244,20,YJL063C,71,0.006,0.132,0.855
245,20,YGL129C,73,0.007,0.135,0.880
246,20,YDR494W,31,0.024,0.058,0.373
247,20,YPR100W,65,0.027,0.124,0.783
248,20,YPL183W-A,68,0.007,0.128,0.819
249,20,YPL013C,75,0.010,0.137,0.904
250,20,YBL038W,70,0.007,0.131,0.843
251,20,YKL003C,75,0.009,0.137,0.904
252,20,YNL137C,69,0.007,0.129,0.831
253,20,YHL004W,66,0.007,0.122,0.795
254,21,YER025W,8,0.000,0.333,0.800
255,21,YLR291C,8,0.000,0.333,0.800
256,21,YHR115C,0,0.000,0.000,0.000
257,21,YDR211W,8,0.000,0.333,0.800
258,21,YOR260W,8,0.000,0.333,0.800
259,21,YNL116W,0,0.000,0.000,0.000
260,21,YPL237W,8,0.000,0.333,0.800
261,21,YGR083C,8,0.000,0.333,0.800
262,21,YKR026C,8,0.000,0.333,0.800
263,21,YDR283C,8,0.000,0.333,0.800
264,21,YJR007W,8,0.000,0.333,0.800
265,22,YLL039C,3,0.033,0.557,0.500
266,22,YDR177W,3,0.033,0.557,0.500
267,23,YOR014W,10,0.093,0.230,0.435
268,23,YGL190C,19,0.374,0.315,0.826
269,23,YDL134C,16,0.105,0.319,0.696
270,23,YAL016W,16,0.097,0.324,0.696
271,23,YDR435C,11,0.017,0.265,0.478
272,23,YDL188C,14,0.053,0.299,0.609
273,24,YPR080W,0,0.000,1.000,1.000
274,25,YDR212W,8,0.299,0.355,0.571
275,25,YML094W,8,0.183,0.382,0.571
276,25,YJL008C,6,0.070,0.259,0.429
277,25,YLR200W,8,0.207,0.354,0.571
278,26,Q0250,36,0.032,0.183,0.621
279,26,Q0120,31,0.017,0.163,0.534
280,26,Q0105,39,0.044,0.195,0.672
281,26,YGL187C,35,0.016,0.188,0.603
282,26,YDR529C,38,0.024,0.199,0.655
283,26,YHR051W,35,0.035,0.180,0.603
284,26,YKL148C,21,0.020,0.110,0.362
285,26,Q0275,32,0.021,0.170,0.552
286,26,YLL041C,26,0.035,0.140,0.448
287,26,YPR191W,40,0.025,0.204,0.690
288,26,YJL166W,39,0.036,0.201,0.672
289,26,YBL045C,38,0.033,0.194,0.655
290,26,YOR065W,40,0.040,0.202,0.690
291,26,YLR038C,32,0.024,0.178,0.552
292,26,YEL024W,41,0.083,0.203,0.707
293,27,YER141W,1,0.000,0.707,0.500
294,27,YDR305C,0,0.000,0.000,0.000
295,27,YPL172C,1,0.000,0.707,0.500
296,28,YFL036W,2,0.000,0.577,1.000
297,28,YLR067C,2,0.000,0.577,1.000
298,28,YDL044C,2,0.000,0.577,1.000
299,29,YIL157C,4,0.000,0.426,0.500
300,29,YBR037C,0,0.000,0.000,0.000
301,29,YBR024W,1,0.000,0.113,0.125
302,29,YLR203C,5,0.214,0.446,0.625
303,29,YGR021W,1,0.000,0.108,0.125
304,29,YPL189C-A,1,0.000,0.113,0.125
305,29,YJL062W-A,4,0.000,0.426,0.500
306,29,YML129C,4,0.000,0.426,0.500
307,29,YGR112W,6,0.393,0.469,0.750
308,30,YKL016C,22,0.016,0.239,0.733
309,30,YPL078C,23,0.021,0.245,0.767
310,30,YPL271W,23,0.021,0.245,0.767
311,30,YJR121W,24,0.051,0.246,0.800
312,30,YDL185W,18,0.068,0.188,0.600
313,30,YBL099W,23,0.043,0.240,0.767
314,30,YDL004W,22,0.018,0.237,0.733
315,30,YDR298C,22,0.016,0.239,0.733
316,30,YLR295C,16,0.061,0.172,0.533
317,31,Q0110,0,0.000,1.000,1.000
318,32,Q0115,1,0.000,0.707,1.000
319,32,Q0075,1,0.000,0.707,1.000
320,33,YLL018C-A,14,0.034,0.294,0.824
321,33,YBL059C-A,10,0.111,0.213,0.588
322,33,YLL009C,14,0.034,0.294,0.824
323,33,YEL020W-A,14,0.034,0.294,0.824
324,33,YKL195W,15,0.144,0.295,0.882
325,34,YDR197W,0,0.000,1.000,1.000
326,35,YPL215W,0,0.000,1.000,1.000
327,36,YOR266W,1,0.000,0.707,1.000
328,36,YGR062C,1,0.000,0.707,1.000
329,37,YDR231C,0,0.000,1.000,1.000
330,38,YDR296W,0,0.000,1.000,1.000
331,39,YKL211C,20,0.395,0.425,0.909
332,39,YIL116W,9,0.053,0.227,0.409
333,39,YGL148W,9,0.017,0.222,0.409
334,39,YGL026C,15,0.116,0.364,0.682
335,39,YCL030C,9,0.047,0.247,0.409
336,39,YPR060C,10,0.027,0.238,0.455
337,40,YLR357W,20,0.014,0.239,0.769
338,40,YMR033W,26,0.172,0.262,1.000
339,40,YPR034W,25,0.095,0.261,0.962
340,40,YGR056W,20,0.014,0.239,0.769
341,40,YGR275W,24,0.059,0.260,0.923
342,40,YOR290C,15,0.011,0.159,0.577
343,40,YJL176C,15,0.011,0.159,0.577
344,41,YCR053W,0,0.000,1.000,1.000
345,42,YLR277C,18,0.006,0.239,0.474
346,42,YER133W,32,0.517,0.238,0.842
347,42,YLR115W,18,0.006,0.239,0.474
348,42,YGL044C,18,0.006,0.239,0.474
349,42,YLR433C,7,0.016,0.021,0.184
350,42,YOR178C,10,0.015,0.024,0.263
351,42,YKL059C,18,0.006,0.239,0.474
352,42,YPR107C,18,0.006,0.239,0.474
353,42,YML057W,8,0.019,0.022,0.211
354,42,YDR301W,18,0.006,0.239,0.474
355,42,YKL190W,6,0.014,0.020,0.158
356,42,YKL193C,12,0.028,0.026,0.316
357,42,YDR228C,18,0.006,0.239,0.474
358,42,YAL043C,18,0.006,0.239,0.474
359,43,YPL138C,6,0.000,0.378,0.857
360,43,YLR015W,6,0.000,0.378,0.857
361,43,YDR469W,6,0.000,0.378,0.857
362,43,YBR175W,6,0.000,0.378,0.857
363,43,YAR003W,6,0.000,0.378,0.857
364,43,YPL165C,0,0.000,0.000,0.000
365,43,YHR119W,6,0.000,0.378,0.857
366,43,YBR258C,6,0.000,0.378,0.857
367,44,YOR159C,76,0.017,0.154,0.784
368,44,YMR240C,69,0.010,0.144,0.711
369,44,YER029C,77,0.019,0.154,0.794
370,44,YKL173W,78,0.031,0.155,0.804
371,44,YLR147C,79,0.019,0.159,0.814
372,44,YKR086W,41,0.021,0.087,0.423
373,44,YLR275W,79,0.018,0.159,0.814
374,44,YOR308C,65,0.020,0.130,0.670
375,44,YMR288W,73,0.013,0.151,0.753
376,44,YLR117C,69,0.016,0.141,0.711
377,44,YER172C,73,0.019,0.148,0.753
378,44,YFL017W-A,80,0.020,0.160,0.825
379,44,YDL043C,71,0.011,0.148,0.732
380,44,YPL213W,79,0.028,0.158,0.814
381,44,YDR243C,48,0.010,0.095,0.495
382,44,YHR165C,74,0.020,0.149,0.763
383,44,YBR119W,33,0.012,0.072,0.340
384,44,YMR213W,62,0.031,0.126,0.639
385,44,YML049C,69,0.010,0.144,0.711
386,44,YGR074W,71,0.032,0.145,0.732
387,44,YDR364C,55,0.028,0.118,0.567
388,44,YPR182W,79,0.018,0.159,0.814
389,44,YDL209C,52,0.012,0.112,0.536
390,44,YHR086W,34,0.011,0.077,0.351
391,44,YLL036C,58,0.017,0.123,0.598
392,45,YGR208W,1,0.000,0.707,1.000
393,45,YOR184W,1,0.000,0.707,1.000
394,46,YNR004W,0,0.000,0.000,0.000
395,46,YPL178W,1,0.000,0.707,0.500
396,46,YMR125W,1,0.000,0.707,0.500
397,47,YPL167C,22,0.041,0.141,0.338
398,47,YBR136W,35,0.032,0.212,0.538
399,47,YOR033C,35,0.044,0.217,0.538
400,47,YJL092W,30,0.027,0.184,0.462
401,47,YHR164C,25,0.020,0.161,0.385
402,47,YBL088C,20,0.022,0.127,0.308
403,47,YCR066W,17,0.039,0.099,0.262
404,47,YMR224C,16,0.018,0.116,0.246
405,47,YBR088C,25,0.018,0.157,0.385
406,47,YML032C,41,0.043,0.246,0.631
407,47,YER095W,45,0.089,0.256,0.692
408,47,YAR007C,31,0.054,0.188,0.477
409,47,YMR190C,47,0.110,0.257,0.723
410,47,YPL022W,32,0.052,0.189,0.492
411,47,YOL090W,20,0.024,0.117,0.308
412,47,YDR386W,35,0.046,0.204,0.538
413,47,YDR217C,27,0.035,0.166,0.415
414,48,YIR001C,0,0.000,0.707,0.000
415,48,YMR061W,0,0.000,0.707,0.000
416,49,YOR048C,1,0.000,0.707,0.500
417,49,YKR063C,0,0.000,0.000,0.000
418,49,YGL246C,1,0.000,0.707,0.500
419,50,YLR142W,7,0.321,0.399,0.875
420,50,YHR037W,7,0.155,0.422,0.875
421,50,YLR438W,6,0.048,0.399,0.750
422,50,YOR323C,6,0.048,0.399,0.750
423,51,YDL212W,0,0.000,0.000,0.000
424,51,YER125W,15,0.505,0.575,0.750
425,51,YOR322C,8,0.113,0.425,0.400
426,51,YKR021W,3,0.000,0.252,0.150
427,51,YML111W,2,0.000,0.174,0.100
428,51,YGR055W,1,0.000,0.085,0.050
429,51,YMR171C,1,0.000,0.116,0.050
430,51,YPR030W,1,0.000,0.116,0.050
431,51,YPL176C,1,0.000,0.116,0.050
432,51,YBL101C,2,0.000,0.201,0.100
433,51,YMR275C,3,0.000,0.259,0.150
434,51,YBR021W,1,0.000,0.116,0.050
435,51,YJL084C,4,0.008,0.288,0.200
436,51,YDR525W-A,0,0.000,0.000,0.000
437,51,YGR068C,1,0.000,0.116,0.050
438,51,YOR138C,1,0.000,0.116,0.050
439,51,YFR022W,2,0.000,0.201,0.100
440,51,YLR392C,1,0.000,0.116,0.050
441,51,YOR018W,3,0.000,0.252,0.150
442,51,YDL122W,0,0.000,0.000,0.000
443,51,YNR051C,0,0.000,0.000,0.000
444,52,YDR457W,0,0.000,0.000,0.000
445,52,YDL074C,1,0.000,0.707,0.250
446,52,YGL058W,1,0.000,0.707,0.250
447,52,YDL020C,0,0.000,0.000,0.000
448,52,YGL017W,0,0.000,0.000,0.000
449,53,YER151C,0,0.000,1.000,1.000
450,54,YAL058W,18,0.077,0.256,0.409
451,54,YJL034W,27,0.295,0.264,0.614
452,54,YER087C-B,15,0.022,0.249,0.341
453,54,YKL073W,13,0.027,0.180,0.295
454,54,YER019C-A,15,0.028,0.250,0.341
455,54,YEL002C,18,0.075,0.284,0.409
456,54,YOR085W,13,0.014,0.203,0.295
457,54,YML130C,10,0.048,0.094,0.227
458,54,YGR284C,9,0.011,0.136,0.205
459,54,YCL043C,17,0.116,0.182,0.386
460,54,YLR378C,22,0.098,0.327,0.500
461,54,YOR254C,14,0.020,0.214,0.318
462,55,YML124C,7,0.024,0.340,0.700
463,55,YOR265W,8,0.032,0.378,0.800
464,55,YOR349W,8,0.032,0.378,0.800
465,56,YLR243W,0,0.000,0.707,0.000
466,56,YOR262W,0,0.000,0.707,0.000
467,57,YKL008C,12,0.100,0.343,0.857
468,57,YOR171C,10,0.036,0.318,0.714
469,57,YDR297W,11,0.067,0.330,0.786
470,57,YLR260W,10,0.036,0.318,0.714
471,57,YHL003C,12,0.100,0.343,0.857
472,58,YDL114W,0,0.000,1.000,1.000
473,59,YOR109W,7,0.001,0.322,0.389
474,59,YNL106C,7,0.001,0.322,0.389
475,59,YPL145C,3,0.003,0.118,0.167
476,59,YKL212W,15,0.449,0.437,0.833
477,59,YNL267W,8,0.021,0.336,0.444
478,59,YJL100W,7,0.001,0.322,0.389
479,59,YPL268W,7,0.001,0.322,0.389
480,60,YBR283C,0,0.000,1.000,1.000
481,61,YIR037W,1,0.000,0.707,0.500
482,61,YML007W,1,0.000,0.707,0.500
483,61,YML116W,0,0.000,0.000,0.000
484,62,YLR397C,18,0.032,0.054,0.209
485,62,YGR253C,40,0.008,0.157,0.465
486,62,YGR232W,24,0.022,0.094,0.279
487,62,YOR117W,44,0.015,0.169,0.512
488,62,YGR135W,42,0.028,0.162,0.488
489,62,YGR048W,23,0.031,0.026,0.267
490,62,YDL126C,52,0.327,0.120,0.605
491,62,YKL145W,43,0.010,0.168,0.500
492,62,YDR333C,5,0.021,0.004,0.058
493,62,YFR010W,40,0.022,0.156,0.465
494,62,YDR394W,43,0.013,0.166,0.500
495,62,YOR259C,43,0.010,0.168,0.500
496,62,YBR170C,20,0.018,0.011,0.233
497,62,YDL007W,44,0.018,0.169,0.512
498,62,YOL013C,13,0.021,0.005,0.151
499,62,YLR207W,12,0.011,0.005,0.140
500,62,YOL038W,39,0.012,0.156,0.453
501,62,YHR200W,46,0.044,0.170,0.535
502,62,YBR173C,28,0.018,0.104,0.326
503,62,YOR362C,40,0.009,0.161,0.465
504,62,YMR022W,11,0.010,0.005,0.128
505,62,YEL037C,23,0.011,0.084,0.267
506,63,YLR024C,0,0.000,1.000,1.000
507,64,YKL203C,10,0.027,0.328,0.714
508,64,YHR186C,10,0.027,0.328,0.714
509,64,YOL078W,9,0.001,0.316,0.643
510,64,YJR066W,10,0.027,0.328,0.714
511,64,YMR068W,9,0.001,0.316,0.643
512,64,YNL006W,9,0.001,0.316,0.643
513,64,YER093C,9,0.001,0.316,0.643
514,64,YJL058C,9,0.001,0.316,0.643
515,65,YBL105C,0,0.000,0.577,0.000
516,65,YGR229C,0,0.000,0.577,0.000
517,65,YER155C,0,0.000,0.577,0.000
518,66,YNL270C,2,0.000,0.577,1.000
519,66,YCR021C,2,0.000,0.577,1.000
520,66,YCR027C,2,0.000,0.577,1.000
521,67,YDL047W,0,0.000,1.000,1.000
522,68,YGL073W,0,0.000,0.500,0.000
523,68,YGR249W,0,0.000,0.500,0.000
524,68,YJR147W,0,0.000,0.500,0.000
525,68,YHR206W,0,0.000,0.500,0.000
526,69,YGL180W,17,0.080,0.337,0.607
527,69,YPL149W,12,0.023,0.272,0.429
528,69,YPR049C,16,0.095,0.304,0.571
529,69,YBL078C,19,0.278,0.304,0.679
530,69,YDL149W,15,0.048,0.308,0.536
531,69,YNL223W,11,0.013,0.257,0.393
532,69,YOL082W,12,0.075,0.224,0.429
533,69,YIL146C,6,0.020,0.120,0.214
534,70,YGR163W,4,0.167,0.510,1.000
535,70,YML121W,4,0.167,0.510,1.000
536,71,YKL126W,0,0.000,0.707,0.000
537,71,YHR205W,0,0.000,0.707,0.000
538,72,YIL105C,0,0.000,1.000,1.000
539,73,YGR162W,5,0.078,0.473,0.833
540,73,YOL139C,5,0.078,0.473,0.833
541,74,YMR104C,0,0.000,1.000,1.000
542,75,YOR005C,6,0.048,0.403,0.857
543,75,YMR156C,5,0.286,0.302,0.714
544,75,YMR284W,6,0.048,0.403,0.857
545,75,YCR014C,6,0.048,0.403,0.857
546,75,YMR106C,6,0.048,0.403,0.857
547,76,YNL135C,0,0.000,1.000,1.000
548,77,YGR040W,14,0.078,0.311,0.350
549,77,YLR362W,7,0.025,0.193,0.175
550,77,YDL159W,9,0.072,0.221,0.225
551,77,YHR030C,12,0.038,0.269,0.300
552,77,YNL167C,9,0.044,0.232,0.225
553,77,YOR231W,9,0.024,0.186,0.225
554,77,YLL043W,4,0.043,0.042,0.100
555,77,YOR208W,9,0.044,0.245,0.225
556,77,YLR113W,18,0.308,0.279,0.450
557,77,YBL016W,15,0.094,0.319,0.375
558,77,YJL128C,11,0.057,0.290,0.275
559,78,YNR056C,6,0.222,0.486,0.857
560,78,YGR286C,4,0.286,0.331,0.571
561,78,YNR058W,6,0.222,0.486,0.857
562,79,YDR047W,6,0.000,0.376,0.750
563,79,YDL205C,6,0.000,0.376,0.750
564,79,YDR232W,6,0.000,0.376,0.750
565,79,YOR278W,6,0.000,0.376,0.750
566,79,YLR205C,1,0.000,0.064,0.125
567,79,YDL119C,0,0.000,0.000,0.000
568,79,YGL040C,6,0.000,0.376,0.750
569,79,YOR176W,6,0.000,0.376,0.750
570,79,YDR044W,7,0.214,0.385,0.875
571,80,YHR122W,7,0.014,0.373,0.875
572,80,YIL003W,7,0.014,0.373,0.875
573,80,YNL240C,7,0.014,0.373,0.875
574,80,YIL128W,7,0.014,0.373,0.875
575,80,YGL091C,7,0.014,0.373,0.875
576,81,YJL025W,7,0.036,0.381,1.000
577,81,YLR141W,7,0.036,0.381,1.000
578,81,YBL014C,7,0.036,0.381,1.000
579,81,YML043C,7,0.036,0.381,1.000
580,82,YFL021W,0,0.000,0.577,0.000
581,82,YDL106C,0,0.000,0.577,0.000
582,82,YEL009C,0,0.000,0.577,0.000
583,83,YNL189W,12,0.025,0.239,0.600
584,83,YMR308C,13,0.019,0.269,0.650
585,83,YER110C,13,0.019,0.269,0.650
586,83,YLR347C,17,0.071,0.324,0.850
587,83,YLR293C,18,0.190,0.318,0.900
588,83,YBR017C,14,0.028,0.285,0.700
589,83,YOR185C,12,0.041,0.225,0.600
590,84,YML051W,6,0.033,0.405,1.000
591,84,YBR020W,6,0.033,0.405,1.000
592,84,YBR019C,6,0.033,0.405,1.000
593,84,YDR009W,6,0.033,0.405,1.000
594,85,YBL091C,1,0.000,0.707,1.000
595,85,YLR244C,1,0.000,0.707,1.000
596,86,YPR051W,7,0.059,0.391,0.583
597,86,YEL053C,7,0.059,0.391,0.583
598,86,YPL051W,4,0.121,0.191,0.333
599,86,YOR253W,7,0.056,0.381,0.583
600,86,YHR013C,7,0.056,0.381,0.583
601,87,YDR152W,5,0.286,0.554,0.714
602,87,YGL195W,4,0.262,0.428,0.571
603,88,YGR106C,8,0.037,0.358,0.800
604,88,YOR270C,10,0.393,0.372,1.000
605,88,YLR447C,8,0.037,0.358,0.800
606,89,YJL180C,0,0.000,0.707,0.000
607,89,YLR393W,0,0.000,0.707,0.000
608,90,YER154W,1,0.000,0.707,1.000
609,90,YOL027C,1,0.000,0.707,1.000
610,91,YGR175C,22,0.036,0.261,0.846
611,91,YHR072W,21,0.026,0.255,0.808
612,91,YGR060W,20,0.022,0.244,0.769
613,91,YHR007C,22,0.174,0.239,0.846
614,91,YML126C,21,0.032,0.249,0.808
615,91,YMR015C,15,0.027,0.184,0.577
616,91,YHR190W,23,0.044,0.268,0.885
617,92,YDL193W,5,0.048,0.272,0.455
618,92,YMR101C,5,0.048,0.272,0.455
619,92,YBR002C,5,0.048,0.272,0.455
620,92,YKL019W,9,0.298,0.451,0.818
621,92,YDL090C,8,0.248,0.406,0.727
622,93,YOL096C,10,0.145,0.325,0.769
623,93,YOR125C,10,0.051,0.332,0.769
624,93,YNR041C,9,0.034,0.305,0.692
625,93,YGR255C,10,0.145,0.325,0.769
626,93,YGL119W,9,0.034,0.305,0.692
627,94,YPL020C,10,0.134,0.296,0.625
628,94,YDR510W,12,0.107,0.346,0.750
629,94,YOR156C,10,0.134,0.296,0.625
630,94,YDL064W,11,0.067,0.329,0.688
631,94,YEL019C,13,0.219,0.351,0.812
632,95,YJL039C,29,0.010,0.198,0.518
633,95,YDR192C,25,0.022,0.167,0.446
634,95,YDL207W,27,0.032,0.180,0.482
635,95,YGL100W,32,0.095,0.185,0.571
636,95,YLR208W,32,0.241,0.145,0.571
637,95,YGR119C,29,0.010,0.199,0.518
638,95,YDL116W,29,0.010,0.196,0.518
639,95,YFR002W,31,0.013,0.207,0.554
640,95,YJL041W,29,0.024,0.190,0.518
641,95,YKR082W,32,0.017,0.210,0.571
642,95,YGL092W,30,0.012,0.203,0.536
643,95,YER107C,27,0.009,0.187,0.482
644,95,YBL079W,29,0.019,0.196,0.518
645,95,YOR098C,31,0.013,0.207,0.554
646,95,YLR335W,31,0.027,0.202,0.554
647,96,YBR082C,0,0.000,1.000,1.000
648,97,YDR451C,3,0.050,0.470,0.600
649,97,YMR043W,4,0.200,0.559,0.800
650,97,YML027W,3,0.050,0.470,0.600
651,98,YJL074C,11,0.073,0.336,1.000
652,98,YIL026C,11,0.073,0.336,1.000
653,98,YFL008W,10,0.052,0.315,0.909
654,99,YJL141C,0,0.000,1.000,1.000
655,100,YNL330C,23,0.130,0.255,0.852
656,100,YCR033W,19,0.054,0.213,0.704
657,100,YER088C,13,0.037,0.165,0.481
658,100,YGL194C,20,0.064,0.223,0.741
659,100,YOL004W,21,0.069,0.240,0.778
660,100,YKR029C,19,0.047,0.226,0.704
661,100,YBL054W,14,0.036,0.177,0.519
662,101,YKL210W,0,0.000,0.707,0.000
663,101,YGL087C,0,0.000,0.707,0.000
664,102,YHL022C,16,0.436,0.409,0.842
665,102,YIL073C,8,0.042,0.262,0.421
666,102,YDL154W,10,0.047,0.334,0.526
667,102,YDR285W,8,0.097,0.230,0.421
668,102,YFL003C,11,0.066,0.360,0.579
669,103,YPR019W,54,0.035,0.196,0.900
670,103,YJL194W,46,0.016,0.177,0.767
671,103,YPR135W,42,0.027,0.161,0.700
672,103,YLR103C,48,0.019,0.183,0.800
673,103,YBL023C,52,0.028,0.191,0.867
674,103,YGL201C,48,0.018,0.184,0.800
675,103,YMR078C,31,0.014,0.119,0.517
676,103,YMR048W,34,0.014,0.136,0.567
677,103,YNL102W,48,0.031,0.175,0.800
678,103,YBR202W,54,0.033,0.196,0.900
679,103,YEL032W,54,0.033,0.196,0.900
680,103,YIR008C,41,0.014,0.162,0.683
681,103,YBL035C,45,0.022,0.171,0.750
682,103,YLR274W,54,0.033,0.196,0.900
683,103,YNL273W,32,0.015,0.122,0.533
684,103,YNL262W,46,0.023,0.174,0.767
685,104,YLR215C,0,0.000,0.707,0.000
686,104,YDR092W,0,0.000,0.707,0.000
687,105,YDR314C,0,0.000,1.000,1.000
688,106,YDR295C,2,0.000,0.577,1.000
689,106,YPR179C,2,0.000,0.577,1.000
690,106,YNL021W,2,0.000,0.577,1.000
691,107,YDL160C,4,0.600,0.533,0.800
692,107,YGR178C,3,0.150,0.469,0.600
693,107,YHR121W,3,0.150,0.469,0.600
694,108,YLR027C,9,0.137,0.373,0.692
695,108,YGR124W,5,0.006,0.216,0.385
696,108,YKL106W,10,0.207,0.399,0.769
697,108,YOL058W,6,0.021,0.237,0.462
698,108,YPR145W,5,0.006,0.216,0.385
699,109,YDR050C,17,0.028,0.260,0.895
700,109,YKL152C,18,0.030,0.273,0.947
701,109,YHR174W,16,0.025,0.247,0.842
702,109,YBR196C,18,0.030,0.273,0.947
703,109,YGR254W,16,0.025,0.247,0.842
704,109,YCR012W,18,0.036,0.270,0.947
705,110,YGL196W,0,0.000,0.000,0.000
706,110,YEL046C,1,0.000,0.707,0.333
707,110,YPR002W,0,0.000,0.000,0.000
708,110,YFL030W,1,0.000,0.707,0.333
709,111,YHR018C,7,0.065,0.410,0.875
710,111,YMR062C,7,0.065,0.410,0.875
711,111,YER069W,7,0.065,0.410,0.875
712,112,YPL262W,1,0.000,0.707,1.000
713,112,YDL078C,1,0.000,0.707,1.000
714,113,YMR300C,0,0.000,1.000,1.000
715,114,YGL237C,3,0.000,0.500,1.000
716,114,YOR358W,3,0.000,0.500,1.000
717,114,YKL109W,3,0.000,0.500,1.000
718,114,YBL021C,3,0.000,0.500,1.000
719,115,YMR292W,0,0.000,0.577,0.000
720,115,YIR028W,0,0.000,0.577,0.000
721,115,YBR208C,0,0.000,0.577,0.000
722,116,YER176W,0,0.000,0.000,0.000
723,116,YGL173C,2,0.000,0.577,0.667
724,116,YNL118C,2,0.000,0.577,0.667
725,116,YMR080C,2,0.000,0.577,0.667
726,117,YKR069W,7,0.015,0.354,0.583
727,117,YPR167C,8,0.043,0.375,0.667
728,117,YFR030W,7,0.015,0.354,0.583
729,117,YJR137C,7,0.015,0.354,0.583
730,117,YJR010W,10,0.414,0.364,0.833
731,117,YKL001C,8,0.043,0.375,0.667
732,118,YJR060W,4,0.056,0.479,1.000
733,118,YNL103W,4,0.056,0.479,1.000
734,118,YIR017C,4,0.056,0.479,1.000
735,119,YGL184C,10,0.013,0.289,0.625
736,119,YER091C,13,0.112,0.316,0.812
737,119,YAL012W,13,0.076,0.331,0.812
738,119,YER043C,13,0.185,0.315,0.812
739,119,YGR155W,10,0.013,0.289,0.625
740,119,YJR130C,11,0.035,0.299,0.688
741,120,YLR092W,0,0.000,1.000,1.000
742,121,YIL099W,0,0.000,0.000,0.000
743,121,YIL162W,1,0.000,0.707,0.333
744,121,YGR289C,0,0.000,0.000,0.000
745,121,YLR300W,1,0.000,0.707,0.333
746,122,YOL157C,0,0.000,0.000,0.000
747,122,YIL172C,0,0.000,0.000,0.000
748,122,YBR297W,3,0.000,0.439,0.375
749,122,YBR299W,4,0.036,0.510,0.500
750,122,YGR292W,4,0.036,0.510,0.500
751,122,YJL216C,0,0.000,0.000,0.000
752,122,YGR287C,0,0.000,0.000,0.000
753,122,YBR298C,3,0.000,0.439,0.375
754,122,YGR288W,2,0.000,0.307,0.250
755,123,YMR099C,5,0.019,0.429,0.556
756,123,YFR053C,7,0.296,0.477,0.778
757,123,YCL040W,5,0.019,0.429,0.556
758,124,YML100W,23,0.027,0.212,0.329
759,124,YOL052C-A,20,0.029,0.187,0.286
760,124,YGR248W,34,0.051,0.269,0.486
761,124,YOR173W,32,0.042,0.256,0.457
762,124,YDL204W,18,0.012,0.173,0.257
763,124,YMR105C,31,0.070,0.247,0.443
764,124,YLR178C,33,0.067,0.263,0.471
765,124,YGL037C,17,0.010,0.175,0.243
766,124,YBR126C,17,0.011,0.161,0.243
767,124,YEL011W,21,0.026,0.186,0.300
768,124,YML128C,38,0.105,0.281,0.543
769,124,YMR250W,38,0.140,0.277,0.543
770,124,YDR074W,17,0.014,0.163,0.243
771,124,YDR001C,14,0.012,0.125,0.200
772,124,YFL014W,10,0.008,0.111,0.143
773,124,YIL136W,17,0.029,0.170,0.243
774,124,YMR169C,16,0.008,0.157,0.229
775,124,YPR184W,12,0.010,0.127,0.171
776,125,YGR044C,0,0.000,0.577,0.000
777,125,YOR279C,0,0.000,0.577,0.000
778,125,YJL106W,0,0.000,0.577,0.000
779,126,YHL012W,8,0.118,0.416,0.727
780,126,YKL035W,10,0.464,0.438,0.909
781,126,YFR015C,7,0.191,0.375,0.636
782,127,YJL085W,12,0.010,0.277,0.545
783,127,YGR009C,13,0.077,0.285,0.591
784,127,YFL005W,16,0.246,0.293,0.727
785,127,YGL233W,13,0.013,0.295,0.591
786,127,YBR102C,12,0.010,0.277,0.545
787,127,YNL272C,10,0.021,0.227,0.455
788,127,YPR055W,13,0.013,0.295,0.591
789,128,YOR336W,3,0.024,0.400,0.429
790,128,YGL027C,5,0.214,0.566,0.714
791,128,YPR159W,3,0.024,0.424,0.429
792,128,YFR042W,3,0.024,0.400,0.429
793,129,YIL109C,2,0.000,0.577,1.000
794,129,YHR098C,2,0.000,0.577,1.000
795,129,YNL049C,2,0.000,0.577,1.000
796,130,YDL145C,11,0.014,0.309,0.440
797,130,YER122C,10,0.016,0.278,0.400
798,130,YDL192W,17,0.220,0.358,0.680
799,130,YDR238C,12,0.029,0.328,0.480
800,130,YNL287W,12,0.022,0.333,0.480
801,130,YDL137W,11,0.086,0.250,0.440
802,130,YEL022W,9,0.019,0.232,0.360
803,131,YDR407C,13,0.012,0.290,0.591
804,131,YER031C,7,0.017,0.147,0.318
805,131,YFL038C,16,0.324,0.267,0.727
806,131,YKR068C,14,0.026,0.297,0.636
807,131,YOR115C,13,0.012,0.290,0.591
808,131,YFL027C,3,0.078,0.026,0.136
809,131,YML077W,13,0.019,0.286,0.591
810,131,YMR218C,13,0.012,0.290,0.591
811,132,YPL227C,10,0.055,0.292,0.556
812,132,YBR243C,10,0.074,0.283,0.556
813,132,YPR183W,8,0.027,0.221,0.444
814,132,YNL048W,10,0.095,0.300,0.556
815,132,YBR110W,11,0.023,0.349,0.611
816,133,YEL061C,10,0.024,0.326,0.625
817,133,YER016W,11,0.040,0.345,0.688
818,133,YLR045C,12,0.149,0.350,0.750
819,133,YKR054C,11,0.172,0.311,0.688
820,133,YPL269W,6,0.027,0.187,0.375
821,134,YGL116W,26,0.063,0.279,0.456
822,134,YJL187C,16,0.027,0.185,0.281
823,134,YGL003C,20,0.048,0.226,0.351
824,134,YFL029C,7,0.033,0.090,0.123
825,134,YLR182W,13,0.025,0.085,0.228
826,134,YBR160W,39,0.301,0.335,0.684
827,134,YER111C,13,0.015,0.096,0.228
828,134,YPR119W,22,0.059,0.237,0.386
829,134,YAL040C,12,0.026,0.113,0.211
830,134,YBR135W,22,0.069,0.234,0.386
831,134,YPL031C,20,0.062,0.171,0.351
832,134,YOL001W,13,0.015,0.106,0.228
833,134,YPL209C,13,0.035,0.146,0.228
834,134,YMR036C,15,0.053,0.164,0.263
835,134,YGR108W,17,0.022,0.200,0.298
836,135,YDR121W,1,0.000,0.707,0.500
837,135,YOL017W,0,0.000,0.000,0.000
838,135,YJL065C,1,0.000,0.707,0.500
839,136,YJL026W,4,0.000,0.447,0.800
840,136,YER070W,4,0.000,0.447,0.800
841,136,YIL066C,4,0.000,0.447,0.800
842,136,YLR437C,0,0.000,0.000,0.000
843,136,YJR057W,4,0.000,0.447,0.800
844,136,YGR180C,4,0.000,0.447,0.800
845,137,YFR028C,14,0.262,0.345,0.824
846,137,YML064C,12,0.073,0.349,0.706
847,137,YAL024C,10,0.046,0.304,0.588
848,137,YAR019C,11,0.044,0.331,0.647
849,137,YJL076W,7,0.046,0.175,0.412
850,138,YOL069W,9,0.020,0.101,0.265
851,138,YLR381W,16,0.024,0.230,0.471
852,138,YKL052C,13,0.035,0.137,0.382
853,138,YIR010W,24,0.158,0.280,0.706
854,138,YBR211C,18,0.031,0.245,0.529
855,138,YBR107C,23,0.130,0.284,0.676
856,138,YPR046W,15,0.021,0.220,0.441
857,138,YAL034W-A,16,0.029,0.197,0.471
858,138,YDR254W,24,0.136,0.297,0.706
859,139,YBR263W,11,0.036,0.294,0.688
860,139,YAL044C,9,0.118,0.226,0.562
861,139,YDR019C,12,0.037,0.323,0.750
862,139,YLR058C,12,0.048,0.312,0.750
863,139,YKR080W,12,0.033,0.322,0.750
864,140,YDL042C,1,0.000,0.707,0.500
865,140,YLR442C,1,0.000,0.707,0.500
866,140,YDR191W,0,0.000,0.000,0.000
867,141,YOR120W,7,0.157,0.364,0.700
868,141,YIL053W,6,0.076,0.355,0.600
869,141,YER062C,6,0.076,0.355,0.600
870,141,YHL032C,6,0.078,0.333,0.600
871,142,YOR136W,11,0.045,0.309,0.846
872,142,YIL125W,12,0.064,0.330,0.923
873,142,YPR001W,10,0.055,0.289,0.769
874,142,YNL037C,11,0.045,0.309,0.846
875,142,YLR304C,13,0.154,0.337,1.000
876,143,YOR187W,0,0.000,1.000,1.000
877,144,YER178W,6,0.164,0.405,0.545
878,144,YBR221C,6,0.073,0.436,0.545
879,144,YDR148C,6,0.082,0.436,0.545
880,145,YJL102W,0,0.000,0.000,0.000
881,145,YKR087C,1,0.000,0.707,0.500
882,145,YGR101W,1,0.000,0.707,0.500
883,146,YMR241W,0,0.000,0.707,0.000
884,146,YJR077C,0,0.000,0.707,0.000
885,147,YNL070W,22,0.030,0.237,0.564
886,147,YOL026C,6,0.049,0.059,0.154
887,147,YJL054W,23,0.035,0.242,0.590
888,147,YGR082W,22,0.026,0.239,0.564
889,147,YNR017W,20,0.036,0.205,0.513
890,147,YPL063W,20,0.040,0.207,0.513
891,147,YNL131W,27,0.060,0.277,0.692
892,147,YNL121C,26,0.111,0.253,0.667
893,147,YAL010C,15,0.052,0.147,0.385
894,147,YMR203W,31,0.158,0.293,0.795
895,148,YOR168W,28,0.085,0.245,0.700
896,148,YLR382C,25,0.042,0.206,0.625
897,148,YPR033C,19,0.062,0.175,0.475
898,148,YIL078W,20,0.022,0.190,0.500
899,148,YOL033W,16,0.064,0.112,0.400
900,148,YGR185C,29,0.048,0.254,0.725
901,148,YGR264C,23,0.023,0.221,0.575
902,148,YDR023W,21,0.028,0.197,0.525
903,148,YBL076C,26,0.045,0.232,0.650
904,148,YPL160W,29,0.047,0.257,0.725
905,148,YDR037W,26,0.032,0.236,0.650
906,149,YDL131W,12,0.101,0.337,0.706
907,149,YAL054C,11,0.048,0.333,0.647
908,149,YDL182W,13,0.184,0.343,0.765
909,149,YER065C,6,0.036,0.136,0.353
910,149,YNL117W,10,0.095,0.289,0.588
911,150,YMR228W,0,0.000,0.577,0.000
912,150,YPL029W,0,0.000,0.577,0.000
913,150,YOR330C,0,0.000,0.577,0.000
914,151,YPR045C,0,0.000,0.000,0.000
915,151,YML011C,0,0.000,0.000,0.000
916,151,YOR257W,1,0.000,0.707,0.333
917,151,YOL072W,1,0.000,0.707,0.333
918,152,YDL084W,10,0.053,0.364,0.833
919,152,YNL139C,10,0.053,0.364,0.833
920,152,YDR138W,10,0.053,0.364,0.833
921,152,YDR381W,12,0.311,0.382,1.000
922,153,YGR258C,5,0.000,0.408,1.000
923,153,YHL006C,5,0.000,0.408,1.000
924,153,YLR376C,5,0.000,0.408,1.000
925,153,YIL132C,5,0.000,0.408,1.000
926,153,YDR078C,5,0.000,0.408,1.000
927,153,YER162C,5,0.000,0.408,1.000
928,154,YKL042W,5,0.100,0.382,0.833
929,154,YDR356W,6,0.183,0.441,1.000
930,155,YJR084W,0,0.000,1.000,1.000
931,156,YLR457C,3,0.083,0.470,0.750
932,156,YPL255W,4,0.333,0.559,1.000
933,156,YLL003W,3,0.083,0.470,0.750
934,157,YER046W,0,0.000,0.000,0.000
935,157,YLL040C,1,0.000,0.707,0.333
936,157,YOR228C,1,0.000,0.707,0.333
937,157,YNL012W,0,0.000,0.000,0.000
938,158,YKL192C,0,0.000,0.707,0.000
939,158,YDR493W,0,0.000,0.707,0.000
940,159,YAL039C,0,0.000,0.707,0.000
941,159,YKL087C,0,0.000,0.707,0.000
942,160,YIR015W,12,0.040,0.290,0.923
943,160,YGR030C,13,0.051,0.310,1.000
944,160,YNL221C,13,0.051,0.310,1.000
945,160,YBR257W,13,0.051,0.310,1.000
946,161,YNL259C,1,0.000,0.707,0.500
947,161,YDR270W,1,0.000,0.707,0.500
948,161,YOR356W,0,0.000,0.000,0.000
949,162,YIL094C,0,0.000,0.577,0.000
950,162,YBR115C,0,0.000,0.577,0.000
951,162,YAR015W,0,0.000,0.577,0.000
952,163,YOL071W,0,0.000,0.707,0.000
953,163,YDR511W,0,0.000,0.707,0.000
954,164,YKL182W,8,0.208,0.445,0.889
955,164,YPL231W,9,0.329,0.480,1.000
956,164,YKL055C,5,0.030,0.336,0.556
957,164,YER061C,5,0.030,0.336,0.556
958,165,YOR100C,0,0.000,0.577,0.000
959,165,YGL080W,0,0.000,0.577,0.000
960,165,YLR327C,0,0.000,0.577,0.000
961,166,YKL088W,6,0.018,0.398,0.750
962,166,YIL083C,6,0.018,0.398,0.750
963,166,YDR196C,8,0.482,0.421,1.000
964,166,YGR277C,6,0.018,0.398,0.750
965,167,YIL134W,3,0.000,0.482,0.750
966,167,YDL045C,4,0.500,0.524,1.000
967,167,YPR073C,1,0.000,0.170,0.250
968,167,YDR236C,3,0.000,0.482,0.750
969,167,YMR178W,3,0.000,0.482,0.750
970,168,YMR150C,0,0.000,0.000,0.000
971,168,YNR045W,1,0.000,0.707,0.500
972,168,YGR222W,1,0.000,0.707,0.500
973,169,YER153C,0,0.000,0.707,0.000
974,169,YMR257C,0,0.000,0.707,0.000
975,170,YGL143C,0,0.000,0.577,0.000
976,170,YOR201C,0,0.000,0.577,0.000
977,170,YHR168W,0,0.000,0.577,0.000
978,171,YOL114C,0,0.000,1.000,1.000
979,172,YBL037W,15,0.077,0.281,0.600
980,172,YPR029C,18,0.120,0.315,0.720
981,172,YPL259C,12,0.034,0.228,0.480
982,172,YGL206C,14,0.030,0.276,0.560
983,172,YOL062C,16,0.067,0.297,0.640
984,172,YDR153C,12,0.027,0.241,0.480
985,172,YJR058C,14,0.026,0.282,0.560
986,173,YCR047C,0,0.000,1.000,1.000
987,174,YGR072W,4,0.100,0.510,0.800
988,174,YHR077C,4,0.100,0.510,0.800
989,175,YGR218W,0,0.000,1.000,1.000
990,176,YJL125C,6,0.044,0.399,0.600
991,176,YDL201W,6,0.044,0.399,0.600
992,176,YDR165W,5,0.178,0.296,0.500
993,176,YBL024W,6,0.044,0.399,0.600
994,176,YOL124C,6,0.044,0.399,0.600
995,176,YDR120C,7,0.333,0.374,0.700
996,177,YOR032C,0,0.000,0.000,0.000
997,177,YPR129W,1,0.000,0.167,0.053
998,177,YER165W,9,0.234,0.611,0.474
999,177,YGL094C,2,0.000,0.229,0.105
1000,177,YOR198C,0,0.000,0.000,0.000
1001,177,YHL034C,1,0.000,0.167,0.053
1002,177,YKR059W,3,0.000,0.367,0.158
1003,177,YPR163C,3,0.000,0.367,0.158
1004,177,YOR286W,1,0.000,0.049,0.053
1005,177,YPL119C,0,0.000,0.000,0.000
1006,177,YKL025C,2,0.000,0.229,0.105
1007,177,YJL138C,3,0.000,0.367,0.158
1008,177,YDR515W,1,0.000,0.167,0.053
1009,177,YOR051C,0,0.000,0.000,0.000
1010,177,YNL085W,0,0.000,0.000,0.000
1011,177,YFR023W,0,0.000,0.000,0.000
1012,177,YLL013C,2,0.053,0.180,0.105
1013,177,YHR015W,0,0.000,0.000,0.000
1014,177,YNL016W,0,0.000,0.000,0.000
1015,177,YGR250C,0,0.000,0.000,0.000
1016,178,YOL132W,0,0.000,0.408,0.000
1017,178,YLR343W,0,0.000,0.408,0.000
1018,178,YMR215W,0,0.000,0.408,0.000
1019,178,YMR307W,0,0.000,0.408,0.000
1020,178,YLR249W,0,0.000,0.408,0.000
1021,178,YOL030W,0,0.000,0.408,0.000
1022,179,YLL019C,0,0.000,0.707,0.000
1023,179,YDR432W,0,0.000,0.707,0.000
1024,180,YHR157W,4,0.000,0.440,0.800
1025,180,YJR021C,5,0.400,0.462,1.000
1026,180,YER044C-A,4,0.000,0.440,0.800
1027,180,YLR329W,4,0.000,0.440,0.800
1028,180,YNL210W,1,0.000,0.114,0.200
1029,180,YMR133W,4,0.000,0.440,0.800
1030,181,YPL157W,0,0.000,1.000,1.000
1031,182,YLR116W,0,0.000,0.707,0.000
1032,182,YKL204W,0,0.000,0.707,0.000
1033,183,YGR102C,2,0.000,0.577,1.000
1034,183,YBL080C,2,0.000,0.577,1.000
1035,183,YMR293C,2,0.000,0.577,1.000
1036,184,YLR124W,0,0.000,0.000,0.000
1037,184,YLR283W,1,0.000,0.707,0.500
1038,184,YLR281C,1,0.000,0.707,0.500
1039,185,YIL114C,0,0.000,0.000,0.000
1040,185,YPL246C,0,0.000,0.000,0.000
1041,185,YBR227C,1,0.000,0.271,0.111
1042,185,YER017C,1,0.000,0.000,0.111
1043,185,YCL044C,2,0.000,0.473,0.222
1044,185,YMR302C,1,0.000,0.271,0.111
1045,185,YKR066C,0,0.000,0.000,0.000
1046,185,YMR115W,2,0.000,0.473,0.222
1047,185,YMR089C,1,0.000,0.000,0.111
1048,185,YPR024W,4,0.139,0.636,0.444
1049,186,YNL123W,3,0.167,0.557,1.000
1050,186,YOR197W,3,0.167,0.557,1.000
1051,187,YKR079C,0,0.000,1.000,1.000
1052,188,YNR074C,0,0.000,0.707,0.000
1053,188,YGR016W,0,0.000,0.707,0.000
1054,189,YFR006W,0,0.000,1.000,1.000
1055,190,YDL210W,0,0.000,0.000,0.000
1056,190,YBR006W,1,0.000,0.707,0.333
1057,190,YIR023W,0,0.000,0.000,0.000
1058,190,YGR019W,1,0.000,0.707,0.333
1059,191,YDR256C,2,0.000,0.577,1.000
1060,191,YGR088W,2,0.000,0.577,1.000
1061,191,YJR104C,2,0.000,0.577,1.000
1062,192,YKL067W,0,0.000,1.000,1.000
1063,193,YEL065W,5,0.179,0.518,0.625
1064,193,YER145C,4,0.179,0.417,0.500
1065,193,YHL040C,4,0.054,0.466,0.500
1066,194,YCR010C,0,0.000,0.707,0.000
1067,194,YLR174W,0,0.000,0.707,0.000
1068,195,YLR451W,0,0.000,0.000,0.000
1069,195,YNL104C,2,0.167,0.707,0.500
1070,195,YLR355C,1,0.000,0.500,0.250
1071,195,YKL120W,0,0.000,0.000,0.000
1072,195,YOR108W,1,0.000,0.500,0.250
1073,196,YDL181W,0,0.000,0.707,0.000
1074,196,YGR008C,0,0.000,0.707,0.000
1075,197,YBR185C,0,0.000,0.707,0.000
1076,197,YDL107W,0,0.000,0.707,0.000
1077,198,YGR209C,11,0.061,0.355,0.688
1078,198,YDR353W,9,0.039,0.293,0.562
1079,198,YML028W,10,0.064,0.316,0.625
1080,198,YPL091W,11,0.079,0.339,0.688
1081,198,YBL064C,9,0.052,0.280,0.562
1082,199,YDR142C,16,0.033,0.224,0.571
1083,199,YDR244W,18,0.021,0.257,0.643
1084,199,YDR329C,17,0.039,0.233,0.607
1085,199,YMR026C,17,0.020,0.245,0.607
1086,199,YOL147C,21,0.082,0.263,0.750
1087,199,YDL065C,19,0.053,0.257,0.679
1088,199,YGL153W,21,0.054,0.273,0.750
1089,199,YLR191W,24,0.127,0.290,0.857
1090,200,YKR009C,10,0.040,0.332,0.667
1091,200,YEL020C,9,0.128,0.295,0.600
1092,200,YML042W,12,0.256,0.349,0.800
1093,200,YGL205W,10,0.040,0.332,0.667
1094,200,YNL202W,11,0.055,0.355,0.733
1095,201,YBL098W,6,0.244,0.462,1.000
1096,201,YJR025C,4,0.067,0.328,0.667
1097,202,YGR257C,2,0.000,0.577,1.000
1098,202,YHR008C,2,0.000,0.577,1.000
1099,202,YHR050W,2,0.000,0.577,1.000
1100,203,YOL067C,3,0.000,0.500,1.000
1101,203,YBL103C,3,0.000,0.500,1.000
1102,203,YNL076W,3,0.000,0.500,1.000
1103,203,YGL252C,3,0.000,0.500,1.000
1104,204,YCL018W,0,0.000,1.000,1.000
1105,205,YBR112C,1,0.000,0.707,0.333
1106,205,YDR277C,0,0.000,0.000,0.000
1107,205,YLR228C,0,0.000,0.000,0.000
1108,205,YPR065W,1,0.000,0.707,0.333
1109,206,YLL001W,6,0.024,0.402,0.857
1110,206,YBR179C,7,0.310,0.413,1.000
1111,206,YOR211C,6,0.024,0.402,0.857
1112,206,YIL065C,6,0.024,0.402,0.857
1113,207,YNL141W,10,0.074,0.220,0.455
1114,207,YML035C,14,0.071,0.317,0.636
1115,207,YLR359W,14,0.073,0.304,0.636
1116,207,YML022W,14,0.066,0.302,0.636
1117,207,YDR441C,14,0.066,0.302,0.636
1118,207,YDR399W,14,0.107,0.298,0.636
1119,207,YNL220W,14,0.091,0.306,0.636
1120,208,YJR047C,1,0.000,0.707,1.000
1121,208,YJR070C,1,0.000,0.707,1.000
1122,209,YOR011W,1,0.000,0.282,0.250
1123,209,YJR150C,2,0.000,0.523,0.500
1124,209,YIL011W,2,0.000,0.523,0.500
1125,209,YHR068W,0,0.000,0.000,0.000
1126,209,YOR009W,3,0.333,0.612,0.750
1127,210,YOR037W,0,0.000,0.500,0.000
1128,210,YER086W,0,0.000,0.500,0.000
1129,210,YDR158W,0,0.000,0.500,0.000
1130,210,YCL064C,0,0.000,0.500,0.000
1131,211,YOR251C,0,0.000,1.000,1.000
1132,212,YKL053C-A,2,0.000,0.577,1.000
1133,212,YLR168C,2,0.000,0.577,1.000
1134,212,YLR193C,2,0.000,0.577,1.000
1135,213,YBR262C,5,0.000,0.408,1.000
1136,213,YCL057C-A,5,0.000,0.408,1.000
1137,213,YGR235C,5,0.000,0.408,1.000
1138,213,YNL100W,5,0.000,0.408,1.000
1139,213,YFR011C,5,0.000,0.408,1.000
1140,213,YKR016W,5,0.000,0.408,1.000
1141,214,YJL130C,0,0.000,1.000,1.000
1142,215,YPR035W,1,0.000,0.707,1.000
1143,215,YDL171C,1,0.000,0.707,1.000
1144,216,YJR109C,1,0.000,0.707,1.000
1145,216,YOR303W,1,0.000,0.707,1.000
1146,217,YAR073W,2,1.000,0.707,1.000
1147,218,YLR157C,0,0.000,0.500,0.000
1148,218,YLR158C,0,0.000,0.500,0.000
1149,218,YLR160C,0,0.000,0.500,0.000
1150,218,YLR155C,0,0.000,0.500,0.000
1151,219,YOR302W,0,0.000,0.000,0.000
1152,219,YNL192W,0,0.000,0.000,0.000
1153,219,YKL104C,1,0.000,0.707,0.250
1154,219,YMR084W,0,0.000,0.000,0.000
1155,219,YEL058W,1,0.000,0.707,0.250
1156,220,YGL062W,1,0.000,0.707,1.000
1157,220,YBR218C,1,0.000,0.707,1.000
1158,221,YLR044C,2,0.000,0.408,0.286
1159,221,YDL080C,2,0.000,0.408,0.286
1160,221,YDR081C,2,0.000,0.408,0.286
1161,221,YGR087C,2,0.000,0.408,0.286
1162,221,YBR240C,2,0.000,0.408,0.286
1163,221,YLR134W,2,0.000,0.408,0.286
1164,221,YDR380W,0,0.000,0.000,0.000
1165,221,YAL061W,0,0.000,0.000,0.000
1166,222,YGR043C,8,0.265,0.450,0.800
1167,222,YHR096C,7,0.231,0.399,0.700
1168,222,YLR354C,4,0.200,0.204,0.400
1169,223,YHR183W,4,0.033,0.468,0.800
1170,223,YGR256W,4,0.033,0.468,0.800
1171,223,YHR163W,5,0.433,0.496,1.000
1172,224,YPL223C,0,0.000,0.707,0.000
1173,224,YDR403W,0,0.000,0.707,0.000
1174,225,YOR034C,0,0.000,0.707,0.000
1175,225,YHR042W,0,0.000,0.707,0.000
1176,226,YOR040W,9,0.209,0.389,0.818
1177,226,YDR272W,9,0.209,0.389,0.818
1178,226,YDR533C,5,0.196,0.222,0.455
1179,227,YGR207C,1,0.000,0.707,1.000
1180,227,YPR004C,1,0.000,0.707,1.000
1181,228,YLR095C,5,0.044,0.448,0.833
1182,228,YBR245C,5,0.044,0.448,0.833
1183,228,YGL133W,5,0.044,0.448,0.833
1184,229,YPL158C,0,0.000,0.707,0.000
1185,229,YKR048C,0,0.000,0.707,0.000
1186,230,YGL035C,4,0.102,0.141,0.211
1187,230,YDR216W,3,0.099,0.087,0.158
1188,230,YDR477W,16,0.683,0.453,0.842
1189,230,YMR280C,3,0.012,0.104,0.158
1190,230,YGL115W,7,0.029,0.347,0.368
1191,231,YCL028W,1,0.000,0.354,0.125
1192,231,YLL060C,0,0.000,0.000,0.000
1193,231,YER040W,1,0.000,0.354,0.125
1194,231,YJL172W,0,0.000,0.000,0.000
1195,231,YIR038C,2,0.107,0.500,0.250
1196,231,YNL229C,3,0.179,0.653,0.375
1197,231,YGR154C,0,0.000,0.000,0.000
1198,231,YLL015W,0,0.000,0.000,0.000
1199,231,YKR076W,1,0.000,0.271,0.125
1200,232,YHR171W,8,0.015,0.177,0.364
1201,232,YLR240W,19,0.246,0.348,0.864
1202,232,YFR021W,13,0.028,0.308,0.591
1203,232,YNL325C,10,0.092,0.243,0.455
1204,232,YBR097W,16,0.084,0.333,0.727
1205,232,YPL120W,20,0.272,0.359,0.909
1206,233,YJL005W,8,0.009,0.313,0.471
1207,233,YJL164C,12,0.144,0.382,0.706
1208,233,YNL098C,9,0.016,0.342,0.529
1209,233,YPL203W,10,0.033,0.358,0.588
1210,233,YIL033C,8,0.009,0.313,0.471
1211,233,YKL166C,10,0.033,0.358,0.588
1212,234,YPR113W,0,0.000,1.000,1.000
1213,235,YDL144C,0,0.000,0.707,0.000
1214,235,YIL160C,0,0.000,0.707,0.000
1215,236,YER081W,1,0.000,0.707,1.000
1216,236,YIL074C,1,0.000,0.707,1.000
1217,237,YNL256W,5,0.183,0.490,1.000
1218,237,YOR236W,5,0.183,0.490,1.000
1219,238,YLR371W,7,0.039,0.040,0.156
1220,238,YBR200W,15,0.061,0.312,0.333
1221,238,YGR070W,8,0.044,0.043,0.178
1222,238,YOR008C,6,0.014,0.041,0.133
1223,238,YAL041W,14,0.051,0.332,0.311
1224,238,YPR165W,11,0.239,0.214,0.244
1225,238,YGR152C,7,0.035,0.199,0.156
1226,238,YNL298W,14,0.058,0.328,0.311
1227,238,YLR229C,21,0.179,0.407,0.467
1228,238,YHL007C,10,0.036,0.244,0.222
1229,238,YLR332W,7,0.023,0.043,0.156
1230,238,YNL271C,12,0.059,0.276,0.267
1231,239,YEL013W,0,0.000,0.577,0.000
1232,239,YAR042W,0,0.000,0.577,0.000
1233,239,YHR117W,0,0.000,0.577,0.000
1234,240,YGL136C,0,0.000,0.000,0.000
1235,240,YMR097C,0,0.000,0.000,0.000
1236,240,YNL022C,2,0.000,0.577,0.286
1237,240,YOR205C,0,0.000,0.000,0.000
1238,240,YGR283C,2,0.000,0.577,0.286
1239,240,YMR310C,2,0.000,0.577,0.286
1240,240,YLR289W,0,0.000,0.000,0.000
1241,240,YBR025C,0,0.000,0.000,0.000
1242,241,YHR072W-A,0,0.000,1.000,1.000
1243,242,YLR318W,0,0.000,0.707,0.000
1244,242,YLR262C-A,0,0.000,0.707,0.000
1245,243,YMR276W,0,0.000,1.000,1.000
1246,244,YMR023C,2,0.000,0.577,1.000
1247,244,YGL236C,2,0.000,0.577,1.000
1248,244,YDL033C,2,0.000,0.577,1.000
1249,245,YIR027C,2,0.000,0.577,0.500
1250,245,YHL016C,0,0.000,0.000,0.000
1251,245,YIR029W,2,0.000,0.577,0.500
1252,245,YIR032C,2,0.000,0.577,0.500
1253,245,YJL126W,0,0.000,0.000,0.000
1254,246,YBR169C,2,0.400,0.357,0.333
1255,246,YPL106C,3,0.400,0.595,0.500
1256,247,YPL225W,0,0.000,1.000,1.000
1257,248,YBL033C,5,0.025,0.428,1.000
1258,248,YBR256C,5,0.025,0.428,1.000
1259,248,YDR487C,5,0.025,0.428,1.000
1260,248,YBR153W,5,0.025,0.428,1.000
1261,249,YMR205C,6,0.024,0.402,0.857
1262,249,YGR240C,6,0.024,0.402,0.857
1263,249,YLR377C,7,0.310,0.413,1.000
1264,249,YJL155C,6,0.024,0.402,0.857
1265,250,YFL045C,1,0.000,0.707,1.000
1266,250,YER003C,1,0.000,0.707,1.000
1267,251,YCR044C,0,0.000,0.577,0.000
1268,251,YIL039W,0,0.000,0.577,0.000
1269,251,YOL122C,0,0.000,0.577,0.000
1270,252,YBR290W,0,0.000,1.000,1.000
1271,253,YDR182W,0,0.000,0.707,0.000
1272,253,YCR017C,0,0.000,0.707,0.000
1273,254,YKL175W,9,0.101,0.409,0.750
1274,254,YGL255W,8,0.163,0.358,0.667
1275,254,YIL023C,8,0.051,0.386,0.667
1276,254,YDR205W,6,0.029,0.300,0.500
1277,255,YLR466W,8,0.051,0.402,0.667
1278,255,YHR218W,7,0.020,0.376,0.583
1279,255,YLR467W,6,0.015,0.333,0.500
1280,255,YNL339C,10,0.293,0.425,0.833
1281,256,YMR267W,1,0.000,0.707,1.000
1282,256,YBR011C,1,0.000,0.707,1.000
1283,257,YBL019W,6,0.238,0.418,0.857
1284,257,YML060W,5,0.000,0.405,0.714
1285,257,YKL114C,5,0.000,0.405,0.714
1286,257,YOL043C,5,0.000,0.405,0.714
1287,257,YML021C,5,0.000,0.405,0.714
1288,257,YDL200C,0,0.000,0.000,0.000
1289,257,YKL157W,1,0.000,0.083,0.143
1290,257,YAL015C,5,0.000,0.405,0.714
1291,258,YLR411W,3,0.033,0.557,0.500
1292,258,YMR021C,3,0.033,0.557,0.500
1293,259,YMR108W,4,0.056,0.436,0.667
1294,259,YJR148W,4,0.056,0.436,0.667
1295,259,YJR016C,5,0.111,0.507,0.833
1296,260,YFR047C,5,0.024,0.448,0.625
1297,260,YGR010W,5,0.024,0.448,0.625
1298,260,YOR209C,5,0.024,0.448,0.625
1299,261,YJR069C,0,0.000,1.000,1.000
1300,262,YJR014W,2,0.000,0.577,1.000
1301,262,YER007C-A,2,0.000,0.577,1.000
1302,262,YDR117C,2,0.000,0.577,1.000
1303,263,YLR268W,27,0.060,0.223,0.900
1304,263,YAL030W,24,0.017,0.212,0.800
1305,263,YKL006C-A,19,0.026,0.171,0.633
1306,263,YDR498C,18,0.023,0.152,0.600
1307,263,YOR075W,26,0.054,0.214,0.867
1308,263,YKL196C,26,0.021,0.226,0.867
1309,263,YLR026C,26,0.050,0.224,0.867
1310,263,YGL098W,20,0.027,0.167,0.667
1311,264,YOL117W,4,0.000,0.447,1.000
1312,264,YDL216C,4,0.000,0.447,1.000
1313,264,YDR179C,4,0.000,0.447,1.000
1314,264,YMR025W,4,0.000,0.447,1.000
1315,264,YIL071C,4,0.000,0.447,1.000
1316,265,YHR129C,0,0.000,1.000,1.000
1317,266,YMR294W,3,0.000,0.500,1.000
1318,266,YPL174C,3,0.000,0.500,1.000
1319,266,YLL049W,3,0.000,0.500,1.000
1320,266,YDR106W,3,0.000,0.500,1.000
1321,267,YPR140W,8,0.047,0.101,0.167
1322,267,YOR081C,26,0.081,0.303,0.542
1323,267,YKR089C,27,0.104,0.316,0.562
1324,267,YNL130C,13,0.029,0.185,0.271
1325,267,YOR175C,30,0.230,0.322,0.625
1326,267,YMR165C,18,0.100,0.220,0.375
1327,267,YNL169C,13,0.029,0.172,0.271
1328,267,YPL110C,8,0.049,0.064,0.167
1329,267,YBR029C,15,0.034,0.211,0.312
1330,267,YDR503C,13,0.049,0.160,0.271
1331,267,YHR123W,17,0.042,0.226,0.354
1332,267,YOR311C,14,0.045,0.206,0.292
1333,267,YKR031C,17,0.037,0.239,0.354
1334,268,YJR049C,0,0.000,0.500,0.000
1335,268,YDR242W,0,0.000,0.500,0.000
1336,268,YGR205W,0,0.000,0.500,0.000
1337,268,YPL188W,0,0.000,0.500,0.000
1338,269,YDR077W,0,0.000,0.577,0.000
1339,269,YLR110C,0,0.000,0.577,0.000
1340,269,YKL164C,0,0.000,0.577,0.000
1341,270,YHR053C,3,0.667,0.612,1.000
1342,271,YLR034C,0,0.000,0.707,0.000
1343,271,YBR207W,0,0.000,0.707,0.000
1344,272,YLR220W,0,0.000,1.000,1.000
1345,273,YBR261C,3,0.145,0.237,0.273
1346,273,YIL064W,7,0.227,0.513,0.636
1347,273,YJR129C,6,0.215,0.441,0.545
1348,274,YGR281W,2,0.000,0.577,0.333
1349,274,YHR178W,0,0.000,0.000,0.000
1350,274,YDR011W,2,0.000,0.577,0.333
1351,274,YHR064C,0,0.000,0.000,0.000
1352,274,YML076C,0,0.000,0.000,0.000
1353,274,YOR162C,0,0.000,0.000,0.000
1354,274,YOR153W,2,0.000,0.577,0.333
1355,275,YOR281C,0,0.000,0.707,0.000
1356,275,YNL313C,0,0.000,0.707,0.000
1357,276,YNL292W,7,0.090,0.415,1.000
1358,276,YOR243C,7,0.090,0.415,1.000
1359,277,YOR230W,0,0.000,0.000,0.000
1360,277,YML058W,1,0.000,0.707,0.500
1361,277,YDL101C,1,0.000,0.707,0.500
1362,278,YDR227W,0,0.000,1.000,1.000
1363,279,YJL127C,0,0.000,1.000,1.000
1364,280,YER014W,0,0.000,1.000,1.000
1365,281,YLR223C,4,0.051,0.134,0.308
1366,281,YPR104C,4,0.051,0.134,0.308
1367,281,YDR082W,6,0.030,0.393,0.462
1368,281,YLR010C,6,0.030,0.393,0.462
1369,281,YDL220C,6,0.030,0.393,0.462
1370,281,YNL216W,8,0.308,0.421,0.615
1371,282,YGL222C,0,0.000,0.000,0.000
1372,282,YEL015W,1,0.000,0.707,0.500
1373,282,YOL149W,1,0.000,0.707,0.500
1374,283,YNL063W,0,0.000,0.577,0.000
1375,283,YIL096C,0,0.000,0.577,0.000
1376,283,YBR141C,0,0.000,0.577,0.000
1377,284,YCR034W,6,0.007,0.386,0.750
1378,284,YBR159W,6,0.007,0.386,0.750
1379,284,YJL097W,6,0.007,0.386,0.750
1380,284,YGL055W,8,0.471,0.407,1.000
1381,284,YDL015C,6,0.007,0.386,0.750
1382,285,YNL295W,0,0.000,1.000,1.000
1383,286,YPR155C,0,0.000,0.707,0.000
1384,286,YIL087C,0,0.000,0.707,0.000
1385,287,YBR101C,0,0.000,0.577,0.000
1386,287,YJL144W,0,0.000,0.577,0.000
1387,287,YPR158W,0,0.000,0.577,0.000
1388,288,YBR109C,0,0.000,0.707,0.000
1389,288,YNL225C,0,0.000,0.707,0.000
1390,289,YOR164C,7,0.265,0.444,0.875
1391,289,YOR007C,5,0.024,0.375,0.625
1392,289,YOL111C,6,0.051,0.429,0.750
1393,290,YBR176W,1,0.000,0.707,1.000
1394,290,YIL145C,1,0.000,0.707,1.000
1395,291,YIL164C,0,0.000,1.000,1.000
1396,292,YDR072C,4,0.350,0.331,0.667
1397,292,YPL057C,5,0.106,0.477,0.833
1398,293,YNL072W,3,0.667,0.612,1.000
1399,294,YDR439W,5,0.267,0.514,0.833
1400,294,YCR086W,5,0.400,0.492,0.833
1401,295,YKR070W,0,0.000,1.000,1.000
1402,296,YAL029C,5,0.405,0.460,0.625
1403,296,YOR326W,5,0.262,0.520,0.625
1404,296,YGL210W,3,0.036,0.396,0.375
1405,296,YNL304W,3,0.036,0.396,0.375
1406,297,YBL007C,1,0.000,0.707,1.000
1407,297,YHR016C,1,0.000,0.707,1.000
1408,298,YKR019C,0,0.000,0.000,0.000
1409,298,YGR241C,1,0.000,0.282,0.125
1410,298,YER060W-A,0,0.000,0.000,0.000
1411,298,YJL083W,0,0.000,0.000,0.000
1412,298,YER060W,0,0.000,0.000,0.000
1413,298,YCR009C,3,0.071,0.612,0.375
1414,298,YDR388W,2,0.000,0.523,0.250
1415,298,YMR192W,2,0.000,0.523,0.250
1416,298,YIL095W,0,0.000,0.000,0.000
1417,299,YDL161W,0,0.000,0.707,0.000
1418,299,YLR206W,0,0.000,0.707,0.000
1419,300,YLR319C,0,0.000,1.000,1.000
1420,301,YBR164C,0,0.000,0.707,0.000
1421,301,YOR094W,0,0.000,0.707,0.000
1422,302,YBR038W,2,0.000,0.577,1.000
1423,302,YMR032W,2,0.000,0.577,1.000
1424,302,YDL117W,2,0.000,0.577,1.000
1425,303,YDR056C,7,0.000,0.351,0.778
1426,303,YCL045C,7,0.000,0.351,0.778
1427,303,YJL192C,7,0.000,0.351,0.778
1428,303,YJR088C,8,0.222,0.357,0.889
1429,303,YIL027C,7,0.000,0.351,0.778
1430,303,YKL207W,7,0.000,0.351,0.778
1431,303,YGL230C,1,0.000,0.051,0.111
1432,303,YLL014W,7,0.000,0.351,0.778
1433,303,YGL231C,8,0.222,0.357,0.889
1434,303,YOR289W,1,0.000,0.051,0.111
1435,304,YOR338W,0,0.000,0.500,0.000
1436,304,YOR359W,0,0.000,0.500,0.000
1437,304,YJL080C,0,0.000,0.500,0.000
1438,304,YBR172C,0,0.000,0.500,0.000
1439,305,YML068W,0,0.000,1.000,1.000
1440,306,YER042W,0,0.000,1.000,1.000
1441,307,YDL091C,4,0.400,0.615,0.800
1442,307,YLR114C,2,0.000,0.394,0.400
1443,307,YPR109W,0,0.000,0.000,0.000
1444,307,YKL034W,2,0.000,0.394,0.400
1445,307,YDL219W,2,0.000,0.394,0.400
1446,307,YOR223W,2,0.000,0.394,0.400
1447,308,YPL154C,0,0.000,1.000,1.000
1448,309,YAL021C,11,0.071,0.313,0.733
1449,309,YFL028C,11,0.129,0.310,0.733
1450,309,YDR252W,9,0.124,0.257,0.600
1451,309,YCR093W,11,0.129,0.310,0.733
1452,310,YDL092W,7,0.031,0.384,1.000
1453,310,YPL243W,7,0.031,0.384,1.000
1454,310,YPL210C,7,0.031,0.384,1.000
1455,310,YPR088C,7,0.031,0.384,1.000
1456,311,YGR182C,7,0.333,0.400,0.778
1457,311,YMR245W,6,0.046,0.407,0.667
1458,311,YJL199C,6,0.046,0.407,0.667
1459,311,YER121W,6,0.046,0.407,0.667
1460,312,YAR008W,3,0.167,0.557,1.000
1461,312,YJL087C,3,0.167,0.557,1.000
1462,313,YBL047C,0,0.000,0.707,0.000
1463,313,YDR320C,0,0.000,0.707,0.000
1464,314,YPR042C,0,0.000,0.707,0.000
1465,314,YDL224C,0,0.000,0.707,0.000
1466,315,YNL197C,0,0.000,0.707,0.000
1467,315,YPL184C,0,0.000,0.707,0.000
1468,316,YPL200W,2,0.000,0.577,1.000
1469,316,YOL104C,2,0.000,0.577,1.000
1470,316,YJL019W,2,0.000,0.577,1.000
1471,317,YGL256W,4,0.533,0.628,0.667
1472,317,YDL168W,2,0.267,0.321,0.333
1473,318,YKL103C,0,0.000,0.707,0.000
1474,318,YHR113W,0,0.000,0.707,0.000
1475,319,YDR430C,0,0.000,0.707,0.000
1476,319,YER078C,0,0.000,0.707,0.000
1477,320,YOL086W-A,3,0.167,0.557,1.000
1478,320,YIR002C,3,0.167,0.557,1.000
1479,321,YJL105W,1,0.000,0.707,1.000
1480,321,YHR207C,1,0.000,0.707,1.000
1481,322,YHR158C,1,0.000,0.707,1.000
1482,322,YGR238C,1,0.000,0.707,1.000
1483,323,YHL024W,0,0.000,0.000,0.000
1484,323,YDR310C,1,0.000,0.707,0.500
1485,323,YHR124W,1,0.000,0.707,0.500
1486,324,YPR118W,5,0.500,0.529,1.000
1487,324,YMR009W,4,0.100,0.494,0.800
1488,325,YGR194C,3,0.400,0.383,0.600
1489,325,YJR159W,4,0.350,0.549,0.800
1490,326,YDL052C,0,0.000,0.707,0.000
1491,326,YGR045C,0,0.000,0.707,0.000
1492,327,YHR100C,2,0.000,0.577,1.000
1493,327,YGR046W,2,0.000,0.577,1.000
1494,327,YDL142C,2,0.000,0.577,1.000
1495,328,YOR006C,0,0.000,0.707,0.000
1496,328,YCR051W,0,0.000,0.707,0.000
1497,329,YOR334W,0,0.000,0.707,0.000
1498,329,YPL060W,0,0.000,0.707,0.000
1499,330,YOL130W,0,0.000,0.500,0.000
1500,330,YJL133W,0,0.000,0.500,0.000
1501,330,YFL050C,0,0.000,0.500,0.000
1502,330,YKL064W,0,0.000,0.500,0.000
1503,331,YNR031C,5,0.012,0.418,0.714
1504,331,YDL235C,5,0.012,0.418,0.714
1505,331,YER118C,7,0.536,0.451,1.000
1506,331,YCR073C,5,0.012,0.418,0.714
1507,332,YAL002W,14,0.053,0.299,0.778
1508,332,YKR014C,13,0.220,0.259,0.722
1509,332,YML001W,14,0.155,0.280,0.778
1510,332,YLR396C,13,0.046,0.282,0.722
1511,332,YDL077C,12,0.050,0.262,0.667
1512,333,YPL036W,0,0.000,0.707,0.000
1513,333,YGL008C,0,0.000,0.707,0.000
1514,334,YPR131C,0,0.000,1.000,1.000
1515,335,YJL062W,0,0.000,0.000,0.000
1516,335,YCR048W,1,0.000,0.707,0.500
1517,335,YNR019W,1,0.000,0.707,0.500
1518,336,YJR013W,15,0.079,0.304,0.625
1519,336,YPL175W,14,0.066,0.282,0.583
1520,336,YHR188C,12,0.040,0.249,0.500
1521,336,YLR088W,14,0.059,0.288,0.583
1522,336,YMR281W,14,0.053,0.296,0.583
1523,336,YGL142C,15,0.071,0.301,0.625
1524,336,YBR004C,14,0.118,0.272,0.583
1525,337,YOR140W,0,0.000,0.378,0.000
1526,337,YMR164C,0,0.000,0.378,0.000
1527,337,YHR211W,0,0.000,0.378,0.000
1528,337,YKR102W,0,0.000,0.378,0.000
1529,337,YAR050W,0,0.000,0.378,0.000
1530,337,YKL043W,0,0.000,0.378,0.000
1531,337,YAL063C,0,0.000,0.378,0.000
1532,338,YIR019C,0,0.000,0.500,0.000
1533,338,YOL116W,0,0.000,0.500,0.000
1534,338,YDL233W,0,0.000,0.500,0.000
1535,338,YER109C,0,0.000,0.500,0.000
1536,339,YJR031C,0,0.000,1.000,1.000
1537,340,YPR044C,1,0.000,0.707,0.500
1538,340,YLR062C,1,0.000,0.707,0.500
1539,340,YLR076C,0,0.000,0.000,0.000
1540,341,YAL065C,3,0.667,0.612,1.000
1541,342,YMR135C,6,0.000,0.376,0.750
1542,342,YDR255C,6,0.000,0.376,0.750
1543,342,YCL039W,7,0.214,0.385,0.875
1544,342,YIL017C,6,0.000,0.376,0.750
1545,342,YKL124W,1,0.000,0.064,0.125
1546,342,YBL048W,0,0.000,0.000,0.000
1547,342,YBR105C,6,0.000,0.376,0.750
1548,342,YIL097W,6,0.000,0.376,0.750
1549,342,YGL227W,6,0.000,0.376,0.750
1550,343,YMR081C,0,0.000,1.000,1.000
1551,344,YDR287W,2,0.000,0.244,0.333
1552,344,YDR123C,3,0.000,0.438,0.500
1553,344,YGL077C,0,0.000,0.000,0.000
1554,344,YJL153C,5,0.400,0.553,0.833
1555,344,YOL108C,3,0.000,0.438,0.500
1556,344,YHR046C,2,0.000,0.244,0.333
1557,344,YHL020C,3,0.000,0.438,0.500
1558,345,YMR029C,5,0.025,0.428,1.000
1559,345,YNL127W,5,0.025,0.428,1.000
1560,345,YFR008W,5,0.025,0.428,1.000
1561,345,YMR052W,5,0.025,0.428,1.000
1562,346,YLR280C,0,0.000,0.707,0.000
1563,346,YLR125W,0,0.000,0.707,0.000
1564,347,YNL314W,0,0.000,0.707,0.000
1565,347,YDL170W,0,0.000,0.707,0.000
1566,348,YML067C,0,0.000,1.000,1.000
1567,349,YKR099W,0,0.000,0.707,0.000
1568,349,YFR034C,0,0.000,0.707,0.000
1569,350,YOL068C,0,0.000,1.000,1.000
1570,351,YFR003C,0,0.000,1.000,1.000
1571,352,YJL129C,3,0.200,0.612,0.600
1572,352,YDR436W,2,0.000,0.523,0.400
1573,352,YDR456W,0,0.000,0.000,0.000
1574,352,YJL093C,1,0.000,0.282,0.200
1575,352,YJR054W,0,0.000,0.000,0.000
1576,352,YML016C,2,0.000,0.523,0.400
1577,353,YBR061C,3,0.500,0.565,0.750
1578,353,YOL125W,3,0.500,0.565,0.750
1579,354,YOL093W,0,0.000,1.000,1.000
1580,355,YLR316C,0,0.000,1.000,1.000
1581,356,YGL114W,0,0.000,0.707,0.000
1582,356,YKR093W,0,0.000,0.707,0.000
1583,357,YJL212C,0,0.000,0.577,0.000
1584,357,YPR194C,0,0.000,0.577,0.000
1585,357,YPL177C,0,0.000,0.577,0.000
1586,358,YPL214C,10,0.432,0.431,0.833
1587,358,YGR144W,8,0.174,0.409,0.667
1588,358,YPL258C,7,0.023,0.399,0.583
1589,358,YOL055C,7,0.023,0.399,0.583
1590,359,YOR143C,0,0.000,0.707,0.000
1591,359,YDR481C,0,0.000,0.707,0.000
1592,360,YHR215W,9,0.074,0.390,0.643
1593,360,YML123C,11,0.234,0.413,0.786
1594,360,YAR071W,8,0.055,0.355,0.571
1595,360,YHR136C,8,0.058,0.358,0.571
1596,361,YPL034W,0,0.000,0.707,0.000
1597,361,YCL033C,0,0.000,0.707,0.000
1598,362,YLR126C,0,0.000,0.707,0.000
1599,362,YKL069W,0,0.000,0.707,0.000
1600,363,YDL103C,1,0.000,0.707,0.500
1601,363,YFL017C,1,0.000,0.707,0.500
1602,363,YMR085W,0,0.000,0.000,0.000
1603,364,YOL095C,0,0.000,1.000,1.000
1604,365,YDR538W,0,0.000,1.000,1.000
1605,366,YBR023C,5,0.078,0.424,0.833
1606,366,YLR330W,6,0.200,0.475,1.000
1607,366,YJL099W,5,0.078,0.424,0.833
1608,367,YLR342W,0,0.000,1.000,1.000
1609,368,YCR002C,10,0.066,0.349,0.769
1610,368,YHR107C,11,0.091,0.370,0.846
1611,368,YLR314C,10,0.065,0.346,0.769
1612,368,YJR076C,12,0.145,0.385,0.923
1613,369,YER039C-A,0,0.000,0.577,0.000
1614,369,YPL244C,0,0.000,0.577,0.000
1615,369,YML038C,0,0.000,0.577,0.000
1616,370,YLR149C,0,0.000,1.000,1.000
1617,371,YFR017C,0,0.000,1.000,1.000
1618,372,YGR262C,6,0.133,0.453,1.000
1619,372,YML036W,6,0.133,0.453,1.000
1620,373,YBR049C,0,0.000,0.707,0.000
1621,373,YPL128C,0,0.000,0.707,0.000
1622,374,YBL068W,7,0.019,0.373,1.000
1623,374,YER099C,7,0.019,0.373,1.000
1624,374,YOL061W,7,0.019,0.373,1.000
1625,374,YHL011C,7,0.019,0.373,1.000
1626,374,YKL181W,7,0.019,0.373,1.000
1627,375,YLL062C,0,0.000,0.707,0.000
1628,375,YPL273W,0,0.000,0.707,0.000
1629,376,YGR142W,0,0.000,1.000,1.000
1630,377,YDL194W,2,0.000,0.577,1.000
1631,377,YKL038W,2,0.000,0.577,1.000
1632,377,YDL138W,2,0.000,0.577,1.000
1633,378,YGR233C,0,0.000,1.000,1.000
1634,379,YFR036W,12,0.000,0.277,1.000
1635,379,YLR127C,12,0.000,0.277,1.000
1636,379,YDL008W,12,0.000,0.277,1.000
1637,379,YDR260C,12,0.000,0.277,1.000
1638,379,YNL172W,12,0.000,0.277,1.000
1639,379,YDR118W,12,0.000,0.277,1.000
1640,379,YHR166C,12,0.000,0.277,1.000
1641,379,YBL084C,12,0.000,0.277,1.000
1642,379,YOR249C,12,0.000,0.277,1.000
1643,379,YGL240W,12,0.000,0.277,1.000
1644,379,YKL022C,12,0.000,0.277,1.000
1645,379,YIR025W,12,0.000,0.277,1.000
1646,379,YLR102C,12,0.000,0.277,1.000
1647,380,YPR127W,2,0.333,0.707,0.667
1648,381,YNR027W,0,0.000,0.707,0.000
1649,381,YEL029C,0,0.000,0.707,0.000
1650,382,YJR099W,2,0.000,0.577,1.000
1651,382,YBR058C,2,0.000,0.577,1.000
1652,382,YOR124C,2,0.000,0.577,1.000
1653,383,YPL084W,16,0.101,0.228,0.727
1654,383,YLR025W,20,0.062,0.274,0.909
1655,383,YMR077C,19,0.031,0.270,0.864
1656,383,YPR173C,16,0.111,0.218,0.727
1657,383,YKL041W,19,0.031,0.270,0.864
1658,383,YKL002W,19,0.031,0.270,0.864
1659,384,YER136W,2,0.000,0.577,0.667
1660,384,YOR370C,2,0.000,0.577,0.667
1661,384,YLR261C,0,0.000,0.000,0.000
1662,384,YML097C,2,0.000,0.577,0.667
1663,385,YMR304W,0,0.000,1.000,1.000
1664,386,YJL027C,5,0.000,0.405,0.833
1665,386,YJL028W,5,0.000,0.405,0.833
1666,386,YJR056C,5,0.000,0.405,0.833
1667,386,YJL022W,5,0.000,0.405,0.833
1668,386,YJR055W,6,0.333,0.418,1.000
1669,386,YPL193W,1,0.000,0.083,0.167
1670,386,YJL161W,5,0.000,0.405,0.833
1671,387,YDL055C,0,0.000,0.577,0.000
1672,387,YBR085C-A,0,0.000,0.577,0.000
1673,387,YGL065C,0,0.000,0.577,0.000
1674,388,YIL030C,0,0.000,1.000,1.000
1675,389,YMR297W,0,0.000,0.500,0.000
1676,389,YBR139W,0,0.000,0.500,0.000
1677,389,YMR174C,0,0.000,0.500,0.000
1678,389,YKR034W,0,0.000,0.500,0.000
1679,390,YNL238W,4,0.400,0.533,0.667
1680,390,YDR144C,3,0.100,0.469,0.500
1681,390,YLR120C,3,0.100,0.469,0.500
1682,391,YGR121C,2,0.000,0.577,1.000
1683,391,YNL142W,2,0.000,0.577,1.000
1684,391,YPR138C,2,0.000,0.577,1.000
1685,392,YLR299W,3,0.083,0.557,0.750
1686,392,YER163C,3,0.083,0.557,0.750
1687,393,YCL035C,0,0.000,0.707,0.000
1688,393,YDR513W,0,0.000,0.707,0.000
1689,394,YDR483W,9,0.089,0.305,0.529
1690,394,YAL023C,11,0.206,0.380,0.647
1691,394,YBR205W,8,0.138,0.269,0.471
1692,394,YJR075W,9,0.099,0.282,0.529
1693,394,YOR099W,8,0.072,0.274,0.471
1694,395,YGR041W,3,0.076,0.385,0.200
1695,395,YCR038C,4,0.175,0.424,0.267
1696,395,YOR301W,4,0.137,0.411,0.267
1697,395,YLR353W,3,0.076,0.385,0.200
1698,395,YML104C,2,0.076,0.145,0.133
1699,396,YHR074W,2,0.333,0.707,0.667
1700,397,YLR059C,3,0.667,0.612,1.000
1701,398,YDL184C,0,0.000,1.000,1.000
1702,399,YHR137W,0,0.000,1.000,1.000
1703,400,YDR421W,0,0.000,0.707,0.000
1704,400,YGL202W,0,0.000,0.707,0.000
1705,401,YLR138W,4,0.233,0.583,0.667
1706,401,YJL094C,3,0.033,0.524,0.500
1707,402,YLR143W,0,0.000,1.000,1.000
1708,403,YFR044C,1,0.000,0.707,0.500
1709,403,YNL191W,1,0.000,0.707,0.500
1710,403,YKR074W,0,0.000,0.000,0.000
1711,404,YKL184W,4,0.500,0.524,1.000
1712,404,YPR069C,3,0.000,0.482,0.750
1713,404,YPL052W,1,0.000,0.170,0.250
1714,404,YLR146C,3,0.000,0.482,0.750
1715,404,YOL052C,3,0.000,0.482,0.750
1716,405,YGL220W,3,0.667,0.612,1.000
1717,406,YOL081W,2,0.500,0.500,0.500
1718,406,YDL035C,3,0.833,0.653,0.750
1719,407,YBR223C,0,0.000,1.000,1.000
1720,408,YMR070W,0,0.000,1.000,1.000
1721,409,YER098W,4,0.167,0.510,1.000
1722,409,YBL067C,4,0.167,0.510,1.000
1723,410,YML047C,0,0.000,1.000,1.000
1724,411,YDR414C,2,0.000,0.577,1.000
1725,411,YCR075C,2,0.000,0.577,1.000
1726,411,YKR007W,2,0.000,0.577,1.000
1727,412,YML012W,8,0.314,0.429,1.000
1728,412,YGL002W,6,0.028,0.378,0.750
1729,412,YAL007C,6,0.045,0.369,0.750
1730,412,YAR002C-A,6,0.028,0.378,0.750
1731,413,YMR111C,0,0.000,0.577,0.000
1732,413,YKL047W,0,0.000,0.577,0.000
1733,413,YPL236C,0,0.000,0.577,0.000
1734,414,YNL161W,5,0.286,0.372,0.714
1735,414,YKL189W,6,0.310,0.436,0.857
1736,415,YJR010C-A,3,0.000,0.500,1.000
1737,415,YIR022W,3,0.000,0.500,1.000
1738,415,YLR066W,3,0.000,0.500,1.000
1739,415,YML055W,3,0.000,0.500,1.000
1740,416,YEL076C,4,0.000,0.447,1.000
1741,416,YEL075W-A,4,0.000,0.447,1.000
1742,416,YEL074W,4,0.000,0.447,1.000
1743,416,YEL077C,4,0.000,0.447,1.000
1744,416,YEL075C,4,0.000,0.447,1.000
1745,417,YMR154C,7,0.089,0.379,0.875
1746,417,YHL027W,7,0.089,0.379,0.875
1747,417,YOR275C,8,0.214,0.397,1.000
1748,418,YDL195W,0,0.000,1.000,1.000
1749,419,YOR385W,1,0.000,0.707,0.500
1750,419,YOL016C,1,0.000,0.707,0.500
1751,419,YBR056W-A,0,0.000,0.000,0.000
1752,420,YGL006W,5,0.223,0.372,0.625
1753,420,YGR217W,6,0.152,0.463,0.750
1754,420,YNL291C,5,0.062,0.396,0.625
1755,421,YIR018W,0,0.000,0.577,0.000
1756,421,YGL167C,0,0.000,0.577,0.000
1757,421,YMR034C,0,0.000,0.577,0.000
1758,422,YDR459C,1,0.000,0.707,0.333
1759,422,YOL003C,0,0.000,0.000,0.000
1760,422,YDR126W,1,0.000,0.707,0.333
1761,422,YNL326C,0,0.000,0.000,0.000
1762,423,YDL240W,0,0.000,1.000,1.000
1763,424,YLR305C,3,0.167,0.557,1.000
1764,424,YMR212C,3,0.167,0.557,1.000
1765,425,YLR422W,0,0.000,0.707,0.000
1766,425,YDR273W,0,0.000,0.707,0.000
1767,426,YOR269W,0,0.000,1.000,1.000
1768,427,YDR517W,0,0.000,0.707,0.000
1769,427,YJR134C,0,0.000,0.707,0.000
1770,428,YIL177C,0,0.000,1.000,1.000
1771,429,YML133C,2,0.000,0.577,1.000
1772,429,YML133W-B,2,0.000,0.577,1.000
1773,429,YML133W-A,2,0.000,0.577,1.000
1774,430,YLL066W-A,3,0.667,0.612,1.000
1775,431,YLL067C,0,0.000,1.000,1.000
1776,432,YDL124W,0,0.000,1.000,1.000
1777,433,YER150W,0,0.000,0.577,0.000
1778,433,YKL096W-A,0,0.000,0.577,0.000
1779,433,YJL159W,0,0.000,0.577,0.000
1780,434,YHR195W,0,0.000,0.447,0.000
1781,434,YML072C,0,0.000,0.447,0.000
1782,434,YKL130C,0,0.000,0.447,0.000
1783,434,YER120W,0,0.000,0.447,0.000
1784,434,YBL091C-A,0,0.000,0.447,0.000
1785,435,YNL160W,0,0.000,1.000,1.000
1786,436,YDR150W,0,0.000,1.000,1.000
1787,437,YJL036W,7,0.061,0.277,0.583
1788,437,YJL053W,9,0.096,0.346,0.750
1789,437,YHR012W,11,0.190,0.393,0.917
1790,437,YJL154C,11,0.205,0.392,0.917
1791,438,YBR086C,0,0.000,1.000,1.000
1792,439,YDR027C,3,0.071,0.469,0.429
1793,439,YLR262C,4,0.286,0.533,0.571
1794,439,YDR484W,3,0.071,0.469,0.429
1795,440,YMR079W,0,0.000,1.000,1.000
1796,441,YOR086C,0,0.000,0.707,0.000
1797,441,YGR202C,0,0.000,0.707,0.000
1798,442,YPL272C,0,0.000,0.707,0.000
1799,442,YJL145W,0,0.000,0.707,0.000
1800,443,YMR010W,0,0.000,0.000,0.000
1801,443,YNL323W,1,0.000,0.707,0.200
1802,443,YCR094W,1,0.000,0.707,0.200
1803,443,YNR048W,0,0.000,0.000,0.000
1804,443,YCR091W,0,0.000,0.000,0.000
1805,443,YNR047W,0,0.000,0.000,0.000
1806,444,YER166W,2,0.333,0.707,0.667
1807,445,YNL297C,2,0.000,0.577,1.000
1808,445,YDR141C,2,0.000,0.577,1.000
1809,445,YIL048W,2,0.000,0.577,1.000
1810,446,YLR286C,11,0.456,0.372,0.786
1811,446,YER124C,7,0.015,0.363,0.500
1812,446,YNL327W,7,0.015,0.363,0.500
1813,446,YHR143W,7,0.015,0.363,0.500
1814,446,YNL066W,7,0.015,0.363,0.500
1815,446,YGL028C,7,0.015,0.363,0.500
1816,447,YLR097C,1,0.000,0.707,1.000
1817,447,YBR280C,1,0.000,0.707,1.000
1818,448,YGR003W,0,0.000,1.000,1.000
1819,449,YLR380W,0,0.000,0.707,0.000
1820,449,YNL264C,0,0.000,0.707,0.000
1821,450,YNL334C,5,0.000,0.408,1.000
1822,450,YNL333W,5,0.000,0.408,1.000
1823,450,YFL059W,5,0.000,0.408,1.000
1824,450,YMR096W,5,0.000,0.408,1.000
1825,450,YMR095C,5,0.000,0.408,1.000
1826,450,YFL060C,5,0.000,0.408,1.000
1827,451,YNL086W,5,0.000,0.408,1.000
1828,451,YGL079W,5,0.000,0.408,1.000
1829,451,YLR408C,5,0.000,0.408,1.000
1830,451,YDR357C,5,0.000,0.408,1.000
1831,451,YKL061W,5,0.000,0.408,1.000
1832,451,YEL005C,5,0.000,0.408,1.000
1833,452,YDR104C,0,0.000,0.577,0.000
1834,452,YHR105W,0,0.000,0.577,0.000
1835,452,YLR253W,0,0.000,0.577,0.000
1836,453,YOR042W,0,0.000,1.000,1.000
1837,454,YHR192W,3,0.000,0.500,1.000
1838,454,YDR233C,3,0.000,0.500,1.000
1839,454,YPR028W,3,0.000,0.500,1.000
1840,454,YOR165W,3,0.000,0.500,1.000
1841,455,YOR090C,1,0.000,0.707,1.000
1842,455,YCR079W,1,0.000,0.707,1.000
1843,456,YMR247C,0,0.000,1.000,1.000
1844,457,YGR271W,4,0.333,0.559,1.000
1845,457,YPL009C,3,0.083,0.470,0.750
1846,457,YKR023W,3,0.083,0.470,0.750
1847,458,YDL198C,0,0.000,1.000,1.000
1848,459,YPL249C,0,0.000,0.707,0.000
1849,459,YGR100W,0,0.000,0.707,0.000
1850,460,YGL089C,6,0.043,0.316,0.500
1851,460,YFL026W,9,0.227,0.409,0.750
1852,460,YKL178C,8,0.155,0.378,0.667
1853,460,YPL187W,7,0.066,0.364,0.583
1854,461,YIL120W,0,0.000,0.447,0.000
1855,461,YIL121W,0,0.000,0.447,0.000
1856,461,YPR157W,0,0.000,0.447,0.000
1857,461,YNL065W,0,0.000,0.447,0.000
1858,461,YPR008W,0,0.000,0.447,0.000
1859,462,YCL055W,2,0.500,0.342,0.500
1860,462,YGL192W,3,0.667,0.604,0.750
1861,463,YJR094C,0,0.000,1.000,1.000
1862,464,YFL067W,3,0.000,0.482,0.600
1863,464,YCL012C,0,0.000,0.000,0.000
1864,464,YFL064C,3,0.000,0.482,0.600
1865,464,YHL049C,1,0.000,0.170,0.200
1866,464,YFL065C,3,0.000,0.482,0.600
1867,464,YFL066C,4,0.300,0.524,0.800
1868,465,YJL073W,0,0.000,1.000,1.000
1869,466,YJR131W,0,0.000,1.000,1.000
1870,467,YGR225W,0,0.000,1.000,1.000
1871,468,YGL117W,0,0.000,1.000,1.000
1872,469,YOR271C,0,0.000,1.000,1.000
1873,470,YDR221W,0,0.000,0.577,0.000
1874,470,YMR200W,0,0.000,0.577,0.000
1875,470,YNL322C,0,0.000,0.577,0.000
1876,471,YOR066W,0,0.000,1.000,1.000
1877,472,YMR100W,0,0.000,0.577,0.000
1878,472,YKL010C,0,0.000,0.577,0.000
1879,472,YGL141W,0,0.000,0.577,0.000
1880,473,YHR009C,0,0.000,0.707,0.000
1881,473,YDL025C,0,0.000,0.707,0.000
1882,474,YJR089W,0,0.000,1.000,1.000
1883,475,YGL071W,0,0.000,1.000,1.000
1884,476,YCR097W,5,0.167,0.507,1.000
1885,476,YCR040W,4,0.083,0.436,0.800
1886,476,YCL067C,4,0.083,0.436,0.800
1887,477,YKR088C,0,0.000,0.707,0.000
1888,477,YDR084C,0,0.000,0.707,0.000
1889,478,YDR100W,1,0.000,0.707,1.000
1890,478,YMR071C,1,0.000,0.707,1.000
1891,479,YLL028W,0,0.000,0.707,0.000
1892,479,YNR055C,0,0.000,0.707,0.000
1893,480,YBR008C,0,0.000,1.000,1.000
1894,481,YGR086C,4,0.100,0.510,0.800
1895,481,YPL004C,4,0.100,0.510,0.800
1896,482,YOL101C,2,0.000,0.577,1.000
1897,482,YLR023C,2,0.000,0.577,1.000
1898,482,YJL056C,2,0.000,0.577,1.000
1899,483,YOR043W,0,0.000,1.000,1.000
1900,484,YDR497C,0,0.000,1.000,1.000
1901,485,YPL092W,0,0.000,1.000,1.000
1902,486,YPR105C,8,0.036,0.358,1.000
1903,486,YNL041C,8,0.036,0.358,1.000
1904,486,YER157W,8,0.036,0.358,1.000
1905,486,YML071C,8,0.036,0.358,1.000
1906,487,YGL038C,0,0.000,1.000,1.000
1907,488,YGL032C,0,0.000,0.577,0.000
1908,488,YCR089W,0,0.000,0.577,0.000
1909,488,YLR452C,0,0.000,0.577,0.000
1910,489,YMR216C,0,0.000,1.000,1.000
1911,490,YER001W,4,0.350,0.583,0.800
1912,490,YBR015C,3,0.050,0.524,0.600
1913,491,YPL053C,0,0.000,1.000,1.000
1914,492,YDR089W,0,0.000,1.000,1.000
1915,493,YOR220W,0,0.000,0.707,0.000
1916,493,YMR316W,0,0.000,0.707,0.000
1917,494,YBR260C,0,0.000,1.000,1.000
1918,495,YGR004W,0,0.000,0.577,0.000
1919,495,YDR479C,0,0.000,0.577,0.000
1920,495,YBR168W,0,0.000,0.577,0.000
1921,496,YLR324W,0,0.000,0.707,0.000
1922,496,YHR150W,0,0.000,0.707,0.000
1923,497,YGR184C,0,0.000,1.000,1.000
1924,498,YNL008C,1,0.000,0.707,1.000
1925,498,YMR119W,1,0.000,0.707,1.000
1926,499,YKR039W,0,0.000,0.707,0.000
1927,499,YJR152W,0,0.000,0.707,0.000
1928,500,YLL038C,0,0.000,0.577,0.000
1929,500,YGL217C,0,0.000,0.577,0.000
1930,500,YGL102C,0,0.000,0.577,0.000
1931,501,YFL048C,0,0.000,1.000,1.000
1932,502,YGR172C,3,0.167,0.557,1.000
1933,502,YGL198W,3,0.167,0.557,1.000
1934,503,YDR264C,0,0.000,0.707,0.000
1935,503,YLR246W,0,0.000,0.707,0.000
1936,504,YBR187W,0,0.000,1.000,1.000
1937,505,YER123W,0,0.000,0.707,0.000
1938,505,YPL199C,0,0.000,0.707,0.000
1939,506,YJL151C,0,0.000,1.000,1.000
1940,507,YOL073C,0,0.000,1.000,1.000
1941,508,YOL042W,0,0.000,1.000,1.000
1942,509,YDR135C,0,0.000,0.707,0.000
1943,509,YLL048C,0,0.000,0.707,0.000
1944,510,YBR053C,0,0.000,1.000,1.000
1945,511,YMR041C,0,0.000,0.500,0.000
1946,511,YBR149W,0,0.000,0.500,0.000
1947,511,YAL008W,0,0.000,0.500,0.000
1948,511,YBR056W,0,0.000,0.500,0.000
1949,512,YDR173C,4,0.400,0.506,0.800
1950,512,YDR017C,4,0.400,0.506,0.800
1951,513,YPR201W,2,0.000,0.577,1.000
1952,513,YPR199C,2,0.000,0.577,1.000
1953,513,YPR200C,2,0.000,0.577,1.000
1954,514,YBR030W,3,0.000,0.500,1.000
1955,514,YPL208W,3,0.000,0.500,1.000
1956,514,YDR198C,3,0.000,0.500,1.000
1957,514,YDR257C,3,0.000,0.500,1.000
1958,515,YDR406W,0,0.000,0.577,0.000
1959,515,YGL013C,0,0.000,0.577,0.000
1960,515,YOR328W,0,0.000,0.577,0.000
1961,516,YER049W,0,0.000,1.000,1.000
1962,517,YNL078W,1,0.000,0.707,1.000
1963,517,YOL070C,1,0.000,0.707,1.000
1964,518,YFL056C,2,0.000,0.577,1.000
1965,518,YDL243C,2,0.000,0.577,1.000
1966,518,YFL057C,2,0.000,0.577,1.000
1967,519,YOR053W,0,0.000,1.000,1.000
1968,520,YOR394C-A,0,0.000,0.577,0.000
1969,520,YOR396W,0,0.000,0.577,0.000
1970,520,YDR545W,0,0.000,0.577,0.000
1971,521,YDR545C-A,0,0.000,1.000,1.000
1972,522,YOR396C-A,0,0.000,1.000,1.000
1973,523,YPL058C,0,0.000,1.000,1.000
1974,524,YOR386W,0,0.000,0.707,0.000
1975,524,YBR078W,0,0.000,0.707,0.000
1976,525,YOR252W,0,0.000,1.000,1.000
1977,526,YOL110W,0,0.000,1.000,1.000
1978,527,YIR003W,0,0.000,1.000,1.000
1979,528,YKL142W,0,0.000,0.500,0.000
1980,528,YML052W,0,0.000,0.500,0.000
1981,528,YPR149W,0,0.000,0.500,0.000
1982,528,YMR031C,0,0.000,0.500,0.000
1983,529,YBL005W,0,0.000,1.000,1.000
1984,530,YFR018C,0,0.000,1.000,1.000
1985,531,YOR242C,0,0.000,1.000,1.000
1986,532,YJL059W,0,0.000,1.000,1.000
1987,533,YCL042W,2,0.000,0.577,1.000
1988,533,YCR024C-B,2,0.000,0.577,1.000
1989,533,YCL001W-A,2,0.000,0.577,1.000
1990,534,YBL049W,0,0.000,1.000,1.000
1991,535,YGL139W,0,0.000,0.707,0.000
1992,535,YGL146C,0,0.000,0.707,0.000
1993,536,YGL140C,0,0.000,1.000,1.000
1994,537,YML086C,0,0.000,1.000,1.000
1995,538,YOR193W,0,0.000,1.000,1.000
1996,539,YLR065C,0,0.000,1.000,1.000
1997,540,YPL075W,0,0.000,0.577,0.000
1998,540,YOR344C,0,0.000,0.577,0.000
1999,540,YDL046W,0,0.000,0.577,0.000
2000,541,YOR383C,0,0.000,1.000,1.000
2001,542,YMR325W,20,0.016,0.239,1.000
2002,542,YIL176C,20,0.016,0.239,1.000
2003,542,YCR104W,20,0.016,0.239,1.000
2004,542,YIR041W,20,0.016,0.239,1.000
2005,542,YFL020C,20,0.016,0.239,1.000
2006,542,YJL223C,20,0.016,0.239,1.000
2007,543,YLR047C,0,0.000,1.000,1.000
2008,544,YNL158W,0,0.000,1.000,1.000
2009,545,YNR044W,0,0.000,1.000,1.000
2010,546,YDR250C,0,0.000,0.707,0.000
2011,546,YBR294W,0,0.000,0.707,0.000
2012,547,YGR125W,0,0.000,1.000,1.000
2013,548,YER035W,0,0.000,1.000,1.000
2014,549,YHR139C,0,0.000,0.707,0.000
2015,549,YDR402C,0,0.000,0.707,0.000
2016,550,YML131W,0,0.000,0.707,0.000
2017,550,YLL059C,0,0.000,0.707,0.000
2018,551,YLL056C,0,0.000,1.000,1.000
2019,552,YNL199C,0,0.000,0.707,0.000
2020,552,YPL006W,0,0.000,0.707,0.000
2021,553,YER039C,0,0.000,1.000,1.000
2022,554,YBL111C,3,0.000,0.500,1.000
2023,554,YBL109W,3,0.000,0.500,1.000
2024,554,YBL113C,3,0.000,0.500,1.000
2025,554,YBL113W-A,3,0.000,0.500,1.000
2026,555,YEL004W,0,0.000,1.000,1.000
2027,556,YDR085C,0,0.000,1.000,1.000
2028,557,YLR467C-A,0,0.000,0.000,0.000
2029,557,YLR463C,1,0.000,0.707,0.500
2030,557,YLR465C,1,0.000,0.707,0.500
2031,558,YLR466C-B,0,0.000,1.000,1.000
2032,559,YBR293W,0,0.000,0.577,0.000
2033,559,YKL146W,0,0.000,0.577,0.000
2034,559,YNL101W,0,0.000,0.577,0.000
2035,560,YER119C,0,0.000,0.577,0.000
2036,560,YIL088C,0,0.000,0.577,0.000
2037,560,YCL038C,0,0.000,0.577,0.000
2038,561,YPR156C,1,0.000,0.707,0.500
2039,561,YGR138C,1,0.000,0.707,0.500
2040,561,YHR048W,0,0.000,0.000,0.000
2041,562,YLR156W,0,0.000,1.000,1.000
2042,563,YBL108W,0,0.000,0.000,0.000
2043,563,YJR162C,1,0.000,0.707,0.200
2044,563,YDR544C,0,0.000,0.000,0.000
2045,563,YER190W,0,0.000,0.000,0.000
2046,563,YHR217C,0,0.000,0.000,0.000
2047,563,YNL337W,1,0.000,0.707,0.200
2048,564,YHR219W,0,0.000,1.000,1.000
2049,565,YFL063W,0,0.000,0.000,0.000
2050,565,YDR543C,2,0.167,0.707,0.500
2051,565,YKL225W,1,0.000,0.500,0.250
2052,565,YNR077C,1,0.000,0.500,0.250
2053,565,YNL338W,0,0.000,0.000,0.000
2054,566,YER188C-A,1,0.000,0.707,1.000
2055,566,YER189W,1,0.000,0.707,1.000
2056,567,YHL050W-A,0,0.000,1.000,1.000
2057,568,YNL034W,0,0.000,0.577,0.000
2058,568,YNL018C,0,0.000,0.577,0.000
2059,568,YFL051C,0,0.000,0.577,0.000
2060,569,YNL033W,0,0.000,0.707,0.000
2061,569,YNL019C,0,0.000,0.707,0.000
