,cluster,protein,degree,betweenness_centrality,eigenvector_centrality,degree_centrality
0,0,4932.Q0017,5,0.000,0.391,0.714
1,0,4932.Q0142,1,0.000,0.078,0.143
2,0,4932.Q0143,6,0.119,0.417,0.857
3,0,4932.Q0092,2,0.000,0.161,0.286
4,0,4932.Q0010,6,0.119,0.417,0.857
5,0,4932.Q0182,5,0.000,0.391,0.714
6,0,4932.Q0032,5,0.000,0.391,0.714
7,1,4932.YLL027W,14,0.016,0.261,0.875
8,1,4932.YOR196C,13,0.020,0.237,0.812
9,1,4932.YER048W-A,14,0.008,0.266,0.875
10,1,4932.YCL017C,14,0.008,0.266,0.875
11,1,4932.YGL018C,14,0.008,0.266,0.875
12,1,4932.YPL252C,14,0.008,0.266,0.875
13,2,4932.YJR045C,3,0.000,0.439,0.600
14,2,4932.YNL328C,3,0.000,0.439,0.600
15,2,4932.YDR376W,0,0.000,0.000,0.000
16,2,4932.YEL030W,2,0.000,0.307,0.400
17,3,4932.YDR460W,31,0.004,0.131,0.348
18,3,4932.YMR112C,34,0.010,0.140,0.382
19,3,4932.YLR005W,22,0.005,0.074,0.247
20,3,4932.YKL028W,31,0.004,0.136,0.348
21,3,4932.YHR143W-A,38,0.012,0.165,0.427
22,3,4932.YER022W,36,0.012,0.144,0.404
23,3,4932.YGR186W,31,0.003,0.141,0.348
24,3,4932.YBR193C,32,0.009,0.128,0.360
25,3,4932.YDR311W,22,0.006,0.076,0.247
26,3,4932.YNL025C,15,0.003,0.045,0.169
27,3,4932.YPR168W,29,0.008,0.101,0.326
28,3,4932.YHR041C,23,0.003,0.081,0.258
29,3,4932.YMR277W,22,0.006,0.085,0.247
30,3,4932.YGR104C,28,0.006,0.100,0.315
31,3,4932.YGR005C,31,0.004,0.141,0.348
32,3,4932.YHR058C,36,0.012,0.139,0.404
33,3,4932.YGR063C,28,0.008,0.104,0.315
34,3,4932.YER139C,18,0.002,0.083,0.202
35,3,4932.YLR418C,19,0.003,0.074,0.213
36,3,4932.YDR079C-A,33,0.008,0.136,0.371
37,3,4932.YOL005C,42,0.011,0.178,0.472
38,3,4932.YKR062W,32,0.009,0.139,0.360
39,4,4932.YBL022C,0,0.000,0.000,0.000
40,4,4932.YGR231C,1,0.000,0.707,0.250
41,4,4932.YPL159C,0,0.000,0.000,0.000
42,4,4932.YGR132C,1,0.000,0.707,0.250
43,4,4932.YIL070C,0,0.000,0.000,0.000
44,5,4932.YLR055C,14,0.003,0.157,0.292
45,5,4932.YBR081C,14,0.003,0.157,0.292
46,5,4932.YDR392W,16,0.011,0.169,0.333
47,5,4932.YGR047C,14,0.005,0.097,0.292
48,5,4932.YDR362C,11,0.002,0.080,0.229
49,5,4932.YPR190C,16,0.002,0.122,0.333
50,5,4932.YMR223W,14,0.003,0.157,0.292
51,5,4932.YDL150W,16,0.002,0.122,0.333
52,5,4932.YBR123C,13,0.009,0.096,0.271
53,5,4932.YER164W,14,0.003,0.157,0.292
54,5,4932.YGL066W,14,0.003,0.157,0.292
55,5,4932.YPL082C,6,0.005,0.049,0.125
56,5,4932.YOL148C,14,0.003,0.157,0.292
57,6,4932.YGR140W,3,0.000,0.050,0.091
58,6,4932.YMR168C,3,0.000,0.050,0.091
59,6,4932.YNL311C,1,0.000,0.040,0.030
60,6,4932.YNL159C,0,0.000,0.000,0.000
61,6,4932.YER143W,0,0.000,0.000,0.000
62,6,4932.YPR164W,3,0.000,0.070,0.091
63,6,4932.YPR066W,9,0.004,0.269,0.273
64,6,4932.YDR306C,0,0.000,0.000,0.000
65,6,4932.YPL003W,7,0.000,0.229,0.212
66,6,4932.YJR090C,6,0.000,0.185,0.182
67,6,4932.YER116C,2,0.000,0.040,0.061
68,6,4932.YOR080W,2,0.000,0.076,0.061
69,6,4932.YLR128W,7,0.005,0.193,0.212
70,6,4932.YIL001W,0,0.000,0.000,0.000
71,6,4932.YLR306W,8,0.003,0.242,0.242
72,6,4932.YOL025W,3,0.000,0.087,0.091
73,6,4932.YMR094W,3,0.000,0.050,0.091
74,6,4932.YJL149W,1,0.000,0.040,0.030
75,6,4932.YDR202C,2,0.000,0.044,0.061
76,6,4932.YLR320W,3,0.000,0.070,0.091
77,6,4932.YER066W,3,0.000,0.115,0.091
78,6,4932.YNL230C,2,0.000,0.051,0.061
79,6,4932.YDR332W,0,0.000,0.000,0.000
80,6,4932.YLR352W,2,0.000,0.076,0.061
81,6,4932.YJR033C,2,0.000,0.044,0.061
82,7,4932.YIL103W,6,0.010,0.087,0.300
83,7,4932.YGL211W,11,0.014,0.296,0.550
84,7,4932.YLR172C,6,0.010,0.087,0.300
85,7,4932.YKL110C,8,0.011,0.226,0.400
86,7,4932.YKL191W,6,0.010,0.087,0.300
87,7,4932.YML014W,8,0.014,0.220,0.400
88,8,4932.YDR258C,10,0.005,0.231,0.435
89,8,4932.YLL026W,11,0.007,0.246,0.478
90,8,4932.YNL064C,9,0.028,0.192,0.391
91,8,4932.YDR168W,9,0.004,0.203,0.391
92,8,4932.YGR285C,3,0.005,0.041,0.130
93,8,4932.YLR216C,13,0.017,0.281,0.565
94,9,4932.YOR023C,15,0.005,0.086,0.138
95,9,4932.YBR234C,9,0.001,0.020,0.083
96,9,4932.YHR114W,12,0.004,0.022,0.110
97,9,4932.YJL020C,9,0.001,0.008,0.083
98,9,4932.YDR485C,24,0.001,0.167,0.220
99,9,4932.YIL062C,14,0.004,0.024,0.128
100,9,4932.YNL136W,18,0.001,0.128,0.165
101,9,4932.YLR370C,10,0.003,0.020,0.092
102,9,4932.YDL002C,23,0.005,0.152,0.211
103,9,4932.YGR080W,10,0.003,0.021,0.092
104,9,4932.YOR244W,24,0.005,0.149,0.220
105,9,4932.YNL059C,20,0.001,0.134,0.183
106,9,4932.YFL024C,24,0.003,0.150,0.220
107,9,4932.YKL033W,8,0.001,0.028,0.073
108,9,4932.YMR127C,19,0.001,0.126,0.174
109,9,4932.YOR213C,19,0.001,0.118,0.174
110,9,4932.YKL129C,11,0.006,0.022,0.101
111,9,4932.YMR092C,11,0.003,0.021,0.101
112,9,4932.YDR448W,19,0.001,0.118,0.174
113,9,4932.YPR023C,26,0.005,0.159,0.239
114,9,4932.YPL254W,19,0.001,0.116,0.174
115,9,4932.YOR122C,16,0.002,0.027,0.147
116,9,4932.YCL010C,10,0.001,0.053,0.092
117,9,4932.YDR334W,27,0.003,0.182,0.248
118,9,4932.YOR035C,4,0.001,0.003,0.037
119,9,4932.YPL242C,6,0.006,0.015,0.055
120,9,4932.YBL052C,13,0.004,0.070,0.119
121,10,4932.YDR225W,16,0.006,0.213,0.381
122,10,4932.YGL207W,15,0.010,0.197,0.357
123,10,4932.YBL008W,12,0.013,0.140,0.286
124,10,4932.YPR018W,10,0.004,0.121,0.238
125,10,4932.YML069W,16,0.011,0.203,0.381
126,10,4932.YBL003C,15,0.004,0.204,0.357
127,10,4932.YBR195C,12,0.004,0.146,0.286
128,10,4932.YDR096W,4,0.010,0.035,0.095
129,10,4932.YER169W,4,0.010,0.035,0.095
130,10,4932.YEL056W,14,0.005,0.188,0.333
131,10,4932.YDR440W,9,0.013,0.122,0.214
132,11,4932.YOL145C,0,0.000,1.000,1.000
133,12,4932.YJR035W,0,0.000,1.000,1.000
134,13,4932.YDR087C,125,0.002,0.081,0.607
135,13,4932.YHR169W,128,0.002,0.085,0.621
136,13,4932.YCL059C,138,0.003,0.090,0.670
137,13,4932.YKL099C,109,0.002,0.072,0.529
138,13,4932.YPL266W,133,0.002,0.089,0.646
139,13,4932.YDL014W,122,0.002,0.081,0.592
140,13,4932.YPR144C,139,0.003,0.091,0.675
141,13,4932.YOL041C,120,0.002,0.079,0.583
142,13,4932.YDL153C,127,0.001,0.087,0.617
143,13,4932.YPL146C,112,0.002,0.075,0.544
144,13,4932.YJL109C,128,0.003,0.084,0.621
145,13,4932.YGL171W,140,0.002,0.093,0.680
146,13,4932.YJR002W,131,0.002,0.087,0.636
147,13,4932.YOR287C,109,0.002,0.071,0.529
148,13,4932.YML093W,135,0.004,0.089,0.655
149,13,4932.YFL002C,132,0.002,0.089,0.641
150,13,4932.YDR060W,122,0.002,0.081,0.592
151,13,4932.YPL126W,130,0.002,0.086,0.631
152,13,4932.YDR324C,136,0.003,0.090,0.660
153,13,4932.YOR004W,136,0.003,0.088,0.660
154,13,4932.YGL120C,129,0.002,0.086,0.626
155,13,4932.YER126C,127,0.003,0.082,0.617
156,13,4932.YHR066W,126,0.003,0.081,0.612
157,13,4932.YLL011W,130,0.002,0.087,0.631
158,13,4932.YER002W,95,0.001,0.060,0.461
159,13,4932.YOR145C,138,0.003,0.090,0.670
160,13,4932.YNR038W,116,0.003,0.077,0.563
161,13,4932.YIL091C,130,0.002,0.088,0.631
162,13,4932.YGL099W,74,0.003,0.053,0.359
163,13,4932.YPR112C,124,0.002,0.084,0.602
164,13,4932.YJL010C,134,0.002,0.090,0.650
165,13,4932.YMR128W,120,0.002,0.081,0.583
166,13,4932.YDL031W,133,0.003,0.087,0.646
167,13,4932.YGR090W,124,0.002,0.082,0.602
168,13,4932.YJL069C,134,0.002,0.089,0.650
169,13,4932.YMR229C,144,0.003,0.093,0.699
170,13,4932.YPR143W,116,0.002,0.077,0.563
171,13,4932.YER082C,142,0.003,0.093,0.689
172,13,4932.YER127W,136,0.003,0.090,0.660
173,13,4932.YDL060W,144,0.004,0.093,0.699
174,13,4932.YMR093W,136,0.003,0.090,0.660
175,13,4932.YBR142W,122,0.002,0.083,0.592
176,13,4932.YNR053C,128,0.003,0.083,0.621
177,13,4932.YLR002C,138,0.003,0.089,0.670
178,13,4932.YNL308C,142,0.003,0.093,0.689
179,13,4932.YDR449C,146,0.003,0.096,0.709
180,13,4932.YDL208W,108,0.003,0.072,0.524
181,13,4932.YLR196W,126,0.002,0.085,0.612
182,13,4932.YHR148W,115,0.002,0.077,0.558
183,13,4932.YDL148C,148,0.004,0.096,0.718
184,13,4932.YDR365C,118,0.001,0.080,0.573
185,13,4932.YLR435W,86,0.003,0.059,0.417
186,14,4932.YDR280W,17,0.003,0.237,0.586
187,14,4932.YDL111C,17,0.003,0.237,0.586
188,14,4932.YDL175C,8,0.004,0.065,0.276
189,14,4932.YGR158C,18,0.005,0.246,0.621
190,14,4932.YGR195W,18,0.005,0.246,0.621
191,14,4932.YIL079C,8,0.004,0.065,0.276
192,14,4932.YGR095C,18,0.005,0.246,0.621
193,15,4932.YGL050W,4,0.000,0.447,0.444
194,15,4932.YDR140W,0,0.000,0.000,0.000
195,15,4932.YML005W,4,0.000,0.447,0.444
196,15,4932.YJL035C,0,0.000,0.000,0.000
197,15,4932.YOR274W,0,0.000,0.000,0.000
198,15,4932.YLR405W,0,0.000,0.000,0.000
199,15,4932.YOL141W,4,0.000,0.447,0.444
200,15,4932.YHR070W,4,0.000,0.447,0.444
201,15,4932.YIL025C,0,0.000,0.000,0.000
202,15,4932.YPL207W,4,0.000,0.447,0.444
203,16,4932.YML106W,6,0.013,0.346,0.462
204,16,4932.YKL216W,6,0.013,0.346,0.462
205,16,4932.YGR061C,2,0.006,0.073,0.154
206,17,4932.YLR209C,4,0.022,0.435,0.667
207,17,4932.YDR400W,4,0.022,0.435,0.667
208,18,4932.YIL148W,142,0.001,0.081,0.855
209,18,4932.YMR230W,148,0.001,0.083,0.892
210,18,4932.YGL031C,145,0.001,0.082,0.873
211,18,4932.YDL191W,147,0.001,0.083,0.886
212,18,4932.YDL136W,147,0.001,0.083,0.886
213,18,4932.YPR102C,149,0.001,0.084,0.898
214,18,4932.YHR021C,147,0.001,0.082,0.886
215,18,4932.YLR048W,149,0.001,0.083,0.898
216,18,4932.YOL120C,148,0.001,0.083,0.892
217,18,4932.YBL027W,149,0.001,0.083,0.898
218,18,4932.YDR450W,152,0.001,0.084,0.916
219,18,4932.YJL191W,152,0.001,0.084,0.916
220,18,4932.YLR333C,145,0.001,0.082,0.873
221,18,4932.YLR287C-A,151,0.002,0.083,0.910
222,18,4932.YPL131W,153,0.001,0.084,0.922
223,18,4932.YER117W,144,0.001,0.082,0.867
224,18,4932.YGL103W,151,0.001,0.084,0.910
225,18,4932.YHR203C,154,0.002,0.085,0.928
226,18,4932.YMR242C,149,0.001,0.084,0.898
227,18,4932.YBR189W,150,0.001,0.084,0.904
228,18,4932.YMR146C,105,0.001,0.057,0.633
229,18,4932.YGR085C,149,0.001,0.084,0.898
230,18,4932.YML063W,153,0.001,0.084,0.922
231,18,4932.YNL302C,148,0.001,0.083,0.892
232,18,4932.YPL081W,154,0.001,0.085,0.928
233,18,4932.YLR325C,149,0.001,0.083,0.898
234,18,4932.YBL087C,144,0.001,0.082,0.867
235,18,4932.YDR012W,148,0.001,0.083,0.892
236,18,4932.YKL156W,149,0.001,0.083,0.898
237,18,4932.YFR031C-A,150,0.001,0.084,0.904
238,18,4932.YPR132W,154,0.002,0.085,0.928
239,18,4932.YNL162W,149,0.001,0.083,0.898
240,18,4932.YOR182C,151,0.002,0.083,0.910
241,18,4932.YDR025W,152,0.001,0.084,0.916
242,18,4932.YDL082W,149,0.001,0.083,0.898
243,18,4932.YLR029C,151,0.001,0.084,0.910
244,18,4932.YOL127W,149,0.001,0.083,0.898
245,18,4932.YKR094C,143,0.001,0.081,0.861
246,18,4932.YAL035W,123,0.001,0.068,0.741
247,18,4932.YOL121C,152,0.001,0.084,0.916
248,18,4932.YER131W,151,0.001,0.084,0.910
249,18,4932.YBL092W,147,0.001,0.082,0.886
250,18,4932.YGL189C,153,0.002,0.084,0.922
251,19,4932.YBR118W,0,0.000,1.000,1.000
252,20,4932.YDR237W,67,0.005,0.127,0.807
253,20,4932.YOR150W,69,0.004,0.131,0.831
254,20,4932.YJR113C,70,0.005,0.131,0.843
255,20,4932.YML009C,57,0.004,0.109,0.687
256,20,4932.YMR024W,63,0.003,0.122,0.759
257,20,4932.YMR188C,63,0.005,0.119,0.759
258,20,4932.YNR036C,62,0.003,0.118,0.747
259,20,4932.YCR003W,68,0.004,0.129,0.819
260,20,4932.YDR041W,68,0.006,0.127,0.819
261,20,4932.YLR439W,68,0.005,0.129,0.819
262,20,4932.YBL090W,67,0.004,0.127,0.807
263,20,4932.YBR268W,37,0.004,0.074,0.446
264,20,4932.YNL306W,69,0.004,0.131,0.831
265,20,4932.YML025C,59,0.004,0.112,0.711
266,20,4932.YJR101W,63,0.005,0.119,0.759
267,20,4932.YDR175C,60,0.003,0.115,0.723
268,20,4932.YPR166C,72,0.006,0.135,0.867
269,20,4932.YDL045W-A,65,0.003,0.125,0.783
270,20,4932.YER050C,70,0.005,0.132,0.843
271,20,4932.YGR215W,66,0.004,0.126,0.795
272,20,4932.YNL177C,67,0.004,0.128,0.807
273,21,4932.YJR007W,8,0.000,0.333,0.800
274,21,4932.YHR115C,0,0.000,0.000,0.000
275,21,4932.YPL237W,8,0.000,0.333,0.800
276,21,4932.YDR211W,8,0.000,0.333,0.800
277,21,4932.YOR260W,8,0.000,0.333,0.800
278,21,4932.YLR291C,8,0.000,0.333,0.800
279,21,4932.YGR083C,8,0.000,0.333,0.800
280,21,4932.YER025W,8,0.000,0.333,0.800
281,21,4932.YKR026C,8,0.000,0.333,0.800
282,21,4932.YNL116W,0,0.000,0.000,0.000
283,21,4932.YDR283C,8,0.000,0.333,0.800
284,22,4932.YML088W,0,0.000,0.000,0.000
285,22,4932.YLR436C,0,0.000,0.000,0.000
286,22,4932.YLR167W,2,0.000,0.435,0.333
287,22,4932.YDR059C,2,0.000,0.435,0.333
288,22,4932.YHL013C,0,0.000,0.000,0.000
289,23,4932.YNR032W,6,0.004,0.143,0.261
290,23,4932.YMR028W,10,0.014,0.238,0.435
291,23,4932.YPL152W,12,0.016,0.288,0.522
292,23,4932.YML109W,5,0.010,0.120,0.217
293,23,4932.YIL153W,12,0.016,0.288,0.522
294,23,4932.YDR075W,11,0.008,0.274,0.478
295,24,4932.YPR080W,0,0.000,1.000,1.000
296,25,4932.YDR188W,5,0.000,0.205,0.357
297,25,4932.YGR078C,6,0.011,0.294,0.429
298,25,4932.YDR183W,0,0.000,0.000,0.000
299,25,4932.YJL179W,5,0.000,0.270,0.357
300,25,4932.YNL153C,6,0.044,0.321,0.429
301,25,4932.YJL111W,5,0.000,0.205,0.357
302,25,4932.YJL014W,5,0.000,0.205,0.357
303,25,4932.YEL003W,5,0.000,0.270,0.357
304,25,4932.YDL143W,5,0.000,0.205,0.357
305,25,4932.YMR074C,3,0.000,0.172,0.214
306,25,4932.YFL023W,1,0.000,0.059,0.071
307,26,4932.YNL052W,29,0.005,0.170,0.500
308,26,4932.YJL045W,20,0.008,0.110,0.345
309,26,4932.YMR145C,31,0.007,0.174,0.534
310,26,4932.YHR001W-A,30,0.004,0.175,0.517
311,26,4932.YML120C,30,0.007,0.170,0.517
312,26,4932.YKL141W,21,0.009,0.116,0.362
313,26,4932.YGL191W,30,0.006,0.172,0.517
314,26,4932.Q0045,30,0.012,0.168,0.517
315,26,4932.YDR178W,19,0.002,0.109,0.328
316,26,4932.YGR183C,35,0.008,0.195,0.603
317,26,4932.YMR256C,26,0.013,0.157,0.448
318,26,4932.YFR033C,36,0.010,0.197,0.621
319,26,4932.YNR018W,14,0.001,0.084,0.241
320,26,4932.YIL111W,26,0.001,0.159,0.448
321,26,4932.YDL085W,29,0.008,0.160,0.500
322,27,4932.YER141W,1,0.000,0.707,0.500
323,27,4932.YPL172C,1,0.000,0.707,0.500
324,27,4932.YDR305C,0,0.000,0.000,0.000
325,28,4932.YFL036W,2,0.000,0.577,1.000
326,28,4932.YLR067C,2,0.000,0.577,1.000
327,28,4932.YDL044C,2,0.000,0.577,1.000
328,29,4932.YJL062W-A,4,0.000,0.426,0.500
329,29,4932.YML129C,4,0.000,0.426,0.500
330,29,4932.YBR037C,0,0.000,0.000,0.000
331,29,4932.YBR024W,1,0.000,0.113,0.125
332,29,4932.YIL157C,4,0.000,0.426,0.500
333,29,4932.YPL189C-A,1,0.000,0.113,0.125
334,29,4932.YGR021W,1,0.000,0.108,0.125
335,30,4932.YML081C-A,21,0.015,0.228,0.700
336,30,4932.YEL051W,18,0.010,0.199,0.600
337,30,4932.Q0130,18,0.007,0.203,0.600
338,30,4932.YDR298C,22,0.016,0.239,0.733
339,30,4932.Q0085,20,0.012,0.217,0.667
340,30,4932.YBR039W,21,0.013,0.231,0.700
341,30,4932.YKL016C,22,0.016,0.239,0.733
342,30,4932.YOR332W,17,0.008,0.188,0.567
343,30,4932.YHR039C-A,17,0.008,0.188,0.567
344,31,4932.Q0110,0,0.000,1.000,1.000
345,32,4932.Q0075,1,0.000,0.707,1.000
346,32,4932.Q0115,1,0.000,0.707,1.000
347,33,4932.YDR031W,12,0.006,0.273,0.706
348,33,4932.YHR005C-A,12,0.006,0.269,0.706
349,33,4932.YGR029W,13,0.014,0.286,0.765
350,33,4932.YGR181W,12,0.006,0.269,0.706
351,33,4932.YJR135W-A,12,0.006,0.273,0.706
352,34,4932.YDR197W,0,0.000,1.000,1.000
353,35,4932.YPL215W,0,0.000,1.000,1.000
354,36,4932.YGR062C,1,0.000,0.707,1.000
355,36,4932.YOR266W,1,0.000,0.707,1.000
356,37,4932.YDR231C,0,0.000,1.000,1.000
357,38,4932.YDR296W,0,0.000,1.000,1.000
358,39,4932.YNR033W,5,0.006,0.147,0.227
359,39,4932.YOR202W,8,0.003,0.242,0.364
360,39,4932.YDR007W,6,0.005,0.187,0.273
361,39,4932.YNL316C,6,0.007,0.184,0.273
362,39,4932.YER090W,6,0.007,0.184,0.273
363,39,4932.YBR248C,9,0.014,0.261,0.409
364,40,4932.YLR033W,16,0.000,0.205,0.615
365,40,4932.YLR321C,18,0.007,0.222,0.692
366,40,4932.YIL126W,19,0.011,0.230,0.731
367,40,4932.YDR073W,10,0.000,0.096,0.385
368,40,4932.YKR008W,16,0.000,0.205,0.615
369,40,4932.YDR303C,16,0.000,0.205,0.615
370,40,4932.YMR091C,16,0.000,0.205,0.615
371,40,4932.YBL006C,16,0.000,0.205,0.615
372,40,4932.YBR289W,15,0.011,0.159,0.577
373,40,4932.YFL049W,10,0.000,0.096,0.385
374,40,4932.YPL016W,10,0.000,0.096,0.385
375,40,4932.YBR089C-A,1,0.000,0.015,0.038
376,40,4932.YPR052C,2,0.000,0.030,0.077
377,40,4932.YHL025W,10,0.000,0.096,0.385
378,40,4932.YFR037C,19,0.011,0.230,0.731
379,40,4932.YHR056C,16,0.000,0.205,0.615
380,40,4932.YML127W,16,0.000,0.205,0.615
381,40,4932.YNR023W,14,0.008,0.147,0.538
382,40,4932.YCR020W-B,16,0.000,0.205,0.615
383,40,4932.YCR052W,19,0.010,0.231,0.731
384,41,4932.YCR053W,0,0.000,1.000,1.000
385,42,4932.YKL018W,17,0.002,0.231,0.447
386,42,4932.YLR277C,18,0.006,0.239,0.474
387,42,4932.YKL059C,18,0.006,0.239,0.474
388,42,4932.YNL317W,17,0.003,0.229,0.447
389,42,4932.YPR107C,18,0.006,0.239,0.474
390,42,4932.YDR195W,17,0.002,0.231,0.447
391,42,4932.YDR228C,18,0.006,0.239,0.474
392,42,4932.YLR115W,18,0.006,0.239,0.474
393,42,4932.YOR179C,17,0.002,0.231,0.447
394,42,4932.YNL222W,17,0.002,0.231,0.447
395,42,4932.YJR093C,17,0.002,0.231,0.447
396,42,4932.YGL044C,18,0.006,0.239,0.474
397,42,4932.YDR028C,5,0.002,0.019,0.132
398,42,4932.YKR002W,17,0.003,0.229,0.447
399,42,4932.YDR301W,18,0.006,0.239,0.474
400,42,4932.YAL043C,18,0.006,0.239,0.474
401,43,4932.YBR175W,6,0.000,0.378,0.857
402,43,4932.YHR119W,6,0.000,0.378,0.857
403,43,4932.YLR015W,6,0.000,0.378,0.857
404,43,4932.YAR003W,6,0.000,0.378,0.857
405,43,4932.YPL165C,0,0.000,0.000,0.000
406,43,4932.YPL138C,6,0.000,0.378,0.857
407,43,4932.YDR469W,6,0.000,0.378,0.857
408,43,4932.YBR258C,6,0.000,0.378,0.857
409,44,4932.YBR065C,50,0.003,0.112,0.515
410,44,4932.YJR050W,40,0.002,0.087,0.412
411,44,4932.YIR009W,65,0.009,0.137,0.670
412,44,4932.YGR129W,55,0.007,0.118,0.567
413,44,4932.YJL203W,66,0.010,0.138,0.680
414,44,4932.YDL030W,62,0.007,0.133,0.639
415,44,4932.YDR473C,48,0.004,0.104,0.495
416,44,4932.YDR163W,49,0.003,0.110,0.505
417,44,4932.YPR101W,42,0.005,0.091,0.433
418,44,4932.YPR094W,61,0.007,0.131,0.629
419,44,4932.YNL138W-A,55,0.004,0.122,0.567
420,44,4932.YDL087C,36,0.005,0.081,0.371
421,44,4932.YOR319W,64,0.008,0.135,0.660
422,44,4932.YER013W,40,0.003,0.088,0.412
423,44,4932.YCR063W,50,0.002,0.114,0.515
424,44,4932.YGL174W,47,0.003,0.107,0.485
425,44,4932.YPL151C,51,0.003,0.115,0.526
426,44,4932.YDR416W,61,0.009,0.130,0.629
427,44,4932.YGR006W,49,0.006,0.101,0.505
428,44,4932.YNR011C,46,0.007,0.105,0.474
429,44,4932.YAL032C,54,0.004,0.119,0.557
430,44,4932.YBR055C,44,0.007,0.093,0.454
431,44,4932.YGR013W,33,0.004,0.073,0.340
432,44,4932.YIR005W,47,0.003,0.109,0.485
433,45,4932.YGR208W,1,0.000,0.707,1.000
434,45,4932.YOR184W,1,0.000,0.707,1.000
435,46,4932.YNR004W,0,0.000,0.000,0.000
436,46,4932.YMR125W,1,0.000,0.707,0.500
437,46,4932.YPL178W,1,0.000,0.707,0.500
438,47,4932.YDR004W,23,0.009,0.160,0.354
439,47,4932.YPL024W,17,0.004,0.123,0.262
440,47,4932.YMR167W,21,0.016,0.127,0.323
441,47,4932.YCR092C,17,0.008,0.111,0.262
442,47,4932.YDL059C,18,0.003,0.136,0.277
443,47,4932.YML095C,17,0.009,0.110,0.262
444,47,4932.YLR234W,21,0.006,0.146,0.323
445,47,4932.YLR032W,17,0.008,0.109,0.262
446,47,4932.YGL163C,29,0.014,0.192,0.446
447,47,4932.YOR144C,14,0.003,0.098,0.215
448,47,4932.YPL153C,26,0.014,0.160,0.400
449,47,4932.YMR201C,14,0.006,0.080,0.215
450,47,4932.YHR154W,17,0.005,0.115,0.262
451,47,4932.YKL113C,29,0.014,0.191,0.446
452,47,4932.YER173W,18,0.004,0.127,0.277
453,47,4932.YDR097C,19,0.013,0.125,0.292
454,48,4932.YIR001C,0,0.000,0.707,0.000
455,48,4932.YMR061W,0,0.000,0.707,0.000
456,49,4932.YOR048C,1,0.000,0.707,0.500
457,49,4932.YGL246C,1,0.000,0.707,0.500
458,49,4932.YKR063C,0,0.000,0.000,0.000
459,50,4932.YHR033W,3,0.000,0.224,0.375
460,50,4932.YOR323C,6,0.048,0.399,0.750
461,50,4932.YDR300C,5,0.000,0.364,0.625
462,50,4932.YOR348C,1,0.000,0.073,0.125
463,50,4932.YER023W,5,0.000,0.364,0.625
464,50,4932.YKL015W,2,0.000,0.151,0.250
465,50,4932.YLR438W,6,0.048,0.399,0.750
466,51,4932.YGR055W,1,0.000,0.085,0.050
467,51,4932.YDR525W-A,0,0.000,0.000,0.000
468,51,4932.YFR022W,2,0.000,0.201,0.100
469,51,4932.YNR051C,0,0.000,0.000,0.000
470,51,4932.YGR068C,1,0.000,0.116,0.050
471,51,4932.YKR021W,3,0.000,0.252,0.150
472,51,4932.YPL176C,1,0.000,0.116,0.050
473,51,4932.YBR021W,1,0.000,0.116,0.050
474,51,4932.YLR392C,1,0.000,0.116,0.050
475,51,4932.YPR030W,1,0.000,0.116,0.050
476,51,4932.YDL212W,0,0.000,0.000,0.000
477,51,4932.YBL101C,2,0.000,0.201,0.100
478,51,4932.YML111W,2,0.000,0.174,0.100
479,51,4932.YOR138C,1,0.000,0.116,0.050
480,51,4932.YDL122W,0,0.000,0.000,0.000
481,51,4932.YMR275C,3,0.000,0.259,0.150
482,51,4932.YMR171C,1,0.000,0.116,0.050
483,51,4932.YOR018W,3,0.000,0.252,0.150
484,52,4932.YDR457W,0,0.000,0.000,0.000
485,52,4932.YGL017W,0,0.000,0.000,0.000
486,52,4932.YDL020C,0,0.000,0.000,0.000
487,52,4932.YDL074C,1,0.000,0.707,0.250
488,52,4932.YGL058W,1,0.000,0.707,0.250
489,53,4932.YER151C,0,0.000,1.000,1.000
490,54,4932.YPL094C,11,0.006,0.177,0.250
491,54,4932.YOL088C,6,0.001,0.058,0.136
492,54,4932.YOR103C,12,0.004,0.200,0.273
493,54,4932.YGL022W,13,0.006,0.215,0.295
494,54,4932.YGR284C,9,0.011,0.136,0.205
495,54,4932.YJL002C,12,0.004,0.208,0.273
496,54,4932.YDR518W,8,0.009,0.103,0.182
497,54,4932.YHR079C,5,0.001,0.060,0.114
498,54,4932.YHR204W,4,0.004,0.058,0.091
499,54,4932.YDR519W,3,0.008,0.023,0.068
500,54,4932.YMR214W,5,0.003,0.085,0.114
501,54,4932.YDR086C,9,0.004,0.150,0.205
502,55,4932.YMR138W,6,0.017,0.294,0.600
503,55,4932.YFL037W,7,0.008,0.352,0.700
504,55,4932.YNL148C,7,0.008,0.352,0.700
505,55,4932.YER007W,7,0.008,0.352,0.700
506,56,4932.YOR262W,0,0.000,0.707,0.000
507,56,4932.YLR243W,0,0.000,0.707,0.000
508,57,4932.YPL087W,9,0.022,0.297,0.643
509,57,4932.YOR171C,10,0.036,0.318,0.714
510,57,4932.YLR260W,10,0.036,0.318,0.714
511,57,4932.YKR053C,9,0.022,0.298,0.643
512,57,4932.YJL134W,9,0.022,0.298,0.643
513,58,4932.YDL114W,0,0.000,1.000,1.000
514,59,4932.YKL051W,0,0.000,0.000,0.000
515,59,4932.YHR073W,2,0.000,0.077,0.111
516,59,4932.YJL100W,7,0.001,0.322,0.389
517,59,4932.YOR109W,7,0.001,0.322,0.389
518,59,4932.YBR058C-A,5,0.000,0.137,0.278
519,59,4932.YMR124W,0,0.000,0.000,0.000
520,59,4932.YMR296C,5,0.000,0.137,0.278
521,59,4932.YPL268W,7,0.001,0.322,0.389
522,59,4932.YNL106C,7,0.001,0.322,0.389
523,59,4932.YNL128W,6,0.000,0.287,0.333
524,59,4932.YDL019C,0,0.000,0.000,0.000
525,59,4932.YJR110W,6,0.000,0.287,0.333
526,59,4932.YDR372C,1,0.000,0.061,0.056
527,59,4932.YDR062W,5,0.000,0.137,0.278
528,59,4932.YGR038W,5,0.000,0.137,0.278
529,59,4932.YLR350W,5,0.000,0.137,0.278
530,60,4932.YBR283C,0,0.000,1.000,1.000
531,61,4932.YML116W,0,0.000,0.000,0.000
532,61,4932.YML007W,1,0.000,0.707,0.500
533,61,4932.YIR037W,1,0.000,0.707,0.500
534,62,4932.YOR157C,38,0.003,0.153,0.442
535,62,4932.YFR004W,40,0.005,0.162,0.465
536,62,4932.YFR052W,40,0.005,0.163,0.465
537,62,4932.YER021W,41,0.007,0.164,0.477
538,62,4932.YKL206C,18,0.006,0.063,0.209
539,62,4932.YOR261C,41,0.006,0.164,0.477
540,62,4932.YDL097C,40,0.005,0.163,0.465
541,62,4932.YER012W,41,0.008,0.161,0.477
542,62,4932.YML013W,16,0.006,0.006,0.186
543,62,4932.YGL048C,42,0.007,0.167,0.488
544,62,4932.YLR421C,41,0.006,0.164,0.477
545,62,4932.YIL075C,41,0.007,0.164,0.477
546,62,4932.YDL147W,41,0.007,0.165,0.477
547,62,4932.YML092C,39,0.007,0.159,0.453
548,62,4932.YDR427W,40,0.005,0.163,0.465
549,62,4932.YPR108W,39,0.005,0.161,0.453
550,62,4932.YGL011C,39,0.007,0.159,0.453
551,62,4932.YBL058W,11,0.003,0.011,0.128
552,62,4932.YHR027C,42,0.008,0.166,0.488
553,62,4932.YBL041W,39,0.007,0.159,0.453
554,62,4932.YDL190C,11,0.004,0.014,0.128
555,62,4932.YER094C,39,0.007,0.159,0.453
556,63,4932.YLR024C,0,0.000,1.000,1.000
557,64,4932.YER093C,9,0.001,0.316,0.643
558,64,4932.YJL058C,9,0.001,0.316,0.643
559,64,4932.YNL006W,9,0.001,0.316,0.643
560,64,4932.YMR068W,9,0.001,0.316,0.643
561,64,4932.YOL078W,9,0.001,0.316,0.643
562,65,4932.YBL105C,0,0.000,0.577,0.000
563,65,4932.YGR229C,0,0.000,0.577,0.000
564,65,4932.YER155C,0,0.000,0.577,0.000
565,66,4932.YNL270C,2,0.000,0.577,1.000
566,66,4932.YCR021C,2,0.000,0.577,1.000
567,66,4932.YCR027C,2,0.000,0.577,1.000
568,67,4932.YDL047W,0,0.000,1.000,1.000
569,68,4932.YJR147W,0,0.000,0.500,0.000
570,68,4932.YGL073W,0,0.000,0.500,0.000
571,68,4932.YHR206W,0,0.000,0.500,0.000
572,68,4932.YGR249W,0,0.000,0.500,0.000
573,69,4932.YPL166W,10,0.010,0.230,0.357
574,69,4932.YNL223W,11,0.013,0.257,0.393
575,69,4932.YBR217W,11,0.008,0.260,0.393
576,69,4932.YPR185W,10,0.011,0.237,0.357
577,69,4932.YLR312C,3,0.003,0.059,0.107
578,69,4932.YDR022C,8,0.003,0.203,0.286
579,69,4932.YMR159C,8,0.003,0.199,0.286
580,69,4932.YLR423C,9,0.005,0.213,0.321
581,70,4932.YML121W,4,0.167,0.510,1.000
582,70,4932.YCR075W-A,3,0.000,0.439,0.750
583,70,4932.YGL023C,2,0.000,0.307,0.500
584,70,4932.YGR163W,4,0.167,0.510,1.000
585,70,4932.YBR077C,3,0.000,0.439,0.750
586,71,4932.YKL126W,0,0.000,0.707,0.000
587,71,4932.YHR205W,0,0.000,0.707,0.000
588,72,4932.YIL105C,0,0.000,1.000,1.000
589,73,4932.YGL049C,4,0.022,0.409,0.667
590,73,4932.YOR276W,4,0.022,0.409,0.667
591,74,4932.YMR104C,0,0.000,1.000,1.000
592,75,4932.YOR005C,6,0.048,0.403,0.857
593,75,4932.YMR106C,6,0.048,0.403,0.857
594,75,4932.YMR284W,6,0.048,0.403,0.857
595,75,4932.YCR014C,6,0.048,0.403,0.857
596,76,4932.YNL135C,0,0.000,1.000,1.000
597,77,4932.YOR231W,9,0.024,0.186,0.225
598,77,4932.YPR054W,6,0.004,0.148,0.150
599,77,4932.YER045C,6,0.017,0.182,0.150
600,77,4932.YHR084W,8,0.014,0.173,0.200
601,77,4932.YJL095W,6,0.006,0.115,0.150
602,77,4932.YPL089C,5,0.007,0.114,0.125
603,77,4932.YNL053W,5,0.007,0.148,0.125
604,77,4932.YKL161C,6,0.008,0.123,0.150
605,77,4932.YDL006W,8,0.019,0.196,0.200
606,77,4932.YER075C,7,0.017,0.223,0.175
607,77,4932.YPL140C,7,0.016,0.153,0.175
608,78,4932.YNR058W,6,0.222,0.486,0.857
609,78,4932.YNR057C,4,0.032,0.375,0.571
610,78,4932.YNR056C,6,0.222,0.486,0.857
611,79,4932.YGL040C,6,0.000,0.376,0.750
612,79,4932.YLR205C,1,0.000,0.064,0.125
613,79,4932.YDL205C,6,0.000,0.376,0.750
614,79,4932.YOR278W,6,0.000,0.376,0.750
615,79,4932.YDL119C,0,0.000,0.000,0.000
616,79,4932.YDR047W,6,0.000,0.376,0.750
617,79,4932.YOR176W,6,0.000,0.376,0.750
618,79,4932.YDR232W,6,0.000,0.376,0.750
619,80,4932.YNL240C,7,0.014,0.373,0.875
620,80,4932.YIL003W,7,0.014,0.373,0.875
621,80,4932.YGL091C,7,0.014,0.373,0.875
622,80,4932.YIL128W,7,0.014,0.373,0.875
623,80,4932.YHR122W,7,0.014,0.373,0.875
624,81,4932.YBL014C,7,0.036,0.381,1.000
625,81,4932.YLR141W,7,0.036,0.381,1.000
626,81,4932.YJL025W,7,0.036,0.381,1.000
627,81,4932.YML043C,7,0.036,0.381,1.000
628,82,4932.YFL021W,0,0.000,0.577,0.000
629,82,4932.YDL106C,0,0.000,0.577,0.000
630,82,4932.YEL009C,0,0.000,0.577,0.000
631,83,4932.YER110C,13,0.019,0.269,0.650
632,83,4932.YDR335W,11,0.014,0.230,0.550
633,83,4932.YGL241W,11,0.009,0.237,0.550
634,83,4932.YOR160W,11,0.010,0.235,0.550
635,83,4932.YMR308C,13,0.019,0.269,0.650
636,83,4932.YER009W,9,0.017,0.165,0.450
637,84,4932.YBR020W,6,0.033,0.405,1.000
638,84,4932.YML051W,6,0.033,0.405,1.000
639,84,4932.YDR009W,6,0.033,0.405,1.000
640,84,4932.YBR019C,6,0.033,0.405,1.000
641,85,4932.YLR244C,1,0.000,0.707,1.000
642,85,4932.YBL091C,1,0.000,0.707,1.000
643,86,4932.YDL040C,6,0.003,0.364,0.500
644,86,4932.YHR013C,7,0.056,0.381,0.583
645,86,4932.YOR253W,7,0.056,0.381,0.583
646,86,4932.YCR020C-A,6,0.040,0.346,0.500
647,87,4932.YOR091W,3,0.024,0.384,0.429
648,87,4932.YGR173W,3,0.048,0.417,0.429
649,88,4932.YHR026W,7,0.000,0.339,0.700
650,88,4932.YPL234C,7,0.000,0.339,0.700
651,88,4932.YHR060W,2,0.000,0.060,0.200
652,88,4932.YGR105W,3,0.000,0.151,0.300
653,88,4932.YPR036W,7,0.000,0.339,0.700
654,88,4932.YKL119C,2,0.000,0.060,0.200
655,88,4932.YEL027W,7,0.000,0.339,0.700
656,88,4932.YKL080W,7,0.000,0.339,0.700
657,89,4932.YLR393W,0,0.000,0.707,0.000
658,89,4932.YJL180C,0,0.000,0.707,0.000
659,90,4932.YOL027C,1,0.000,0.707,1.000
660,90,4932.YER154W,1,0.000,0.707,1.000
661,91,4932.YMR202W,15,0.016,0.186,0.577
662,91,4932.YPL028W,17,0.016,0.207,0.654
663,91,4932.YLR056W,15,0.016,0.186,0.577
664,91,4932.YGL001C,18,0.011,0.228,0.692
665,91,4932.YPL117C,16,0.011,0.194,0.615
666,91,4932.YLR100W,17,0.015,0.212,0.654
667,91,4932.YJL167W,17,0.014,0.206,0.654
668,92,4932.YDL193W,5,0.048,0.272,0.455
669,92,4932.YBR002C,5,0.048,0.272,0.455
670,92,4932.YMR101C,5,0.048,0.272,0.455
671,92,4932.YMR274C,6,0.044,0.329,0.545
672,93,4932.YML110C,9,0.004,0.321,0.692
673,93,4932.YNR041C,9,0.034,0.305,0.692
674,93,4932.YDR204W,9,0.004,0.321,0.692
675,93,4932.YLR201C,9,0.004,0.321,0.692
676,93,4932.YGL119W,9,0.034,0.305,0.692
677,93,4932.YBR003W,9,0.004,0.321,0.692
678,94,4932.YDR288W,7,0.010,0.178,0.438
679,94,4932.YIL031W,9,0.009,0.292,0.562
680,94,4932.YDR409W,9,0.009,0.292,0.562
681,94,4932.YDL064W,11,0.067,0.329,0.688
682,94,4932.YDL105W,7,0.010,0.178,0.438
683,94,4932.YLR007W,7,0.010,0.178,0.438
684,95,4932.YJR042W,28,0.007,0.193,0.500
685,95,4932.YPL218W,5,0.001,0.007,0.089
686,95,4932.YML103C,25,0.006,0.171,0.446
687,95,4932.YMR153W,23,0.005,0.153,0.411
688,95,4932.YDL088C,28,0.007,0.191,0.500
689,95,4932.YDR002W,9,0.001,0.064,0.161
690,95,4932.YMR047C,27,0.006,0.192,0.482
691,95,4932.YER107C,27,0.009,0.187,0.482
692,95,4932.YIL115C,27,0.004,0.188,0.482
693,95,4932.YKL068W,26,0.005,0.187,0.464
694,95,4932.YJL061W,23,0.004,0.165,0.411
695,95,4932.YKR095W,14,0.008,0.094,0.250
696,95,4932.YGL172W,28,0.007,0.197,0.500
697,95,4932.YMR129W,22,0.003,0.150,0.393
698,95,4932.YER105C,27,0.008,0.189,0.482
699,96,4932.YBR082C,0,0.000,1.000,1.000
700,97,4932.YDR451C,3,0.050,0.470,0.600
701,97,4932.YML027W,3,0.050,0.470,0.600
702,98,4932.YMR076C,10,0.022,0.325,0.909
703,98,4932.YDL003W,10,0.022,0.325,0.909
704,98,4932.YFR027W,10,0.022,0.325,0.909
705,99,4932.YJL141C,0,0.000,1.000,1.000
706,100,4932.YPL139C,20,0.017,0.248,0.741
707,100,4932.YDL076C,19,0.010,0.242,0.704
708,100,4932.YDR207C,21,0.036,0.251,0.778
709,100,4932.YIL084C,19,0.012,0.241,0.704
710,100,4932.YNL097C,19,0.012,0.241,0.704
711,100,4932.YPL181W,19,0.010,0.242,0.704
712,100,4932.YBR103W,16,0.021,0.201,0.593
713,101,4932.YKL210W,0,0.000,0.707,0.000
714,101,4932.YGL087C,0,0.000,0.707,0.000
715,102,4932.YBR186W,7,0.021,0.248,0.368
716,102,4932.YLR394W,6,0.020,0.215,0.316
717,102,4932.YER179W,8,0.032,0.256,0.421
718,102,4932.YIL072W,5,0.022,0.143,0.263
719,102,4932.YOR351C,6,0.033,0.156,0.316
720,103,4932.YJL090C,31,0.004,0.128,0.517
721,103,4932.YJR068W,36,0.007,0.143,0.600
722,103,4932.YIL150C,34,0.004,0.144,0.567
723,103,4932.YJR006W,23,0.003,0.094,0.383
724,103,4932.YNL312W,27,0.004,0.112,0.450
725,103,4932.YDL164C,29,0.005,0.118,0.483
726,103,4932.YPR175W,41,0.011,0.166,0.683
727,103,4932.YMR078C,31,0.014,0.119,0.517
728,103,4932.YCL016C,25,0.008,0.104,0.417
729,103,4932.YKL045W,40,0.013,0.158,0.667
730,103,4932.YDL102W,33,0.009,0.130,0.550
731,103,4932.YNL261W,35,0.005,0.147,0.583
732,103,4932.YDR013W,37,0.007,0.152,0.617
733,103,4932.YDR489W,35,0.005,0.146,0.583
734,103,4932.YJL072C,35,0.006,0.144,0.583
735,103,4932.YBR060C,36,0.005,0.151,0.600
736,104,4932.YLR215C,0,0.000,0.707,0.000
737,104,4932.YDR092W,0,0.000,0.707,0.000
738,105,4932.YDR314C,0,0.000,1.000,1.000
739,106,4932.YDR295C,2,0.000,0.577,1.000
740,106,4932.YPR179C,2,0.000,0.577,1.000
741,106,4932.YNL021W,2,0.000,0.577,1.000
742,107,4932.YGR178C,3,0.150,0.469,0.600
743,107,4932.YHR121W,3,0.150,0.469,0.600
744,108,4932.YDR321W,3,0.001,0.157,0.231
745,108,4932.YPR145W,5,0.006,0.216,0.385
746,108,4932.YAL062W,6,0.001,0.316,0.462
747,108,4932.YDR111C,6,0.001,0.316,0.462
748,108,4932.YOR375C,6,0.001,0.316,0.462
749,108,4932.YGR124W,5,0.006,0.216,0.385
750,108,4932.YLR089C,6,0.001,0.316,0.462
751,108,4932.YDL215C,6,0.001,0.316,0.462
752,109,4932.YHR174W,16,0.025,0.247,0.842
753,109,4932.YMR323W,13,0.012,0.196,0.684
754,109,4932.YGR254W,16,0.025,0.247,0.842
755,109,4932.YAL038W,16,0.017,0.252,0.842
756,109,4932.YKL060C,17,0.024,0.263,0.895
757,109,4932.YOR347C,15,0.013,0.240,0.789
758,110,4932.YFL030W,1,0.000,0.707,0.333
759,110,4932.YEL046C,1,0.000,0.707,0.333
760,110,4932.YPR002W,0,0.000,0.000,0.000
761,110,4932.YGL196W,0,0.000,0.000,0.000
762,111,4932.YOR130C,3,0.000,0.213,0.375
763,111,4932.YPL111W,4,0.000,0.279,0.500
764,111,4932.YMR062C,7,0.065,0.410,0.875
765,111,4932.YJL071W,5,0.000,0.338,0.625
766,111,4932.YOL140W,5,0.000,0.338,0.625
767,111,4932.YER175C,0,0.000,0.000,0.000
768,111,4932.YJL088W,6,0.018,0.379,0.750
769,111,4932.YER069W,7,0.065,0.410,0.875
770,111,4932.YHR018C,7,0.065,0.410,0.875
771,112,4932.YPL262W,1,0.000,0.707,1.000
772,112,4932.YDL078C,1,0.000,0.707,1.000
773,113,4932.YMR300C,0,0.000,1.000,1.000
774,114,4932.YGL237C,3,0.000,0.500,1.000
775,114,4932.YBL021C,3,0.000,0.500,1.000
776,114,4932.YOR358W,3,0.000,0.500,1.000
777,114,4932.YKL109W,3,0.000,0.500,1.000
778,115,4932.YBR208C,0,0.000,0.577,0.000
779,115,4932.YMR292W,0,0.000,0.577,0.000
780,115,4932.YIR028W,0,0.000,0.577,0.000
781,116,4932.YGL173C,2,0.000,0.577,0.667
782,116,4932.YMR080C,2,0.000,0.577,0.667
783,116,4932.YER176W,0,0.000,0.000,0.000
784,116,4932.YNL118C,2,0.000,0.577,0.667
785,117,4932.YDR530C,2,0.000,0.063,0.167
786,117,4932.YNL277W,6,0.000,0.320,0.500
787,117,4932.YCL007C,1,0.000,0.053,0.083
788,117,4932.YBR213W,5,0.000,0.266,0.417
789,117,4932.YCL050C,2,0.000,0.063,0.167
790,117,4932.YFR030W,7,0.015,0.354,0.583
791,117,4932.YKR069W,7,0.015,0.354,0.583
792,117,4932.YOL064C,3,0.000,0.164,0.250
793,117,4932.YGL254W,0,0.000,0.000,0.000
794,117,4932.YJR137C,7,0.015,0.354,0.583
795,118,4932.YJR060W,4,0.056,0.479,1.000
796,118,4932.YNL103W,4,0.056,0.479,1.000
797,118,4932.YIR017C,4,0.056,0.479,1.000
798,119,4932.YGL184C,10,0.013,0.289,0.625
799,119,4932.YML082W,10,0.004,0.295,0.625
800,119,4932.YGR155W,10,0.013,0.289,0.625
801,119,4932.YLL058W,10,0.004,0.295,0.625
802,119,4932.YLR303W,10,0.004,0.295,0.625
803,119,4932.YJR139C,6,0.004,0.166,0.375
804,120,4932.YLR092W,0,0.000,1.000,1.000
805,121,4932.YGR289C,0,0.000,0.000,0.000
806,121,4932.YIL099W,0,0.000,0.000,0.000
807,121,4932.YLR300W,1,0.000,0.707,0.333
808,121,4932.YIL162W,1,0.000,0.707,0.333
809,122,4932.YJL216C,0,0.000,0.000,0.000
810,122,4932.YGR288W,2,0.000,0.307,0.250
811,122,4932.YOL157C,0,0.000,0.000,0.000
812,122,4932.YBR297W,3,0.000,0.439,0.375
813,122,4932.YGR287C,0,0.000,0.000,0.000
814,122,4932.YBR298C,3,0.000,0.439,0.375
815,122,4932.YIL172C,0,0.000,0.000,0.000
816,123,4932.YDR343C,2,0.000,0.134,0.222
817,123,4932.YDR342C,2,0.000,0.134,0.222
818,123,4932.YGL253W,4,0.000,0.376,0.444
819,123,4932.YNR073C,0,0.000,0.000,0.000
820,123,4932.YDR261C,0,0.000,0.000,0.000
821,123,4932.YLR446W,4,0.000,0.376,0.444
822,123,4932.YDR516C,3,0.000,0.293,0.333
823,124,4932.YNL195C,7,0.001,0.051,0.100
824,124,4932.YDR171W,16,0.004,0.169,0.229
825,124,4932.YLR251W,8,0.004,0.077,0.114
826,124,4932.YDL222C,7,0.001,0.051,0.100
827,124,4932.YBR001C,7,0.001,0.053,0.100
828,124,4932.YIL101C,3,0.001,0.028,0.043
829,124,4932.YKL127W,4,0.000,0.032,0.057
830,124,4932.YLR252W,4,0.000,0.048,0.057
831,124,4932.YBR072W,12,0.002,0.127,0.171
832,124,4932.YKL151C,10,0.004,0.110,0.143
833,124,4932.YDR070C,16,0.005,0.160,0.229
834,124,4932.YNL194C,6,0.001,0.052,0.086
835,124,4932.YPL230W,4,0.001,0.040,0.057
836,124,4932.YMR110C,2,0.000,0.019,0.029
837,124,4932.YHR087W,21,0.008,0.213,0.300
838,124,4932.YHL021C,11,0.002,0.106,0.157
839,124,4932.YNL274C,8,0.000,0.104,0.114
840,124,4932.YER053C,5,0.001,0.055,0.071
841,125,4932.YOR279C,0,0.000,0.577,0.000
842,125,4932.YJL106W,0,0.000,0.577,0.000
843,125,4932.YGR044C,0,0.000,0.577,0.000
844,126,4932.YOL045W,1,0.000,0.074,0.091
845,126,4932.YAL017W,1,0.000,0.074,0.091
846,126,4932.YKR058W,4,0.000,0.271,0.364
847,126,4932.YMR306W,3,0.000,0.175,0.273
848,126,4932.YJL137C,5,0.000,0.326,0.455
849,126,4932.YPR160W,5,0.000,0.326,0.455
850,126,4932.YLR177W,1,0.000,0.064,0.091
851,126,4932.YLR258W,6,0.009,0.365,0.545
852,126,4932.YGR032W,3,0.000,0.175,0.273
853,127,4932.YER008C,12,0.003,0.283,0.545
854,127,4932.YDR166C,12,0.009,0.279,0.545
855,127,4932.YLR166C,12,0.003,0.283,0.545
856,127,4932.YIL068C,12,0.009,0.279,0.545
857,127,4932.YJL085W,12,0.010,0.277,0.545
858,127,4932.YDR164C,11,0.001,0.267,0.500
859,127,4932.YBR102C,12,0.010,0.277,0.545
860,128,4932.YFR042W,3,0.024,0.400,0.429
861,128,4932.YPR159W,3,0.024,0.424,0.429
862,128,4932.YOR336W,3,0.024,0.400,0.429
863,129,4932.YNL049C,2,0.000,0.577,1.000
864,129,4932.YIL109C,2,0.000,0.577,1.000
865,129,4932.YHR098C,2,0.000,0.577,1.000
866,130,4932.YBL040C,7,0.003,0.209,0.280
867,130,4932.YKR030W,0,0.000,0.000,0.000
868,130,4932.YNL204C,6,0.005,0.185,0.240
869,130,4932.YFR051C,7,0.000,0.222,0.280
870,130,4932.YGL181W,0,0.000,0.000,0.000
871,130,4932.YPR079W,0,0.000,0.000,0.000
872,130,4932.YBL060W,0,0.000,0.000,0.000
873,130,4932.YDR524C,1,0.000,0.038,0.040
874,130,4932.YPL010W,8,0.003,0.242,0.320
875,130,4932.YDR170C,5,0.004,0.132,0.200
876,130,4932.YOR299W,0,0.000,0.000,0.000
877,130,4932.YDR373W,1,0.000,0.038,0.040
878,130,4932.YPR095C,1,0.000,0.027,0.040
879,130,4932.YDL226C,4,0.000,0.119,0.160
880,130,4932.YIL076W,7,0.000,0.222,0.280
881,130,4932.YLR309C,0,0.000,0.000,0.000
882,130,4932.YGL137W,10,0.013,0.292,0.400
883,130,4932.YIL044C,3,0.000,0.077,0.120
884,130,4932.YLR195C,2,0.000,0.065,0.080
885,131,4932.YOR115C,13,0.012,0.290,0.591
886,131,4932.YDR407C,13,0.012,0.290,0.591
887,131,4932.YMR218C,13,0.012,0.290,0.591
888,131,4932.YDR472W,12,0.006,0.279,0.545
889,131,4932.YPR181C,10,0.006,0.227,0.455
890,131,4932.YBR254C,12,0.006,0.279,0.545
891,131,4932.YDR246W,12,0.006,0.279,0.545
892,132,4932.YBR070C,6,0.006,0.197,0.333
893,132,4932.YOR067C,9,0.007,0.306,0.500
894,132,4932.YOR002W,10,0.016,0.329,0.556
895,132,4932.YNR030W,9,0.011,0.297,0.500
896,132,4932.YBL082C,8,0.009,0.272,0.444
897,133,4932.YEL061C,10,0.024,0.326,0.625
898,133,4932.YBL063W,8,0.005,0.280,0.500
899,133,4932.YPL155C,8,0.010,0.272,0.500
900,133,4932.YCL029C,9,0.014,0.302,0.562
901,133,4932.YOR058C,9,0.014,0.295,0.562
902,134,4932.YJL013C,12,0.006,0.154,0.211
903,134,4932.YPR120C,12,0.012,0.136,0.211
904,134,4932.YER059W,12,0.009,0.104,0.211
905,134,4932.YDL056W,9,0.014,0.061,0.158
906,134,4932.YDL179W,9,0.006,0.067,0.158
907,134,4932.YPL256C,13,0.013,0.121,0.228
908,134,4932.YDR146C,10,0.006,0.105,0.175
909,134,4932.YJL030W,17,0.013,0.203,0.298
910,134,4932.YLR079W,14,0.008,0.160,0.246
911,134,4932.YDL127W,9,0.006,0.067,0.158
912,134,4932.YGR098C,15,0.008,0.184,0.263
913,134,4932.YMR001C,18,0.013,0.226,0.316
914,134,4932.YGR188C,12,0.006,0.154,0.211
915,134,4932.YPL219W,12,0.009,0.104,0.211
916,135,4932.YDR121W,1,0.000,0.707,0.500
917,135,4932.YOL017W,0,0.000,0.000,0.000
918,135,4932.YJL065C,1,0.000,0.707,0.500
919,136,4932.YJR057W,4,0.000,0.447,0.800
920,136,4932.YIL066C,4,0.000,0.447,0.800
921,136,4932.YGR180C,4,0.000,0.447,0.800
922,136,4932.YJL026W,4,0.000,0.447,0.800
923,136,4932.YER070W,4,0.000,0.447,0.800
924,136,4932.YLR437C,0,0.000,0.000,0.000
925,137,4932.YMR055C,9,0.018,0.291,0.529
926,137,4932.YJR053W,9,0.018,0.291,0.529
927,137,4932.YIL106W,10,0.029,0.310,0.588
928,137,4932.YHR152W,7,0.027,0.205,0.412
929,137,4932.YGR092W,10,0.021,0.313,0.588
930,138,4932.YKL049C,16,0.018,0.232,0.471
931,138,4932.YPL018W,15,0.012,0.229,0.441
932,138,4932.YGR179C,15,0.014,0.223,0.441
933,138,4932.YDR016C,12,0.014,0.132,0.353
934,138,4932.YFR046C,8,0.011,0.096,0.235
935,138,4932.YMR117C,9,0.015,0.089,0.265
936,138,4932.YGL093W,9,0.009,0.081,0.265
937,138,4932.YDR201W,12,0.013,0.120,0.353
938,138,4932.YJR135C,14,0.018,0.208,0.412
939,139,4932.YGR204W,11,0.022,0.299,0.688
940,139,4932.YBR084W,11,0.022,0.299,0.688
941,139,4932.YKR080W,12,0.033,0.322,0.750
942,139,4932.YPL023C,10,0.012,0.286,0.625
943,139,4932.YGL125W,10,0.012,0.286,0.625
944,140,4932.YDR191W,0,0.000,0.000,0.000
945,140,4932.YLR442C,1,0.000,0.707,0.500
946,140,4932.YDL042C,1,0.000,0.707,0.500
947,141,4932.YOL059W,6,0.050,0.325,0.600
948,141,4932.YIL053W,6,0.076,0.355,0.600
949,141,4932.YER062C,6,0.076,0.355,0.600
950,141,4932.YDL022W,6,0.050,0.325,0.600
951,142,4932.YOR142W,10,0.010,0.305,0.769
952,142,4932.YOR136W,11,0.045,0.309,0.846
953,142,4932.YNL037C,11,0.045,0.309,0.846
954,142,4932.YNR001C,10,0.010,0.305,0.769
955,142,4932.YKL085W,10,0.010,0.305,0.769
956,143,4932.YOR187W,0,0.000,1.000,1.000
957,144,4932.YIL042C,1,0.000,0.085,0.091
958,144,4932.YLR239C,0,0.000,0.000,0.000
959,144,4932.YNL036W,0,0.000,0.000,0.000
960,144,4932.YGR193C,5,0.018,0.406,0.455
961,144,4932.YFL018C,5,0.045,0.389,0.455
962,144,4932.YKL029C,2,0.000,0.176,0.182
963,144,4932.YPL017C,3,0.000,0.268,0.273
964,144,4932.YHR076W,0,0.000,0.000,0.000
965,144,4932.YFR049W,2,0.000,0.173,0.182
966,145,4932.YKR087C,1,0.000,0.707,0.500
967,145,4932.YJL102W,0,0.000,0.000,0.000
968,145,4932.YGR101W,1,0.000,0.707,0.500
969,146,4932.YJR077C,0,0.000,0.707,0.000
970,146,4932.YMR241W,0,0.000,0.707,0.000
971,147,4932.YGR033C,14,0.006,0.154,0.359
972,147,4932.YIL022W,18,0.016,0.198,0.462
973,147,4932.YDL217C,17,0.013,0.193,0.436
974,147,4932.YJL143W,17,0.014,0.188,0.436
975,147,4932.YHR083W,15,0.009,0.150,0.385
976,147,4932.YJL104W,14,0.007,0.150,0.359
977,147,4932.YNL026W,16,0.014,0.161,0.410
978,147,4932.YMR060C,14,0.007,0.146,0.359
979,147,4932.YMR056C,13,0.009,0.147,0.333
980,147,4932.YLR259C,16,0.008,0.185,0.410
981,148,4932.YDR341C,18,0.011,0.177,0.450
982,148,4932.YGR171C,13,0.009,0.125,0.325
983,148,4932.YPL097W,16,0.021,0.132,0.400
984,148,4932.YOL097C,18,0.011,0.178,0.450
985,148,4932.YGR094W,18,0.014,0.172,0.450
986,148,4932.YGL245W,24,0.021,0.232,0.600
987,148,4932.YER087W,16,0.015,0.142,0.400
988,148,4932.YHR011W,13,0.011,0.110,0.325
989,148,4932.YIL078W,20,0.022,0.190,0.500
990,148,4932.YHR020W,20,0.010,0.199,0.500
991,148,4932.YLL018C,13,0.011,0.134,0.325
992,149,4932.YLR153C,10,0.024,0.319,0.588
993,149,4932.YIR031C,8,0.024,0.250,0.471
994,149,4932.YKR097W,6,0.014,0.156,0.353
995,149,4932.YJL200C,5,0.029,0.116,0.294
996,150,4932.YPL029W,0,0.000,0.577,0.000
997,150,4932.YMR228W,0,0.000,0.577,0.000
998,150,4932.YOR330C,0,0.000,0.577,0.000
999,151,4932.YPR045C,0,0.000,0.000,0.000
1000,151,4932.YOL072W,1,0.000,0.707,0.333
1001,151,4932.YML011C,0,0.000,0.000,0.000
1002,151,4932.YOR257W,1,0.000,0.707,0.333
1003,152,4932.YDR159W,6,0.015,0.231,0.500
1004,152,4932.YPL169C,6,0.015,0.231,0.500
1005,152,4932.YDL084W,10,0.053,0.364,0.833
1006,152,4932.YNL139C,10,0.053,0.364,0.833
1007,152,4932.YDR138W,10,0.053,0.364,0.833
1008,152,4932.YHR167W,8,0.015,0.312,0.667
1009,153,4932.YIL132C,5,0.000,0.408,1.000
1010,153,4932.YGR258C,5,0.000,0.408,1.000
1011,153,4932.YDR078C,5,0.000,0.408,1.000
1012,153,4932.YER162C,5,0.000,0.408,1.000
1013,153,4932.YHL006C,5,0.000,0.408,1.000
1014,153,4932.YLR376C,5,0.000,0.408,1.000
1015,154,4932.YAL047C,5,0.017,0.412,0.833
1016,154,4932.YHR172W,5,0.017,0.412,0.833
1017,154,4932.YNL126W,5,0.017,0.412,0.833
1018,155,4932.YJR084W,0,0.000,1.000,1.000
1019,156,4932.YLR457C,3,0.083,0.470,0.750
1020,156,4932.YLL003W,3,0.083,0.470,0.750
1021,157,4932.YNL012W,0,0.000,0.000,0.000
1022,157,4932.YLL040C,1,0.000,0.707,0.333
1023,157,4932.YER046W,0,0.000,0.000,0.000
1024,157,4932.YOR228C,1,0.000,0.707,0.333
1025,158,4932.YDR493W,0,0.000,0.707,0.000
1026,158,4932.YKL192C,0,0.000,0.707,0.000
1027,159,4932.YAL039C,0,0.000,0.707,0.000
1028,159,4932.YKL087C,0,0.000,0.707,0.000
1029,160,4932.YBL018C,11,0.006,0.287,0.846
1030,160,4932.YBR167C,11,0.006,0.287,0.846
1031,160,4932.YHR062C,11,0.006,0.287,0.846
1032,160,4932.YAL033W,12,0.025,0.300,0.923
1033,161,4932.YNL259C,1,0.000,0.707,0.500
1034,161,4932.YOR356W,0,0.000,0.000,0.000
1035,161,4932.YDR270W,1,0.000,0.707,0.500
1036,162,4932.YAR015W,0,0.000,0.577,0.000
1037,162,4932.YIL094C,0,0.000,0.577,0.000
1038,162,4932.YBR115C,0,0.000,0.577,0.000
1039,163,4932.YOL071W,0,0.000,0.707,0.000
1040,163,4932.YDR511W,0,0.000,0.707,0.000
1041,164,4932.YBR026C,4,0.007,0.295,0.444
1042,164,4932.YKL055C,5,0.030,0.336,0.556
1043,164,4932.YHR067W,4,0.007,0.295,0.444
1044,164,4932.YER061C,5,0.030,0.336,0.556
1045,165,4932.YLR327C,0,0.000,0.577,0.000
1046,165,4932.YGL080W,0,0.000,0.577,0.000
1047,165,4932.YOR100C,0,0.000,0.577,0.000
1048,166,4932.YGR277C,6,0.018,0.398,0.750
1049,166,4932.YOR054C,5,0.000,0.354,0.625
1050,166,4932.YKR072C,5,0.000,0.354,0.625
1051,166,4932.YDR531W,4,0.000,0.290,0.500
1052,166,4932.YGL154C,1,0.000,0.076,0.125
1053,166,4932.YIL083C,6,0.018,0.398,0.750
1054,166,4932.YPL148C,1,0.000,0.076,0.125
1055,166,4932.YKL088W,6,0.018,0.398,0.750
1056,167,4932.YIL134W,3,0.000,0.482,0.750
1057,167,4932.YDR236C,3,0.000,0.482,0.750
1058,167,4932.YMR178W,3,0.000,0.482,0.750
1059,167,4932.YPR073C,1,0.000,0.170,0.250
1060,168,4932.YNR045W,1,0.000,0.707,0.500
1061,168,4932.YGR222W,1,0.000,0.707,0.500
1062,168,4932.YMR150C,0,0.000,0.000,0.000
1063,169,4932.YER153C,0,0.000,0.707,0.000
1064,169,4932.YMR257C,0,0.000,0.707,0.000
1065,170,4932.YGL143C,0,0.000,0.577,0.000
1066,170,4932.YOR201C,0,0.000,0.577,0.000
1067,170,4932.YHR168W,0,0.000,0.577,0.000
1068,171,4932.YOL114C,0,0.000,1.000,1.000
1069,172,4932.YHR161C,7,0.008,0.136,0.280
1070,172,4932.YKL135C,11,0.012,0.232,0.440
1071,172,4932.YGR167W,13,0.023,0.260,0.520
1072,172,4932.YLR170C,10,0.016,0.198,0.400
1073,172,4932.YHL019C,9,0.008,0.180,0.360
1074,172,4932.YJR005W,14,0.023,0.281,0.560
1075,173,4932.YCR047C,0,0.000,1.000,1.000
1076,174,4932.YBR143C,3,0.000,0.439,0.600
1077,174,4932.YDR172W,3,0.000,0.439,0.600
1078,174,4932.YKR017C,0,0.000,0.000,0.000
1079,174,4932.YDR021W,2,0.000,0.307,0.400
1080,175,4932.YGR218W,0,0.000,1.000,1.000
1081,176,4932.YBL024W,6,0.044,0.399,0.600
1082,176,4932.YOL124C,6,0.044,0.399,0.600
1083,176,4932.YDL201W,6,0.044,0.399,0.600
1084,176,4932.YJL125C,6,0.044,0.399,0.600
1085,177,4932.YHR015W,0,0.000,0.000,0.000
1086,177,4932.YHL034C,1,0.000,0.167,0.053
1087,177,4932.YNL016W,0,0.000,0.000,0.000
1088,177,4932.YOR286W,1,0.000,0.049,0.053
1089,177,4932.YKR059W,3,0.000,0.367,0.158
1090,177,4932.YGR250C,0,0.000,0.000,0.000
1091,177,4932.YFR023W,0,0.000,0.000,0.000
1092,177,4932.YOR051C,0,0.000,0.000,0.000
1093,177,4932.YDR515W,1,0.000,0.167,0.053
1094,177,4932.YNL085W,0,0.000,0.000,0.000
1095,177,4932.YJL138C,3,0.000,0.367,0.158
1096,177,4932.YPR163C,3,0.000,0.367,0.158
1097,177,4932.YOR032C,0,0.000,0.000,0.000
1098,177,4932.YPL119C,0,0.000,0.000,0.000
1099,177,4932.YOR198C,0,0.000,0.000,0.000
1100,177,4932.YGL094C,2,0.000,0.229,0.105
1101,177,4932.YKL025C,2,0.000,0.229,0.105
1102,177,4932.YPR129W,1,0.000,0.167,0.053
1103,178,4932.YOL132W,0,0.000,0.408,0.000
1104,178,4932.YLR249W,0,0.000,0.408,0.000
1105,178,4932.YMR215W,0,0.000,0.408,0.000
1106,178,4932.YOL030W,0,0.000,0.408,0.000
1107,178,4932.YMR307W,0,0.000,0.408,0.000
1108,178,4932.YLR343W,0,0.000,0.408,0.000
1109,179,4932.YLL019C,0,0.000,0.707,0.000
1110,179,4932.YDR432W,0,0.000,0.707,0.000
1111,180,4932.YLR329W,4,0.000,0.440,0.800
1112,180,4932.YHR157W,4,0.000,0.440,0.800
1113,180,4932.YMR133W,4,0.000,0.440,0.800
1114,180,4932.YNL210W,1,0.000,0.114,0.200
1115,180,4932.YER044C-A,4,0.000,0.440,0.800
1116,181,4932.YPL157W,0,0.000,1.000,1.000
1117,182,4932.YKL204W,0,0.000,0.707,0.000
1118,182,4932.YLR116W,0,0.000,0.707,0.000
1119,183,4932.YGR102C,2,0.000,0.577,1.000
1120,183,4932.YMR293C,2,0.000,0.577,1.000
1121,183,4932.YBL080C,2,0.000,0.577,1.000
1122,184,4932.YLR124W,0,0.000,0.000,0.000
1123,184,4932.YLR283W,1,0.000,0.707,0.500
1124,184,4932.YLR281C,1,0.000,0.707,0.500
1125,185,4932.YMR089C,1,0.000,0.000,0.111
1126,185,4932.YMR115W,2,0.000,0.473,0.222
1127,185,4932.YMR302C,1,0.000,0.271,0.111
1128,185,4932.YPL246C,0,0.000,0.000,0.000
1129,185,4932.YER017C,1,0.000,0.000,0.111
1130,185,4932.YIL114C,0,0.000,0.000,0.000
1131,185,4932.YCL044C,2,0.000,0.473,0.222
1132,185,4932.YBR227C,1,0.000,0.271,0.111
1133,185,4932.YKR066C,0,0.000,0.000,0.000
1134,186,4932.YOR197W,3,0.167,0.557,1.000
1135,186,4932.YNL123W,3,0.167,0.557,1.000
1136,187,4932.YKR079C,0,0.000,1.000,1.000
1137,188,4932.YNR074C,0,0.000,0.707,0.000
1138,188,4932.YGR016W,0,0.000,0.707,0.000
1139,189,4932.YFR006W,0,0.000,1.000,1.000
1140,190,4932.YIR023W,0,0.000,0.000,0.000
1141,190,4932.YBR006W,1,0.000,0.707,0.333
1142,190,4932.YGR019W,1,0.000,0.707,0.333
1143,190,4932.YDL210W,0,0.000,0.000,0.000
1144,191,4932.YJR104C,2,0.000,0.577,1.000
1145,191,4932.YDR256C,2,0.000,0.577,1.000
1146,191,4932.YGR088W,2,0.000,0.577,1.000
1147,192,4932.YKL067W,0,0.000,1.000,1.000
1148,193,4932.YHL047C,0,0.000,0.000,0.000
1149,193,4932.YMR058W,3,0.000,0.391,0.375
1150,193,4932.YOR382W,3,0.018,0.342,0.375
1151,193,4932.YLR136C,2,0.000,0.240,0.250
1152,193,4932.YHL040C,4,0.054,0.466,0.500
1153,193,4932.YFL041W,1,0.000,0.116,0.125
1154,193,4932.YKR052C,0,0.000,0.000,0.000
1155,194,4932.YCR010C,0,0.000,0.707,0.000
1156,194,4932.YLR174W,0,0.000,0.707,0.000
1157,195,4932.YLR355C,1,0.000,0.500,0.250
1158,195,4932.YOR108W,1,0.000,0.500,0.250
1159,195,4932.YLR451W,0,0.000,0.000,0.000
1160,195,4932.YKL120W,0,0.000,0.000,0.000
1161,196,4932.YGR008C,0,0.000,0.707,0.000
1162,196,4932.YDL181W,0,0.000,0.707,0.000
1163,197,4932.YDL107W,0,0.000,0.707,0.000
1164,197,4932.YBR185C,0,0.000,0.707,0.000
1165,198,4932.YLR109W,9,0.030,0.289,0.562
1166,198,4932.YLR043C,8,0.016,0.288,0.500
1167,198,4932.YDR353W,9,0.039,0.293,0.562
1168,198,4932.YDR453C,7,0.026,0.221,0.438
1169,198,4932.YHR106W,9,0.025,0.305,0.562
1170,199,4932.YGR133W,10,0.003,0.154,0.357
1171,199,4932.YNL329C,16,0.010,0.242,0.571
1172,199,4932.YMR018W,6,0.003,0.090,0.214
1173,199,4932.YMR026C,17,0.020,0.245,0.607
1174,199,4932.YDR265W,17,0.015,0.250,0.607
1175,199,4932.YNL214W,17,0.017,0.248,0.607
1176,199,4932.YGR077C,15,0.015,0.215,0.536
1177,199,4932.YOL044W,11,0.004,0.173,0.393
1178,200,4932.YKR009C,10,0.040,0.332,0.667
1179,200,4932.YLR151C,9,0.012,0.319,0.600
1180,200,4932.YJR019C,9,0.030,0.308,0.600
1181,200,4932.YGL205W,10,0.040,0.332,0.667
1182,200,4932.YBR041W,7,0.004,0.257,0.467
1183,201,4932.YJR078W,5,0.044,0.431,0.833
1184,201,4932.YLR231C,5,0.044,0.431,0.833
1185,202,4932.YHR008C,2,0.000,0.577,1.000
1186,202,4932.YHR050W,2,0.000,0.577,1.000
1187,202,4932.YGR257C,2,0.000,0.577,1.000
1188,203,4932.YOL067C,3,0.000,0.500,1.000
1189,203,4932.YNL076W,3,0.000,0.500,1.000
1190,203,4932.YGL252C,3,0.000,0.500,1.000
1191,203,4932.YBL103C,3,0.000,0.500,1.000
1192,204,4932.YCL018W,0,0.000,1.000,1.000
1193,205,4932.YBR112C,1,0.000,0.707,0.333
1194,205,4932.YPR065W,1,0.000,0.707,0.333
1195,205,4932.YDR277C,0,0.000,0.000,0.000
1196,205,4932.YLR228C,0,0.000,0.000,0.000
1197,206,4932.YLL001W,6,0.024,0.402,0.857
1198,206,4932.YOR211C,6,0.024,0.402,0.857
1199,206,4932.YIL065C,6,0.024,0.402,0.857
1200,207,4932.YLR028C,11,0.021,0.263,0.500
1201,207,4932.YDR441C,14,0.066,0.302,0.636
1202,207,4932.YHR216W,8,0.010,0.180,0.364
1203,207,4932.YLR432W,8,0.010,0.180,0.364
1204,207,4932.YMR120C,11,0.021,0.263,0.500
1205,207,4932.YJR105W,9,0.014,0.210,0.409
1206,207,4932.YML022W,14,0.066,0.302,0.636
1207,207,4932.YML056C,8,0.023,0.178,0.364
1208,208,4932.YJR070C,1,0.000,0.707,1.000
1209,208,4932.YJR047C,1,0.000,0.707,1.000
1210,209,4932.YHR068W,0,0.000,0.000,0.000
1211,209,4932.YOR011W,1,0.000,0.282,0.250
1212,209,4932.YJR150C,2,0.000,0.523,0.500
1213,209,4932.YIL011W,2,0.000,0.523,0.500
1214,210,4932.YOR037W,0,0.000,0.500,0.000
1215,210,4932.YER086W,0,0.000,0.500,0.000
1216,210,4932.YCL064C,0,0.000,0.500,0.000
1217,210,4932.YDR158W,0,0.000,0.500,0.000
1218,211,4932.YOR251C,0,0.000,1.000,1.000
1219,212,4932.YLR168C,2,0.000,0.577,1.000
1220,212,4932.YKL053C-A,2,0.000,0.577,1.000
1221,212,4932.YLR193C,2,0.000,0.577,1.000
1222,213,4932.YNL100W,5,0.000,0.408,1.000
1223,213,4932.YBR262C,5,0.000,0.408,1.000
1224,213,4932.YGR235C,5,0.000,0.408,1.000
1225,213,4932.YKR016W,5,0.000,0.408,1.000
1226,213,4932.YFR011C,5,0.000,0.408,1.000
1227,213,4932.YCL057C-A,5,0.000,0.408,1.000
1228,214,4932.YJL130C,0,0.000,1.000,1.000
1229,215,4932.YDL171C,1,0.000,0.707,1.000
1230,215,4932.YPR035W,1,0.000,0.707,1.000
1231,216,4932.YOR303W,1,0.000,0.707,1.000
1232,216,4932.YJR109C,1,0.000,0.707,1.000
1233,217,4932.YAR075W,1,0.000,0.500,0.500
1234,217,4932.YMR217W,1,0.000,0.500,0.500
1235,218,4932.YLR160C,0,0.000,0.500,0.000
1236,218,4932.YLR158C,0,0.000,0.500,0.000
1237,218,4932.YLR155C,0,0.000,0.500,0.000
1238,218,4932.YLR157C,0,0.000,0.500,0.000
1239,219,4932.YMR084W,0,0.000,0.000,0.000
1240,219,4932.YNL192W,0,0.000,0.000,0.000
1241,219,4932.YOR302W,0,0.000,0.000,0.000
1242,219,4932.YKL104C,1,0.000,0.707,0.250
1243,219,4932.YEL058W,1,0.000,0.707,0.250
1244,220,4932.YGL062W,1,0.000,0.707,1.000
1245,220,4932.YBR218C,1,0.000,0.707,1.000
1246,221,4932.YDR380W,0,0.000,0.000,0.000
1247,221,4932.YDL080C,2,0.000,0.408,0.286
1248,221,4932.YDR081C,2,0.000,0.408,0.286
1249,221,4932.YGR087C,2,0.000,0.408,0.286
1250,221,4932.YLR044C,2,0.000,0.408,0.286
1251,221,4932.YAL061W,0,0.000,0.000,0.000
1252,221,4932.YLR134W,2,0.000,0.408,0.286
1253,221,4932.YBR240C,2,0.000,0.408,0.286
1254,222,4932.YMR175W,5,0.015,0.340,0.500
1255,222,4932.YBR117C,7,0.172,0.415,0.700
1256,222,4932.YBR116C,5,0.006,0.353,0.500
1257,223,4932.YGR256W,4,0.033,0.468,0.800
1258,223,4932.YHR183W,4,0.033,0.468,0.800
1259,224,4932.YDR403W,0,0.000,0.707,0.000
1260,224,4932.YPL223C,0,0.000,0.707,0.000
1261,225,4932.YOR034C,0,0.000,0.707,0.000
1262,225,4932.YHR042W,0,0.000,0.707,0.000
1263,226,4932.YOR391C,7,0.033,0.361,0.636
1264,226,4932.YML004C,7,0.042,0.359,0.636
1265,226,4932.YMR322C,7,0.033,0.361,0.636
1266,227,4932.YGR207C,1,0.000,0.707,1.000
1267,227,4932.YPR004C,1,0.000,0.707,1.000
1268,228,4932.YGL133W,5,0.044,0.448,0.833
1269,228,4932.YOR304W,3,0.000,0.303,0.500
1270,228,4932.YBR245C,5,0.044,0.448,0.833
1271,228,4932.YMR044W,4,0.000,0.392,0.667
1272,228,4932.YFR013W,4,0.000,0.392,0.667
1273,228,4932.YLR095C,5,0.044,0.448,0.833
1274,228,4932.YPL216W,0,0.000,0.000,0.000
1275,229,4932.YKR048C,0,0.000,0.707,0.000
1276,229,4932.YPL158C,0,0.000,0.707,0.000
1277,230,4932.YER129W,7,0.008,0.352,0.368
1278,230,4932.YGL209W,2,0.000,0.081,0.105
1279,230,4932.YDR422C,6,0.000,0.329,0.316
1280,230,4932.YHR094C,2,0.000,0.081,0.105
1281,230,4932.YCR084C,1,0.000,0.021,0.053
1282,230,4932.YGL208W,6,0.000,0.329,0.316
1283,230,4932.YJL089W,1,0.000,0.069,0.053
1284,230,4932.YMR140W,1,0.000,0.069,0.053
1285,230,4932.YGL179C,7,0.008,0.352,0.368
1286,230,4932.YMR303C,1,0.000,0.013,0.053
1287,230,4932.YKL048C,3,0.000,0.176,0.158
1288,230,4932.YER027C,6,0.000,0.329,0.316
1289,230,4932.YMR011W,1,0.000,0.069,0.053
1290,230,4932.YBR066C,1,0.000,0.069,0.053
1291,230,4932.YOR047C,0,0.000,0.000,0.000
1292,231,4932.YER040W,1,0.000,0.354,0.125
1293,231,4932.YGR154C,0,0.000,0.000,0.000
1294,231,4932.YLL060C,0,0.000,0.000,0.000
1295,231,4932.YJL172W,0,0.000,0.000,0.000
1296,231,4932.YLL015W,0,0.000,0.000,0.000
1297,231,4932.YKR076W,1,0.000,0.271,0.125
1298,231,4932.YCL028W,1,0.000,0.354,0.125
1299,232,4932.YLR360W,9,0.002,0.244,0.409
1300,232,4932.YBR128C,9,0.013,0.226,0.409
1301,232,4932.YNR007C,8,0.007,0.191,0.364
1302,232,4932.YFR019W,10,0.004,0.261,0.455
1303,232,4932.YNL242W,7,0.007,0.170,0.318
1304,232,4932.YLR211C,9,0.002,0.244,0.409
1305,233,4932.YOR101W,6,0.000,0.263,0.353
1306,233,4932.YJL142C,0,0.000,0.000,0.000
1307,233,4932.YAL056W,0,0.000,0.000,0.000
1308,233,4932.YLR019W,0,0.000,0.000,0.000
1309,233,4932.YMR016C,3,0.000,0.139,0.176
1310,233,4932.YGL248W,4,0.000,0.164,0.235
1311,233,4932.YIL033C,8,0.009,0.313,0.471
1312,233,4932.YKL062W,5,0.000,0.210,0.294
1313,233,4932.YLL010C,0,0.000,0.000,0.000
1314,233,4932.YJL005W,8,0.009,0.313,0.471
1315,233,4932.YOR371C,0,0.000,0.000,0.000
1316,233,4932.YMR037C,5,0.000,0.210,0.294
1317,233,4932.YMR123W,1,0.000,0.049,0.059
1318,233,4932.YOR360C,7,0.006,0.283,0.412
1319,234,4932.YPR113W,0,0.000,1.000,1.000
1320,235,4932.YDL144C,0,0.000,0.707,0.000
1321,235,4932.YIL160C,0,0.000,0.707,0.000
1322,236,4932.YER081W,1,0.000,0.707,1.000
1323,236,4932.YIL074C,1,0.000,0.707,1.000
1324,237,4932.YMR113W,4,0.033,0.438,0.800
1325,238,4932.YLL021W,7,0.008,0.176,0.156
1326,238,4932.YHR061C,3,0.001,0.087,0.067
1327,238,4932.YDR309C,6,0.003,0.174,0.133
1328,238,4932.YDR103W,4,0.000,0.113,0.089
1329,238,4932.YOR212W,5,0.001,0.154,0.111
1330,238,4932.YDR379W,4,0.000,0.135,0.089
1331,238,4932.YOL112W,5,0.002,0.113,0.111
1332,238,4932.YNL293W,5,0.002,0.113,0.111
1333,238,4932.YIL118W,4,0.000,0.122,0.089
1334,238,4932.YOL105C,5,0.000,0.018,0.111
1335,238,4932.YOL113W,4,0.003,0.112,0.089
1336,238,4932.YGR023W,5,0.000,0.020,0.111
1337,238,4932.YER114C,5,0.007,0.132,0.111
1338,238,4932.YNL283C,5,0.000,0.020,0.111
1339,238,4932.YOR127W,7,0.011,0.194,0.156
1340,239,4932.YHR117W,0,0.000,0.577,0.000
1341,239,4932.YEL013W,0,0.000,0.577,0.000
1342,239,4932.YAR042W,0,0.000,0.577,0.000
1343,240,4932.YMR310C,2,0.000,0.577,0.286
1344,240,4932.YNL022C,2,0.000,0.577,0.286
1345,240,4932.YOR205C,0,0.000,0.000,0.000
1346,240,4932.YGL136C,0,0.000,0.000,0.000
1347,240,4932.YMR097C,0,0.000,0.000,0.000
1348,240,4932.YLR289W,0,0.000,0.000,0.000
1349,240,4932.YGR283C,2,0.000,0.577,0.286
1350,240,4932.YBR025C,0,0.000,0.000,0.000
1351,241,4932.YHR072W-A,0,0.000,1.000,1.000
1352,242,4932.YLR318W,0,0.000,0.707,0.000
1353,242,4932.YLR262C-A,0,0.000,0.707,0.000
1354,243,4932.YMR276W,0,0.000,1.000,1.000
1355,244,4932.YMR023C,2,0.000,0.577,1.000
1356,244,4932.YGL236C,2,0.000,0.577,1.000
1357,244,4932.YDL033C,2,0.000,0.577,1.000
1358,245,4932.YIR027C,2,0.000,0.577,0.500
1359,245,4932.YIR032C,2,0.000,0.577,0.500
1360,245,4932.YJL126W,0,0.000,0.000,0.000
1361,245,4932.YIR029W,2,0.000,0.577,0.500
1362,245,4932.YHL016C,0,0.000,0.000,0.000
1363,246,4932.YAL005C,2,0.000,0.485,0.333
1364,246,4932.YLL024C,2,0.000,0.485,0.333
1365,246,4932.YMR139W,0,0.000,0.000,0.000
1366,246,4932.YER103W,2,0.267,0.201,0.333
1367,246,4932.YBL075C,1,0.000,0.090,0.167
1368,247,4932.YPL225W,0,0.000,1.000,1.000
1369,248,4932.YBR153W,5,0.025,0.428,1.000
1370,248,4932.YBR256C,5,0.025,0.428,1.000
1371,248,4932.YBL033C,5,0.025,0.428,1.000
1372,248,4932.YDR487C,5,0.025,0.428,1.000
1373,249,4932.YGR240C,6,0.024,0.402,0.857
1374,249,4932.YMR205C,6,0.024,0.402,0.857
1375,249,4932.YJL155C,6,0.024,0.402,0.857
1376,250,4932.YER003C,1,0.000,0.707,1.000
1377,250,4932.YFL045C,1,0.000,0.707,1.000
1378,251,4932.YOL122C,0,0.000,0.577,0.000
1379,251,4932.YCR044C,0,0.000,0.577,0.000
1380,251,4932.YIL039W,0,0.000,0.577,0.000
1381,252,4932.YBR290W,0,0.000,1.000,1.000
1382,253,4932.YCR017C,0,0.000,0.707,0.000
1383,253,4932.YDR182W,0,0.000,0.707,0.000
1384,254,4932.YMR243C,6,0.009,0.323,0.500
1385,254,4932.YDR205W,6,0.029,0.300,0.500
1386,254,4932.YLR130C,7,0.026,0.351,0.583
1387,254,4932.YOR316C,6,0.009,0.323,0.500
1388,255,4932.YLL067W-A,0,0.000,0.000,0.000
1389,255,4932.YJL225C,3,0.000,0.187,0.250
1390,255,4932.YLR467W,6,0.015,0.333,0.500
1391,255,4932.YHL050C,6,0.008,0.342,0.500
1392,255,4932.YLR462W,4,0.000,0.248,0.333
1393,255,4932.YNL339W-B,2,0.000,0.081,0.167
1394,255,4932.YNL339W-A,2,0.000,0.081,0.167
1395,255,4932.YIL177W-A,0,0.000,0.000,0.000
1396,255,4932.YHR218W-A,4,0.000,0.248,0.333
1397,255,4932.YEL076C-A,6,0.008,0.342,0.500
1398,256,4932.YBR011C,1,0.000,0.707,1.000
1399,256,4932.YMR267W,1,0.000,0.707,1.000
1400,257,4932.YML060W,5,0.000,0.405,0.714
1401,257,4932.YOL043C,5,0.000,0.405,0.714
1402,257,4932.YDL200C,0,0.000,0.000,0.000
1403,257,4932.YML021C,5,0.000,0.405,0.714
1404,257,4932.YAL015C,5,0.000,0.405,0.714
1405,257,4932.YKL114C,5,0.000,0.405,0.714
1406,257,4932.YKL157W,1,0.000,0.083,0.143
1407,258,4932.YLL051C,0,0.000,0.000,0.000
1408,258,4932.YLR214W,2,0.000,0.435,0.333
1409,258,4932.YKL220C,0,0.000,0.000,0.000
1410,258,4932.YHR175W,2,0.000,0.435,0.333
1411,258,4932.YOL152W,0,0.000,0.000,0.000
1412,259,4932.YJR148W,4,0.056,0.436,0.667
1413,259,4932.YMR108W,4,0.056,0.436,0.667
1414,259,4932.YGL009C,3,0.022,0.339,0.500
1415,259,4932.YHR208W,3,0.022,0.339,0.500
1416,260,4932.YGR010W,5,0.024,0.448,0.625
1417,260,4932.YPL015C,0,0.000,0.000,0.000
1418,260,4932.YNL129W,3,0.000,0.303,0.375
1419,260,4932.YNL239W,0,0.000,0.000,0.000
1420,260,4932.YOR025W,0,0.000,0.000,0.000
1421,260,4932.YOR155C,4,0.000,0.392,0.500
1422,260,4932.YOR209C,5,0.024,0.448,0.625
1423,260,4932.YFR047C,5,0.024,0.448,0.625
1424,260,4932.YGL224C,4,0.000,0.392,0.500
1425,261,4932.YJR069C,0,0.000,1.000,1.000
1426,262,4932.YJR014W,2,0.000,0.577,1.000
1427,262,4932.YDR117C,2,0.000,0.577,1.000
1428,262,4932.YER007C-A,2,0.000,0.577,1.000
1429,263,4932.YOR106W,24,0.016,0.213,0.800
1430,263,4932.YHL031C,23,0.008,0.207,0.767
1431,263,4932.YGL212W,20,0.010,0.182,0.667
1432,263,4932.YLR078C,25,0.009,0.224,0.833
1433,263,4932.YPL232W,25,0.009,0.224,0.833
1434,263,4932.YDR189W,15,0.013,0.130,0.500
1435,263,4932.YIL004C,24,0.008,0.216,0.800
1436,263,4932.YMR197C,24,0.016,0.213,0.800
1437,264,4932.YMR025W,4,0.000,0.447,1.000
1438,264,4932.YIL071C,4,0.000,0.447,1.000
1439,264,4932.YOL117W,4,0.000,0.447,1.000
1440,264,4932.YDL216C,4,0.000,0.447,1.000
1441,264,4932.YDR179C,4,0.000,0.447,1.000
1442,265,4932.YHR129C,0,0.000,1.000,1.000
1443,266,4932.YPL174C,3,0.000,0.500,1.000
1444,266,4932.YDR106W,3,0.000,0.500,1.000
1445,266,4932.YLL049W,3,0.000,0.500,1.000
1446,266,4932.YMR294W,3,0.000,0.500,1.000
1447,267,4932.YKR067W,10,0.007,0.144,0.208
1448,267,4932.YER037W,9,0.004,0.126,0.188
1449,267,4932.YNL130C,13,0.029,0.185,0.271
1450,267,4932.YML059C,9,0.007,0.121,0.188
1451,267,4932.YER026C,9,0.005,0.124,0.188
1452,267,4932.YDR147W,5,0.004,0.051,0.104
1453,267,4932.YNR008W,12,0.010,0.176,0.250
1454,267,4932.YMR313C,12,0.014,0.159,0.250
1455,267,4932.YBL011W,9,0.005,0.136,0.188
1456,267,4932.YOL011W,5,0.003,0.082,0.104
1457,267,4932.YDR284C,12,0.019,0.149,0.250
1458,267,4932.YOR245C,13,0.018,0.175,0.271
1459,267,4932.YMR008C,5,0.003,0.082,0.104
1460,267,4932.YMR006C,5,0.003,0.082,0.104
1461,267,4932.YPR139C,9,0.004,0.131,0.188
1462,268,4932.YJR049C,0,0.000,0.500,0.000
1463,268,4932.YGR205W,0,0.000,0.500,0.000
1464,268,4932.YPL188W,0,0.000,0.500,0.000
1465,268,4932.YDR242W,0,0.000,0.500,0.000
1466,269,4932.YDR077W,0,0.000,0.577,0.000
1467,269,4932.YKL164C,0,0.000,0.577,0.000
1468,269,4932.YLR110C,0,0.000,0.577,0.000
1469,270,4932.YOR031W,1,0.000,0.282,0.333
1470,270,4932.YHR055C,2,0.000,0.523,0.667
1471,270,4932.YGL166W,2,0.000,0.523,0.667
1472,271,4932.YBR207W,0,0.000,0.707,0.000
1473,271,4932.YLR034C,0,0.000,0.707,0.000
1474,272,4932.YLR220W,0,0.000,1.000,1.000
1475,273,4932.YIL110W,4,0.021,0.374,0.364
1476,273,4932.YGR001C,3,0.012,0.289,0.273
1477,273,4932.YBR271W,4,0.027,0.360,0.364
1478,274,4932.YDR011W,2,0.000,0.577,0.333
1479,274,4932.YHR178W,0,0.000,0.000,0.000
1480,274,4932.YOR162C,0,0.000,0.000,0.000
1481,274,4932.YGR281W,2,0.000,0.577,0.333
1482,274,4932.YHR064C,0,0.000,0.000,0.000
1483,274,4932.YOR153W,2,0.000,0.577,0.333
1484,274,4932.YML076C,0,0.000,0.000,0.000
1485,275,4932.YOR281C,0,0.000,0.707,0.000
1486,275,4932.YNL313C,0,0.000,0.707,0.000
1487,276,4932.YGL063W,6,0.057,0.366,0.857
1488,276,4932.YLR165C,6,0.019,0.384,0.857
1489,277,4932.YDL101C,1,0.000,0.707,0.500
1490,277,4932.YML058W,1,0.000,0.707,0.500
1491,277,4932.YOR230W,0,0.000,0.000,0.000
1492,278,4932.YDR227W,0,0.000,1.000,1.000
1493,279,4932.YJL127C,0,0.000,1.000,1.000
1494,280,4932.YER014W,0,0.000,1.000,1.000
1495,281,4932.YLR403W,2,0.000,0.049,0.154
1496,281,4932.YLR373C,0,0.000,0.000,0.000
1497,281,4932.YLR010C,6,0.030,0.393,0.462
1498,281,4932.YLR453C,5,0.000,0.360,0.385
1499,281,4932.YBR275C,5,0.000,0.360,0.385
1500,281,4932.YKL112W,3,0.000,0.126,0.231
1501,281,4932.YDR206W,0,0.000,0.000,0.000
1502,281,4932.YGR071C,0,0.000,0.000,0.000
1503,281,4932.YDL220C,6,0.030,0.393,0.462
1504,281,4932.YDR082W,6,0.030,0.393,0.462
1505,281,4932.YLR233C,3,0.000,0.216,0.231
1506,282,4932.YGL222C,0,0.000,0.000,0.000
1507,282,4932.YOL149W,1,0.000,0.707,0.500
1508,282,4932.YEL015W,1,0.000,0.707,0.500
1509,283,4932.YBR141C,0,0.000,0.577,0.000
1510,283,4932.YIL096C,0,0.000,0.577,0.000
1511,283,4932.YNL063W,0,0.000,0.577,0.000
1512,284,4932.YJL097W,6,0.007,0.386,0.750
1513,284,4932.YCR034W,6,0.007,0.386,0.750
1514,284,4932.YDL015C,6,0.007,0.386,0.750
1515,284,4932.YBR159W,6,0.007,0.386,0.750
1516,285,4932.YNL295W,0,0.000,1.000,1.000
1517,286,4932.YIL087C,0,0.000,0.707,0.000
1518,286,4932.YPR155C,0,0.000,0.707,0.000
1519,287,4932.YBR101C,0,0.000,0.577,0.000
1520,287,4932.YJL144W,0,0.000,0.577,0.000
1521,287,4932.YPR158W,0,0.000,0.577,0.000
1522,288,4932.YBR109C,0,0.000,0.707,0.000
1523,288,4932.YNL225C,0,0.000,0.707,0.000
1524,289,4932.YDL100C,5,0.009,0.389,0.625
1525,289,4932.YOR007C,5,0.024,0.375,0.625
1526,289,4932.YGL020C,5,0.009,0.389,0.625
1527,290,4932.YIL145C,1,0.000,0.707,1.000
1528,290,4932.YBR176W,1,0.000,0.707,1.000
1529,291,4932.YIL164C,0,0.000,1.000,1.000
1530,292,4932.YBR161W,4,0.089,0.398,0.667
1531,292,4932.YBR036C,4,0.089,0.398,0.667
1532,293,4932.YMR234W,1,0.000,0.282,0.333
1533,293,4932.YDR279W,2,0.000,0.523,0.667
1534,293,4932.YLR154C,2,0.000,0.523,0.667
1535,294,4932.YDL089W,3,0.067,0.346,0.500
1536,294,4932.YML034W,2,0.000,0.239,0.333
1537,294,4932.YOR264W,1,0.000,0.137,0.167
1538,294,4932.YER106W,3,0.000,0.387,0.500
1539,294,4932.YPL204W,3,0.000,0.387,0.500
1540,295,4932.YKR070W,0,0.000,1.000,1.000
1541,296,4932.YGL210W,3,0.036,0.396,0.375
1542,296,4932.YNL304W,3,0.036,0.396,0.375
1543,296,4932.YLR190W,3,0.012,0.382,0.375
1544,297,4932.YHR016C,1,0.000,0.707,1.000
1545,297,4932.YBL007C,1,0.000,0.707,1.000
1546,298,4932.YDR388W,2,0.000,0.523,0.250
1547,298,4932.YER060W-A,0,0.000,0.000,0.000
1548,298,4932.YKR019C,0,0.000,0.000,0.000
1549,298,4932.YMR192W,2,0.000,0.523,0.250
1550,298,4932.YGR241C,1,0.000,0.282,0.125
1551,298,4932.YJL083W,0,0.000,0.000,0.000
1552,298,4932.YIL095W,0,0.000,0.000,0.000
1553,298,4932.YER060W,0,0.000,0.000,0.000
1554,299,4932.YDL161W,0,0.000,0.707,0.000
1555,299,4932.YLR206W,0,0.000,0.707,0.000
1556,300,4932.YLR319C,0,0.000,1.000,1.000
1557,301,4932.YOR094W,0,0.000,0.707,0.000
1558,301,4932.YBR164C,0,0.000,0.707,0.000
1559,302,4932.YDL117W,2,0.000,0.577,1.000
1560,302,4932.YBR038W,2,0.000,0.577,1.000
1561,302,4932.YMR032W,2,0.000,0.577,1.000
1562,303,4932.YGL230C,1,0.000,0.051,0.111
1563,303,4932.YCL045C,7,0.000,0.351,0.778
1564,303,4932.YKL207W,7,0.000,0.351,0.778
1565,303,4932.YJL192C,7,0.000,0.351,0.778
1566,303,4932.YOR289W,1,0.000,0.051,0.111
1567,303,4932.YIL027C,7,0.000,0.351,0.778
1568,303,4932.YDR056C,7,0.000,0.351,0.778
1569,303,4932.YLL014W,7,0.000,0.351,0.778
1570,304,4932.YOR338W,0,0.000,0.500,0.000
1571,304,4932.YJL080C,0,0.000,0.500,0.000
1572,304,4932.YBR172C,0,0.000,0.500,0.000
1573,304,4932.YOR359W,0,0.000,0.500,0.000
1574,305,4932.YML068W,0,0.000,1.000,1.000
1575,306,4932.YER042W,0,0.000,1.000,1.000
1576,307,4932.YDL219W,2,0.000,0.394,0.400
1577,307,4932.YPR109W,0,0.000,0.000,0.000
1578,307,4932.YKL034W,2,0.000,0.394,0.400
1579,307,4932.YLR114C,2,0.000,0.394,0.400
1580,307,4932.YOR223W,2,0.000,0.394,0.400
1581,308,4932.YPL154C,0,0.000,1.000,1.000
1582,309,4932.YNR052C,10,0.048,0.289,0.667
1583,309,4932.YNL288W,10,0.005,0.307,0.667
1584,309,4932.YDL165W,10,0.005,0.307,0.667
1585,309,4932.YPR072W,10,0.005,0.307,0.667
1586,309,4932.YIL038C,10,0.005,0.307,0.667
1587,309,4932.YGR134W,10,0.005,0.307,0.667
1588,310,4932.YDL092W,7,0.031,0.384,1.000
1589,310,4932.YPL243W,7,0.031,0.384,1.000
1590,310,4932.YPR088C,7,0.031,0.384,1.000
1591,310,4932.YPL210C,7,0.031,0.384,1.000
1592,311,4932.YBR113W,5,0.000,0.371,0.556
1593,311,4932.YMR265C,2,0.000,0.092,0.222
1594,311,4932.YMR245W,6,0.046,0.407,0.667
1595,311,4932.YDR525W,3,0.000,0.227,0.333
1596,311,4932.YDR415C,2,0.000,0.092,0.222
1597,311,4932.YAL004W,0,0.000,0.000,0.000
1598,311,4932.YER121W,6,0.046,0.407,0.667
1599,311,4932.YPL182C,5,0.000,0.371,0.556
1600,311,4932.YJL199C,6,0.046,0.407,0.667
1601,312,4932.YAR008W,3,0.167,0.557,1.000
1602,312,4932.YJL087C,3,0.167,0.557,1.000
1603,313,4932.YBL047C,0,0.000,0.707,0.000
1604,313,4932.YDR320C,0,0.000,0.707,0.000
1605,314,4932.YPR042C,0,0.000,0.707,0.000
1606,314,4932.YDL224C,0,0.000,0.707,0.000
1607,315,4932.YPL184C,0,0.000,0.707,0.000
1608,315,4932.YNL197C,0,0.000,0.707,0.000
1609,316,4932.YPL200W,2,0.000,0.577,1.000
1610,316,4932.YJL019W,2,0.000,0.577,1.000
1611,316,4932.YOL104C,2,0.000,0.577,1.000
1612,317,4932.YJL068C,1,0.000,0.135,0.167
1613,317,4932.YMR083W,1,0.000,0.264,0.167
1614,317,4932.YGL258W,2,0.000,0.455,0.333
1615,317,4932.YBR145W,0,0.000,0.000,0.000
1616,317,4932.YOR387C,2,0.000,0.455,0.333
1617,318,4932.YHR113W,0,0.000,0.707,0.000
1618,318,4932.YKL103C,0,0.000,0.707,0.000
1619,319,4932.YDR430C,0,0.000,0.707,0.000
1620,319,4932.YER078C,0,0.000,0.707,0.000
1621,320,4932.YIR002C,3,0.167,0.557,1.000
1622,320,4932.YOL086W-A,3,0.167,0.557,1.000
1623,321,4932.YJL105W,1,0.000,0.707,1.000
1624,321,4932.YHR207C,1,0.000,0.707,1.000
1625,322,4932.YGR238C,1,0.000,0.707,1.000
1626,322,4932.YHR158C,1,0.000,0.707,1.000
1627,323,4932.YDR310C,1,0.000,0.707,0.500
1628,323,4932.YHR124W,1,0.000,0.707,0.500
1629,323,4932.YHL024W,0,0.000,0.000,0.000
1630,324,4932.YLR017W,2,0.000,0.300,0.400
1631,324,4932.YNL010W,1,0.000,0.155,0.200
1632,324,4932.YJR024C,3,0.000,0.425,0.600
1633,324,4932.YEL038W,3,0.000,0.425,0.600
1634,325,4932.YHR104W,3,0.100,0.465,0.600
1635,326,4932.YDL052C,0,0.000,0.707,0.000
1636,326,4932.YGR045C,0,0.000,0.707,0.000
1637,327,4932.YGR046W,2,0.000,0.577,1.000
1638,327,4932.YDL142C,2,0.000,0.577,1.000
1639,327,4932.YHR100C,2,0.000,0.577,1.000
1640,328,4932.YOR006C,0,0.000,0.707,0.000
1641,328,4932.YCR051W,0,0.000,0.707,0.000
1642,329,4932.YOR334W,0,0.000,0.707,0.000
1643,329,4932.YPL060W,0,0.000,0.707,0.000
1644,330,4932.YFL050C,0,0.000,0.500,0.000
1645,330,4932.YKL064W,0,0.000,0.500,0.000
1646,330,4932.YOL130W,0,0.000,0.500,0.000
1647,330,4932.YJL133W,0,0.000,0.500,0.000
1648,331,4932.YCR073C,5,0.012,0.418,0.714
1649,331,4932.YDL235C,5,0.012,0.418,0.714
1650,331,4932.YNR031C,5,0.012,0.418,0.714
1651,332,4932.YGL124C,9,0.015,0.202,0.500
1652,332,4932.YDR495C,13,0.015,0.293,0.722
1653,332,4932.YDR323C,11,0.030,0.245,0.611
1654,332,4932.YMR231W,13,0.015,0.293,0.722
1655,332,4932.YLR148W,13,0.015,0.293,0.722
1656,333,4932.YPL036W,0,0.000,0.707,0.000
1657,333,4932.YGL008C,0,0.000,0.707,0.000
1658,334,4932.YPR131C,0,0.000,1.000,1.000
1659,335,4932.YNR019W,1,0.000,0.707,0.500
1660,335,4932.YCR048W,1,0.000,0.707,0.500
1661,335,4932.YJL062W,0,0.000,0.000,0.000
1662,336,4932.YLL031C,12,0.025,0.264,0.500
1663,336,4932.YGR216C,10,0.019,0.218,0.417
1664,336,4932.YHR188C,12,0.040,0.249,0.500
1665,336,4932.YKL165C,5,0.008,0.101,0.208
1666,336,4932.YDR437W,11,0.024,0.246,0.458
1667,336,4932.YPL076W,9,0.013,0.197,0.375
1668,336,4932.YDR331W,12,0.039,0.261,0.500
1669,337,4932.YKL043W,0,0.000,0.378,0.000
1670,337,4932.YMR164C,0,0.000,0.378,0.000
1671,337,4932.YHR211W,0,0.000,0.378,0.000
1672,337,4932.YOR140W,0,0.000,0.378,0.000
1673,337,4932.YAL063C,0,0.000,0.378,0.000
1674,337,4932.YAR050W,0,0.000,0.378,0.000
1675,337,4932.YKR102W,0,0.000,0.378,0.000
1676,338,4932.YIR019C,0,0.000,0.500,0.000
1677,338,4932.YOL116W,0,0.000,0.500,0.000
1678,338,4932.YDL233W,0,0.000,0.500,0.000
1679,338,4932.YER109C,0,0.000,0.500,0.000
1680,339,4932.YJR031C,0,0.000,1.000,1.000
1681,340,4932.YPR044C,1,0.000,0.707,0.500
1682,340,4932.YLR076C,0,0.000,0.000,0.000
1683,340,4932.YLR062C,1,0.000,0.707,0.500
1684,341,4932.YHR212W-A,2,0.000,0.523,0.667
1685,341,4932.YFR056C,1,0.000,0.282,0.333
1686,341,4932.YHR213W,2,0.000,0.523,0.667
1687,342,4932.YIL097W,6,0.000,0.376,0.750
1688,342,4932.YKL124W,1,0.000,0.064,0.125
1689,342,4932.YBL048W,0,0.000,0.000,0.000
1690,342,4932.YBR105C,6,0.000,0.376,0.750
1691,342,4932.YDR255C,6,0.000,0.376,0.750
1692,342,4932.YIL017C,6,0.000,0.376,0.750
1693,342,4932.YMR135C,6,0.000,0.376,0.750
1694,342,4932.YGL227W,6,0.000,0.376,0.750
1695,343,4932.YMR081C,0,0.000,1.000,1.000
1696,344,4932.YGL077C,0,0.000,0.000,0.000
1697,344,4932.YHR046C,2,0.000,0.244,0.333
1698,344,4932.YHL020C,3,0.000,0.438,0.500
1699,344,4932.YDR287W,2,0.000,0.244,0.333
1700,344,4932.YDR123C,3,0.000,0.438,0.500
1701,344,4932.YOL108C,3,0.000,0.438,0.500
1702,345,4932.YMR029C,5,0.025,0.428,1.000
1703,345,4932.YFR008W,5,0.025,0.428,1.000
1704,345,4932.YNL127W,5,0.025,0.428,1.000
1705,345,4932.YMR052W,5,0.025,0.428,1.000
1706,346,4932.YLR280C,0,0.000,0.707,0.000
1707,346,4932.YLR125W,0,0.000,0.707,0.000
1708,347,4932.YNL314W,0,0.000,0.707,0.000
1709,347,4932.YDL170W,0,0.000,0.707,0.000
1710,348,4932.YML067C,0,0.000,1.000,1.000
1711,349,4932.YKR099W,0,0.000,0.707,0.000
1712,349,4932.YFR034C,0,0.000,0.707,0.000
1713,350,4932.YOL068C,0,0.000,1.000,1.000
1714,351,4932.YFR003C,0,0.000,1.000,1.000
1715,352,4932.YJL093C,1,0.000,0.282,0.200
1716,352,4932.YDR436W,2,0.000,0.523,0.400
1717,352,4932.YML016C,2,0.000,0.523,0.400
1718,352,4932.YDR456W,0,0.000,0.000,0.000
1719,352,4932.YJR054W,0,0.000,0.000,0.000
1720,353,4932.YPL183C,1,0.000,0.245,0.250
1721,353,4932.YPL030W,2,0.000,0.491,0.500
1722,353,4932.YBR061C,3,0.500,0.565,0.750
1723,353,4932.YOL125W,3,0.500,0.565,0.750
1724,353,4932.YDL112W,1,0.000,0.245,0.250
1725,354,4932.YOL093W,0,0.000,1.000,1.000
1726,355,4932.YLR316C,0,0.000,1.000,1.000
1727,356,4932.YKR093W,0,0.000,0.707,0.000
1728,356,4932.YGL114W,0,0.000,0.707,0.000
1729,357,4932.YPR194C,0,0.000,0.577,0.000
1730,357,4932.YPL177C,0,0.000,0.577,0.000
1731,357,4932.YJL212C,0,0.000,0.577,0.000
1732,358,4932.YJR142W,1,0.000,0.069,0.083
1733,358,4932.YNL332W,4,0.000,0.278,0.333
1734,358,4932.YNL091W,1,0.000,0.073,0.083
1735,358,4932.YDL024C,0,0.000,0.000,0.000
1736,358,4932.YPL258C,7,0.023,0.399,0.583
1737,358,4932.YBR092C,1,0.000,0.073,0.083
1738,358,4932.YDL244W,4,0.000,0.278,0.333
1739,358,4932.YOL055C,7,0.023,0.399,0.583
1740,358,4932.YPR121W,1,0.000,0.073,0.083
1741,358,4932.YFL058W,4,0.000,0.278,0.333
1742,358,4932.YJR156C,4,0.000,0.278,0.333
1743,359,4932.YDR481C,0,0.000,0.707,0.000
1744,359,4932.YOR143C,0,0.000,0.707,0.000
1745,360,4932.YBR296C,6,0.055,0.226,0.429
1746,360,4932.YPL019C,6,0.002,0.316,0.429
1747,360,4932.YJL012C,6,0.002,0.316,0.429
1748,360,4932.YCR037C,3,0.003,0.150,0.214
1749,361,4932.YPL034W,0,0.000,0.707,0.000
1750,361,4932.YCL033C,0,0.000,0.707,0.000
1751,362,4932.YKL069W,0,0.000,0.707,0.000
1752,362,4932.YLR126C,0,0.000,0.707,0.000
1753,363,4932.YMR085W,0,0.000,0.000,0.000
1754,363,4932.YFL017C,1,0.000,0.707,0.500
1755,363,4932.YDL103C,1,0.000,0.707,0.500
1756,364,4932.YOL095C,0,0.000,1.000,1.000
1757,365,4932.YDR538W,0,0.000,1.000,1.000
1758,366,4932.YBR023C,5,0.078,0.424,0.833
1759,366,4932.YKR027W,4,0.022,0.358,0.667
1760,366,4932.YHR142W,4,0.022,0.358,0.667
1761,366,4932.YJL099W,5,0.078,0.424,0.833
1762,367,4932.YLR342W,0,0.000,1.000,1.000
1763,368,4932.YDL225W,9,0.046,0.325,0.692
1764,368,4932.YDR218C,7,0.005,0.288,0.538
1765,368,4932.YGR059W,7,0.005,0.288,0.538
1766,369,4932.YML038C,0,0.000,0.577,0.000
1767,369,4932.YER039C-A,0,0.000,0.577,0.000
1768,369,4932.YPL244C,0,0.000,0.577,0.000
1769,370,4932.YLR149C,0,0.000,1.000,1.000
1770,371,4932.YFR017C,0,0.000,1.000,1.000
1771,372,4932.YGL169W,4,0.022,0.331,0.667
1772,372,4932.YKR038C,5,0.044,0.408,0.833
1773,373,4932.YPL128C,0,0.000,0.707,0.000
1774,373,4932.YBR049C,0,0.000,0.707,0.000
1775,374,4932.YER099C,7,0.019,0.373,1.000
1776,374,4932.YOL061W,7,0.019,0.373,1.000
1777,374,4932.YBL068W,7,0.019,0.373,1.000
1778,374,4932.YHL011C,7,0.019,0.373,1.000
1779,374,4932.YKL181W,7,0.019,0.373,1.000
1780,375,4932.YLL062C,0,0.000,0.707,0.000
1781,375,4932.YPL273W,0,0.000,0.707,0.000
1782,376,4932.YGR142W,0,0.000,1.000,1.000
1783,377,4932.YDL138W,2,0.000,0.577,1.000
1784,377,4932.YKL038W,2,0.000,0.577,1.000
1785,377,4932.YDL194W,2,0.000,0.577,1.000
1786,378,4932.YGR233C,0,0.000,1.000,1.000
1787,379,4932.YHR166C,12,0.000,0.277,1.000
1788,379,4932.YLR127C,12,0.000,0.277,1.000
1789,379,4932.YDR118W,12,0.000,0.277,1.000
1790,379,4932.YDL008W,12,0.000,0.277,1.000
1791,379,4932.YNL172W,12,0.000,0.277,1.000
1792,379,4932.YFR036W,12,0.000,0.277,1.000
1793,379,4932.YLR102C,12,0.000,0.277,1.000
1794,379,4932.YDR260C,12,0.000,0.277,1.000
1795,379,4932.YKL022C,12,0.000,0.277,1.000
1796,379,4932.YIR025W,12,0.000,0.277,1.000
1797,379,4932.YBL084C,12,0.000,0.277,1.000
1798,379,4932.YGL240W,12,0.000,0.277,1.000
1799,379,4932.YOR249C,12,0.000,0.277,1.000
1800,380,4932.YGR017W,1,0.000,0.500,0.333
1801,380,4932.YBR035C,1,0.000,0.500,0.333
1802,380,4932.YLR351C,0,0.000,0.000,0.000
1803,381,4932.YEL029C,0,0.000,0.707,0.000
1804,381,4932.YNR027W,0,0.000,0.707,0.000
1805,382,4932.YJR099W,2,0.000,0.577,1.000
1806,382,4932.YBR058C,2,0.000,0.577,1.000
1807,382,4932.YOR124C,2,0.000,0.577,1.000
1808,383,4932.YNL265C,12,0.013,0.171,0.545
1809,383,4932.YPL065W,17,0.015,0.254,0.773
1810,383,4932.YNR006W,16,0.014,0.238,0.727
1811,383,4932.YDR486C,13,0.012,0.188,0.591
1812,383,4932.YKR035W-A,14,0.016,0.202,0.636
1813,383,4932.YJR102C,17,0.019,0.251,0.773
1814,384,4932.YOR370C,2,0.000,0.577,0.667
1815,384,4932.YER136W,2,0.000,0.577,0.667
1816,384,4932.YML097C,2,0.000,0.577,0.667
1817,384,4932.YLR261C,0,0.000,0.000,0.000
1818,385,4932.YMR304W,0,0.000,1.000,1.000
1819,386,4932.YJL028W,5,0.000,0.405,0.833
1820,386,4932.YJL027C,5,0.000,0.405,0.833
1821,386,4932.YPL193W,1,0.000,0.083,0.167
1822,386,4932.YJL022W,5,0.000,0.405,0.833
1823,386,4932.YJR056C,5,0.000,0.405,0.833
1824,386,4932.YJL161W,5,0.000,0.405,0.833
1825,387,4932.YGL065C,0,0.000,0.577,0.000
1826,387,4932.YDL055C,0,0.000,0.577,0.000
1827,387,4932.YBR085C-A,0,0.000,0.577,0.000
1828,388,4932.YIL030C,0,0.000,1.000,1.000
1829,389,4932.YBR139W,0,0.000,0.500,0.000
1830,389,4932.YMR297W,0,0.000,0.500,0.000
1831,389,4932.YMR174C,0,0.000,0.500,0.000
1832,389,4932.YKR034W,0,0.000,0.500,0.000
1833,390,4932.YGR014W,2,0.000,0.330,0.333
1834,390,4932.YEL060C,0,0.000,0.000,0.000
1835,390,4932.YLR120C,3,0.100,0.469,0.500
1836,390,4932.YOR219C,2,0.000,0.290,0.333
1837,390,4932.YGL203C,2,0.000,0.290,0.333
1838,390,4932.YDR144C,3,0.100,0.469,0.500
1839,391,4932.YPR138C,2,0.000,0.577,1.000
1840,391,4932.YNL142W,2,0.000,0.577,1.000
1841,391,4932.YGR121C,2,0.000,0.577,1.000
1842,392,4932.YER163C,3,0.083,0.557,0.750
1843,392,4932.YOL049W,2,0.000,0.435,0.500
1844,392,4932.YBR281C,0,0.000,0.000,0.000
1845,392,4932.YLR299W,3,0.083,0.557,0.750
1846,392,4932.YKL215C,2,0.000,0.435,0.500
1847,393,4932.YDR513W,0,0.000,0.707,0.000
1848,393,4932.YCL035C,0,0.000,0.707,0.000
1849,394,4932.YDL095W,8,0.029,0.316,0.471
1850,394,4932.YOR321W,9,0.061,0.345,0.529
1851,394,4932.YDR245W,8,0.063,0.245,0.471
1852,394,4932.YDL093W,8,0.049,0.316,0.471
1853,395,4932.YGR041W,3,0.076,0.385,0.200
1854,395,4932.YIL140W,3,0.033,0.281,0.200
1855,395,4932.YLR353W,3,0.076,0.385,0.200
1856,395,4932.YLR084C,3,0.003,0.376,0.200
1857,395,4932.YML104C,2,0.076,0.145,0.133
1858,395,4932.YCL014W,3,0.033,0.281,0.200
1859,396,4932.YGL067W,1,0.000,0.500,0.333
1860,396,4932.YLR328W,1,0.000,0.500,0.333
1861,396,4932.YCL047C,0,0.000,0.000,0.000
1862,397,4932.YMR285C,2,0.000,0.523,0.667
1863,397,4932.YLR107W,2,0.000,0.523,0.667
1864,397,4932.YGR276C,1,0.000,0.282,0.333
1865,398,4932.YDL184C,0,0.000,1.000,1.000
1866,399,4932.YHR137W,0,0.000,1.000,1.000
1867,400,4932.YDR421W,0,0.000,0.707,0.000
1868,400,4932.YGL202W,0,0.000,0.707,0.000
1869,401,4932.YNL321W,2,0.000,0.412,0.333
1870,401,4932.YDR040C,2,0.000,0.412,0.333
1871,401,4932.YKR050W,1,0.000,0.217,0.167
1872,401,4932.YCR008W,0,0.000,0.000,0.000
1873,401,4932.YBR040W,0,0.000,0.000,0.000
1874,402,4932.YLR143W,0,0.000,1.000,1.000
1875,403,4932.YFR044C,1,0.000,0.707,0.500
1876,403,4932.YNL191W,1,0.000,0.707,0.500
1877,403,4932.YKR074W,0,0.000,0.000,0.000
1878,404,4932.YLR146C,3,0.000,0.482,0.750
1879,404,4932.YOL052C,3,0.000,0.482,0.750
1880,404,4932.YPR069C,3,0.000,0.482,0.750
1881,404,4932.YPL052W,1,0.000,0.170,0.250
1882,405,4932.YDR098C,2,0.000,0.523,0.667
1883,405,4932.YPL202C,2,0.000,0.523,0.667
1884,405,4932.YER174C,1,0.000,0.282,0.333
1885,406,4932.YER020W,1,0.000,0.354,0.250
1886,406,4932.YHR005C,1,0.000,0.354,0.250
1887,406,4932.YBR140C,1,0.000,0.271,0.250
1888,406,4932.YOL081W,2,0.500,0.500,0.500
1889,407,4932.YBR223C,0,0.000,1.000,1.000
1890,408,4932.YMR070W,0,0.000,1.000,1.000
1891,409,4932.YBL067C,4,0.167,0.510,1.000
1892,409,4932.YOL087C,2,0.000,0.307,0.500
1893,409,4932.YER098W,4,0.167,0.510,1.000
1894,409,4932.YKR098C,3,0.000,0.439,0.750
1895,409,4932.YIL156W,3,0.000,0.439,0.750
1896,410,4932.YML047C,0,0.000,1.000,1.000
1897,411,4932.YKR007W,2,0.000,0.577,1.000
1898,411,4932.YDR414C,2,0.000,0.577,1.000
1899,411,4932.YCR075C,2,0.000,0.577,1.000
1900,412,4932.YGL200C,6,0.025,0.376,0.750
1901,412,4932.YAR002C-A,6,0.028,0.378,0.750
1902,412,4932.YGL002W,6,0.028,0.378,0.750
1903,413,4932.YPL236C,0,0.000,0.577,0.000
1904,413,4932.YMR111C,0,0.000,0.577,0.000
1905,413,4932.YKL047W,0,0.000,0.577,0.000
1906,414,4932.YFL034C-B,5,0.024,0.420,0.714
1907,414,4932.YOR353C,5,0.024,0.420,0.714
1908,414,4932.YIL129C,5,0.024,0.420,0.714
1909,415,4932.YML055W,3,0.000,0.500,1.000
1910,415,4932.YLR066W,3,0.000,0.500,1.000
1911,415,4932.YJR010C-A,3,0.000,0.500,1.000
1912,415,4932.YIR022W,3,0.000,0.500,1.000
1913,416,4932.YEL076C,4,0.000,0.447,1.000
1914,416,4932.YEL077C,4,0.000,0.447,1.000
1915,416,4932.YEL075W-A,4,0.000,0.447,1.000
1916,416,4932.YEL075C,4,0.000,0.447,1.000
1917,416,4932.YEL074W,4,0.000,0.447,1.000
1918,417,4932.YGL045W,6,0.000,0.362,0.750
1919,417,4932.YGR122W,2,0.000,0.125,0.250
1920,417,4932.YOR030W,6,0.000,0.362,0.750
1921,417,4932.YGR058W,2,0.000,0.125,0.250
1922,417,4932.YNL294C,6,0.000,0.362,0.750
1923,417,4932.YMR063W,6,0.000,0.362,0.750
1924,417,4932.YHL027W,7,0.089,0.379,0.875
1925,417,4932.YMR154C,7,0.089,0.379,0.875
1926,418,4932.YDL195W,0,0.000,1.000,1.000
1927,419,4932.YOR385W,1,0.000,0.707,0.500
1928,419,4932.YOL016C,1,0.000,0.707,0.500
1929,419,4932.YBR056W-A,0,0.000,0.000,0.000
1930,420,4932.YDL128W,5,0.027,0.429,0.625
1931,420,4932.YOR087W,4,0.018,0.364,0.500
1932,420,4932.YNL291C,5,0.062,0.396,0.625
1933,420,4932.YNL027W,4,0.018,0.364,0.500
1934,421,4932.YGL167C,0,0.000,0.577,0.000
1935,421,4932.YIR018W,0,0.000,0.577,0.000
1936,421,4932.YMR034C,0,0.000,0.577,0.000
1937,422,4932.YDR126W,1,0.000,0.707,0.333
1938,422,4932.YNL326C,0,0.000,0.000,0.000
1939,422,4932.YOL003C,0,0.000,0.000,0.000
1940,422,4932.YDR459C,1,0.000,0.707,0.333
1941,423,4932.YDL240W,0,0.000,1.000,1.000
1942,424,4932.YLR305C,3,0.167,0.557,1.000
1943,424,4932.YMR212C,3,0.167,0.557,1.000
1944,425,4932.YDR273W,0,0.000,0.707,0.000
1945,425,4932.YLR422W,0,0.000,0.707,0.000
1946,426,4932.YOR269W,0,0.000,1.000,1.000
1947,427,4932.YJR134C,0,0.000,0.707,0.000
1948,427,4932.YDR517W,0,0.000,0.707,0.000
1949,428,4932.YIL177C,0,0.000,1.000,1.000
1950,429,4932.YML133W-A,2,0.000,0.577,1.000
1951,429,4932.YML133W-B,2,0.000,0.577,1.000
1952,429,4932.YML133C,2,0.000,0.577,1.000
1953,430,4932.YLL066C,1,0.000,0.282,0.333
1954,430,4932.YDR521W,2,0.000,0.523,0.667
1955,430,4932.YKL102C,2,0.000,0.523,0.667
1956,431,4932.YLL067C,0,0.000,1.000,1.000
1957,432,4932.YDL124W,0,0.000,1.000,1.000
1958,433,4932.YKL096W-A,0,0.000,0.577,0.000
1959,433,4932.YJL159W,0,0.000,0.577,0.000
1960,433,4932.YER150W,0,0.000,0.577,0.000
1961,434,4932.YKL130C,0,0.000,0.447,0.000
1962,434,4932.YBL091C-A,0,0.000,0.447,0.000
1963,434,4932.YML072C,0,0.000,0.447,0.000
1964,434,4932.YHR195W,0,0.000,0.447,0.000
1965,434,4932.YER120W,0,0.000,0.447,0.000
1966,435,4932.YNL160W,0,0.000,1.000,1.000
1967,436,4932.YDR150W,0,0.000,1.000,1.000
1968,437,4932.YOR357C,7,0.010,0.315,0.583
1969,437,4932.YOR132W,8,0.020,0.344,0.667
1970,437,4932.YJL036W,7,0.061,0.277,0.583
1971,437,4932.YOR069W,7,0.010,0.311,0.583
1972,438,4932.YBR086C,0,0.000,1.000,1.000
1973,439,4932.YDR137W,2,0.000,0.290,0.286
1974,439,4932.YDR484W,3,0.071,0.469,0.429
1975,439,4932.YDR027C,3,0.071,0.469,0.429
1976,439,4932.YOR216C,1,0.000,0.000,0.143
1977,439,4932.YKR020W,2,0.000,0.330,0.286
1978,439,4932.YKL179C,1,0.000,0.000,0.143
1979,439,4932.YLR039C,2,0.000,0.290,0.286
1980,440,4932.YMR079W,0,0.000,1.000,1.000
1981,441,4932.YGR202C,0,0.000,0.707,0.000
1982,441,4932.YOR086C,0,0.000,0.707,0.000
1983,442,4932.YPL272C,0,0.000,0.707,0.000
1984,442,4932.YJL145W,0,0.000,0.707,0.000
1985,443,4932.YCR091W,0,0.000,0.000,0.000
1986,443,4932.YCR094W,1,0.000,0.707,0.200
1987,443,4932.YMR010W,0,0.000,0.000,0.000
1988,443,4932.YNR047W,0,0.000,0.000,0.000
1989,443,4932.YNL323W,1,0.000,0.707,0.200
1990,443,4932.YNR048W,0,0.000,0.000,0.000
1991,444,4932.YDR093W,1,0.000,0.500,0.333
1992,444,4932.YMR162C,0,0.000,0.000,0.000
1993,444,4932.YAL026C,1,0.000,0.500,0.333
1994,445,4932.YIL048W,2,0.000,0.577,1.000
1995,445,4932.YDR141C,2,0.000,0.577,1.000
1996,445,4932.YNL297C,2,0.000,0.577,1.000
1997,446,4932.YLR307W,2,0.000,0.067,0.143
1998,446,4932.YHR143W,7,0.015,0.363,0.500
1999,446,4932.YDR371W,3,0.005,0.076,0.214
2000,446,4932.YOR190W,0,0.000,0.000,0.000
2001,446,4932.YBR158W,5,0.000,0.272,0.357
2002,446,4932.YGL028C,7,0.015,0.363,0.500
2003,446,4932.YJL158C,2,0.000,0.065,0.143
2004,446,4932.YNR067C,6,0.000,0.327,0.429
2005,446,4932.YLR308W,2,0.000,0.067,0.143
2006,446,4932.YGR189C,2,0.000,0.065,0.143
2007,446,4932.YER124C,7,0.015,0.363,0.500
2008,446,4932.YGR282C,0,0.000,0.000,0.000
2009,446,4932.YNL327W,7,0.015,0.363,0.500
2010,446,4932.YNL066W,7,0.015,0.363,0.500
2011,447,4932.YBR280C,1,0.000,0.707,1.000
2012,447,4932.YLR097C,1,0.000,0.707,1.000
2013,448,4932.YGR003W,0,0.000,1.000,1.000
2014,449,4932.YLR380W,0,0.000,0.707,0.000
2015,449,4932.YNL264C,0,0.000,0.707,0.000
2016,450,4932.YFL059W,5,0.000,0.408,1.000
2017,450,4932.YMR096W,5,0.000,0.408,1.000
2018,450,4932.YNL334C,5,0.000,0.408,1.000
2019,450,4932.YMR095C,5,0.000,0.408,1.000
2020,450,4932.YNL333W,5,0.000,0.408,1.000
2021,450,4932.YFL060C,5,0.000,0.408,1.000
2022,451,4932.YNL086W,5,0.000,0.408,1.000
2023,451,4932.YDR357C,5,0.000,0.408,1.000
2024,451,4932.YGL079W,5,0.000,0.408,1.000
2025,451,4932.YEL005C,5,0.000,0.408,1.000
2026,451,4932.YLR408C,5,0.000,0.408,1.000
2027,451,4932.YKL061W,5,0.000,0.408,1.000
2028,452,4932.YLR253W,0,0.000,0.577,0.000
2029,452,4932.YDR104C,0,0.000,0.577,0.000
2030,452,4932.YHR105W,0,0.000,0.577,0.000
2031,453,4932.YOR042W,0,0.000,1.000,1.000
2032,454,4932.YHR192W,3,0.000,0.500,1.000
2033,454,4932.YPR028W,3,0.000,0.500,1.000
2034,454,4932.YDR233C,3,0.000,0.500,1.000
2035,454,4932.YOR165W,3,0.000,0.500,1.000
2036,455,4932.YCR079W,1,0.000,0.707,1.000
2037,455,4932.YOR090C,1,0.000,0.707,1.000
2038,456,4932.YMR247C,0,0.000,1.000,1.000
2039,457,4932.YKR023W,3,0.083,0.470,0.750
2040,457,4932.YPL009C,3,0.083,0.470,0.750
2041,458,4932.YDL198C,0,0.000,1.000,1.000
2042,459,4932.YPL249C,0,0.000,0.707,0.000
2043,459,4932.YGR100W,0,0.000,0.707,0.000
2044,460,4932.YDR461W,6,0.024,0.329,0.500
2045,460,4932.YNL154C,3,0.015,0.147,0.250
2046,460,4932.YGL089C,6,0.043,0.316,0.500
2047,460,4932.YIL015W,6,0.033,0.320,0.500
2048,461,4932.YNL065W,0,0.000,0.447,0.000
2049,461,4932.YIL121W,0,0.000,0.447,0.000
2050,461,4932.YPR008W,0,0.000,0.447,0.000
2051,461,4932.YPR157W,0,0.000,0.447,0.000
2052,461,4932.YIL120W,0,0.000,0.447,0.000
2053,462,4932.YCL027W,1,0.000,0.155,0.250
2054,462,4932.YCL055W,2,0.500,0.342,0.500
2055,462,4932.YBR057C,2,0.000,0.497,0.500
2056,462,4932.YNL196C,2,0.000,0.497,0.500
2057,463,4932.YJR094C,0,0.000,1.000,1.000
2058,464,4932.YCL012C,0,0.000,0.000,0.000
2059,464,4932.YFL064C,3,0.000,0.482,0.600
2060,464,4932.YFL065C,3,0.000,0.482,0.600
2061,464,4932.YHL049C,1,0.000,0.170,0.200
2062,464,4932.YFL067W,3,0.000,0.482,0.600
2063,465,4932.YJL073W,0,0.000,1.000,1.000
2064,466,4932.YJR131W,0,0.000,1.000,1.000
2065,467,4932.YGR225W,0,0.000,1.000,1.000
2066,468,4932.YGL117W,0,0.000,1.000,1.000
2067,469,4932.YOR271C,0,0.000,1.000,1.000
2068,470,4932.YNL322C,0,0.000,0.577,0.000
2069,470,4932.YMR200W,0,0.000,0.577,0.000
2070,470,4932.YDR221W,0,0.000,0.577,0.000
2071,471,4932.YOR066W,0,0.000,1.000,1.000
2072,472,4932.YGL141W,0,0.000,0.577,0.000
2073,472,4932.YMR100W,0,0.000,0.577,0.000
2074,472,4932.YKL010C,0,0.000,0.577,0.000
2075,473,4932.YHR009C,0,0.000,0.707,0.000
2076,473,4932.YDL025C,0,0.000,0.707,0.000
2077,474,4932.YJR089W,0,0.000,1.000,1.000
2078,475,4932.YGL071W,0,0.000,1.000,1.000
2079,476,4932.YCR040W,4,0.083,0.436,0.800
2080,476,4932.YCL067C,4,0.083,0.436,0.800
2081,477,4932.YDR084C,0,0.000,0.707,0.000
2082,477,4932.YKR088C,0,0.000,0.707,0.000
2083,478,4932.YDR100W,1,0.000,0.707,1.000
2084,478,4932.YMR071C,1,0.000,0.707,1.000
2085,479,4932.YNR055C,0,0.000,0.707,0.000
2086,479,4932.YLL028W,0,0.000,0.707,0.000
2087,480,4932.YBR008C,0,0.000,1.000,1.000
2088,481,4932.YDR490C,3,0.000,0.439,0.600
2089,481,4932.YOL100W,3,0.000,0.439,0.600
2090,481,4932.YGR130C,0,0.000,0.000,0.000
2091,481,4932.YMR086W,2,0.000,0.307,0.400
2092,482,4932.YOL101C,2,0.000,0.577,1.000
2093,482,4932.YLR023C,2,0.000,0.577,1.000
2094,482,4932.YJL056C,2,0.000,0.577,1.000
2095,483,4932.YOR043W,0,0.000,1.000,1.000
2096,484,4932.YDR497C,0,0.000,1.000,1.000
2097,485,4932.YPL092W,0,0.000,1.000,1.000
2098,486,4932.YER157W,8,0.036,0.358,1.000
2099,486,4932.YML071C,8,0.036,0.358,1.000
2100,486,4932.YJL029C,4,0.000,0.197,0.500
2101,486,4932.YGR120C,7,0.000,0.335,0.875
2102,486,4932.YNL041C,8,0.036,0.358,1.000
2103,486,4932.YGL223C,7,0.000,0.335,0.875
2104,486,4932.YGL005C,7,0.000,0.335,0.875
2105,486,4932.YPR105C,8,0.036,0.358,1.000
2106,486,4932.YNL051W,7,0.000,0.335,0.875
2107,487,4932.YGL038C,0,0.000,1.000,1.000
2108,488,4932.YCR089W,0,0.000,0.577,0.000
2109,488,4932.YLR452C,0,0.000,0.577,0.000
2110,488,4932.YGL032C,0,0.000,0.577,0.000
2111,489,4932.YMR216C,0,0.000,1.000,1.000
2112,490,4932.YNR059W,0,0.000,0.000,0.000
2113,490,4932.YJL186W,2,0.000,0.412,0.400
2114,490,4932.YKL201C,2,0.000,0.412,0.400
2115,490,4932.YIL014W,1,0.000,0.217,0.200
2116,491,4932.YPL053C,0,0.000,1.000,1.000
2117,492,4932.YDR089W,0,0.000,1.000,1.000
2118,493,4932.YOR220W,0,0.000,0.707,0.000
2119,493,4932.YMR316W,0,0.000,0.707,0.000
2120,494,4932.YBR260C,0,0.000,1.000,1.000
2121,495,4932.YGR004W,0,0.000,0.577,0.000
2122,495,4932.YDR479C,0,0.000,0.577,0.000
2123,495,4932.YBR168W,0,0.000,0.577,0.000
2124,496,4932.YLR324W,0,0.000,0.707,0.000
2125,496,4932.YHR150W,0,0.000,0.707,0.000
2126,497,4932.YGR184C,0,0.000,1.000,1.000
2127,498,4932.YNL008C,1,0.000,0.707,1.000
2128,498,4932.YMR119W,1,0.000,0.707,1.000
2129,499,4932.YJR152W,0,0.000,0.707,0.000
2130,499,4932.YKR039W,0,0.000,0.707,0.000
2131,500,4932.YGL102C,0,0.000,0.577,0.000
2132,500,4932.YGL217C,0,0.000,0.577,0.000
2133,500,4932.YLL038C,0,0.000,0.577,0.000
2134,501,4932.YFL048C,0,0.000,1.000,1.000
2135,502,4932.YGR172C,3,0.167,0.557,1.000
2136,502,4932.YGL198W,3,0.167,0.557,1.000
2137,503,4932.YLR246W,0,0.000,0.707,0.000
2138,503,4932.YDR264C,0,0.000,0.707,0.000
2139,504,4932.YBR187W,0,0.000,1.000,1.000
2140,505,4932.YPL199C,0,0.000,0.707,0.000
2141,505,4932.YER123W,0,0.000,0.707,0.000
2142,506,4932.YJL151C,0,0.000,1.000,1.000
2143,507,4932.YOL073C,0,0.000,1.000,1.000
2144,508,4932.YOL042W,0,0.000,1.000,1.000
2145,509,4932.YDR135C,0,0.000,0.707,0.000
2146,509,4932.YLL048C,0,0.000,0.707,0.000
2147,510,4932.YBR053C,0,0.000,1.000,1.000
2148,511,4932.YMR041C,0,0.000,0.500,0.000
2149,511,4932.YBR056W,0,0.000,0.500,0.000
2150,511,4932.YBR149W,0,0.000,0.500,0.000
2151,511,4932.YAL008W,0,0.000,0.500,0.000
2152,512,4932.YLR410W,3,0.000,0.467,0.600
2153,512,4932.YDR315C,3,0.000,0.467,0.600
2154,512,4932.YOR163W,1,0.000,0.160,0.200
2155,512,4932.YML099C,1,0.000,0.160,0.200
2156,513,4932.YPR199C,2,0.000,0.577,1.000
2157,513,4932.YPR200C,2,0.000,0.577,1.000
2158,513,4932.YPR201W,2,0.000,0.577,1.000
2159,514,4932.YBR030W,3,0.000,0.500,1.000
2160,514,4932.YDR257C,3,0.000,0.500,1.000
2161,514,4932.YPL208W,3,0.000,0.500,1.000
2162,514,4932.YDR198C,3,0.000,0.500,1.000
2163,515,4932.YOR328W,0,0.000,0.577,0.000
2164,515,4932.YDR406W,0,0.000,0.577,0.000
2165,515,4932.YGL013C,0,0.000,0.577,0.000
2166,516,4932.YER049W,0,0.000,1.000,1.000
2167,517,4932.YOL070C,1,0.000,0.707,1.000
2168,517,4932.YNL078W,1,0.000,0.707,1.000
2169,518,4932.YFL057C,2,0.000,0.577,1.000
2170,518,4932.YDL243C,2,0.000,0.577,1.000
2171,518,4932.YFL056C,2,0.000,0.577,1.000
2172,519,4932.YOR053W,0,0.000,1.000,1.000
2173,520,4932.YDR545W,0,0.000,0.577,0.000
2174,520,4932.YOR396W,0,0.000,0.577,0.000
2175,520,4932.YOR394C-A,0,0.000,0.577,0.000
2176,521,4932.YDR545C-A,0,0.000,1.000,1.000
2177,522,4932.YOR396C-A,0,0.000,1.000,1.000
2178,523,4932.YPL058C,0,0.000,1.000,1.000
2179,524,4932.YBR078W,0,0.000,0.707,0.000
2180,524,4932.YOR386W,0,0.000,0.707,0.000
2181,525,4932.YOR252W,0,0.000,1.000,1.000
2182,526,4932.YOL110W,0,0.000,1.000,1.000
2183,527,4932.YIR003W,0,0.000,1.000,1.000
2184,528,4932.YMR031C,0,0.000,0.500,0.000
2185,528,4932.YKL142W,0,0.000,0.500,0.000
2186,528,4932.YML052W,0,0.000,0.500,0.000
2187,528,4932.YPR149W,0,0.000,0.500,0.000
2188,529,4932.YBL005W,0,0.000,1.000,1.000
2189,530,4932.YFR018C,0,0.000,1.000,1.000
2190,531,4932.YOR242C,0,0.000,1.000,1.000
2191,532,4932.YJL059W,0,0.000,1.000,1.000
2192,533,4932.YCL001W-A,2,0.000,0.577,1.000
2193,533,4932.YCR024C-B,2,0.000,0.577,1.000
2194,533,4932.YCL042W,2,0.000,0.577,1.000
2195,534,4932.YBL049W,0,0.000,1.000,1.000
2196,535,4932.YGL146C,0,0.000,0.707,0.000
2197,535,4932.YGL139W,0,0.000,0.707,0.000
2198,536,4932.YGL140C,0,0.000,1.000,1.000
2199,537,4932.YML086C,0,0.000,1.000,1.000
2200,538,4932.YOR193W,0,0.000,1.000,1.000
2201,539,4932.YLR065C,0,0.000,1.000,1.000
2202,540,4932.YOR344C,0,0.000,0.577,0.000
2203,540,4932.YDL046W,0,0.000,0.577,0.000
2204,540,4932.YPL075W,0,0.000,0.577,0.000
2205,541,4932.YOR383C,0,0.000,1.000,1.000
2206,542,4932.YJL223C,20,0.016,0.239,1.000
2207,542,4932.YGR294W,19,0.008,0.234,0.950
2208,542,4932.YIR041W,20,0.016,0.239,1.000
2209,542,4932.YMR325W,20,0.016,0.239,1.000
2210,542,4932.YCR104W,20,0.016,0.239,1.000
2211,542,4932.YIL176C,20,0.016,0.239,1.000
2212,542,4932.YNR076W,19,0.011,0.232,0.950
2213,542,4932.YEL049W,18,0.005,0.225,0.900
2214,542,4932.YFL020C,20,0.016,0.239,1.000
2215,542,4932.YBR301W,19,0.011,0.232,0.950
2216,542,4932.YKL224C,18,0.005,0.225,0.900
2217,543,4932.YLR047C,0,0.000,1.000,1.000
2218,544,4932.YNL158W,0,0.000,1.000,1.000
2219,545,4932.YNR044W,0,0.000,1.000,1.000
2220,546,4932.YBR294W,0,0.000,0.707,0.000
2221,546,4932.YDR250C,0,0.000,0.707,0.000
2222,547,4932.YGR125W,0,0.000,1.000,1.000
2223,548,4932.YER035W,0,0.000,1.000,1.000
2224,549,4932.YHR139C,0,0.000,0.707,0.000
2225,549,4932.YDR402C,0,0.000,0.707,0.000
2226,550,4932.YLL059C,0,0.000,0.707,0.000
2227,550,4932.YML131W,0,0.000,0.707,0.000
2228,551,4932.YLL056C,0,0.000,1.000,1.000
2229,552,4932.YPL006W,0,0.000,0.707,0.000
2230,552,4932.YNL199C,0,0.000,0.707,0.000
2231,553,4932.YER039C,0,0.000,1.000,1.000
2232,554,4932.YBL109W,3,0.000,0.500,1.000
2233,554,4932.YBL113C,3,0.000,0.500,1.000
2234,554,4932.YBL113W-A,3,0.000,0.500,1.000
2235,554,4932.YBL111C,3,0.000,0.500,1.000
2236,555,4932.YEL004W,0,0.000,1.000,1.000
2237,556,4932.YDR085C,0,0.000,1.000,1.000
2238,557,4932.YLR465C,1,0.000,0.707,0.500
2239,557,4932.YLR463C,1,0.000,0.707,0.500
2240,557,4932.YLR467C-A,0,0.000,0.000,0.000
2241,558,4932.YLR466C-B,0,0.000,1.000,1.000
2242,559,4932.YNL101W,0,0.000,0.577,0.000
2243,559,4932.YBR293W,0,0.000,0.577,0.000
2244,559,4932.YKL146W,0,0.000,0.577,0.000
2245,560,4932.YIL088C,0,0.000,0.577,0.000
2246,560,4932.YER119C,0,0.000,0.577,0.000
2247,560,4932.YCL038C,0,0.000,0.577,0.000
2248,561,4932.YPR156C,1,0.000,0.707,0.500
2249,561,4932.YHR048W,0,0.000,0.000,0.000
2250,561,4932.YGR138C,1,0.000,0.707,0.500
2251,562,4932.YLR156W,0,0.000,1.000,1.000
2252,563,4932.YJR162C,1,0.000,0.707,0.200
2253,563,4932.YBL108W,0,0.000,0.000,0.000
2254,563,4932.YDR544C,0,0.000,0.000,0.000
2255,563,4932.YER190W,0,0.000,0.000,0.000
2256,563,4932.YNL337W,1,0.000,0.707,0.200
2257,563,4932.YHR217C,0,0.000,0.000,0.000
2258,564,4932.YHR219W,0,0.000,1.000,1.000
2259,565,4932.YKL225W,1,0.000,0.500,0.250
2260,565,4932.YNL338W,0,0.000,0.000,0.000
2261,565,4932.YFL063W,0,0.000,0.000,0.000
2262,565,4932.YNR077C,1,0.000,0.500,0.250
2263,566,4932.YER189W,1,0.000,0.707,1.000
2264,566,4932.YER188C-A,1,0.000,0.707,1.000
2265,567,4932.YHL050W-A,0,0.000,1.000,1.000
2266,568,4932.YNL018C,0,0.000,0.577,0.000
2267,568,4932.YFL051C,0,0.000,0.577,0.000
2268,568,4932.YNL034W,0,0.000,0.577,0.000
2269,569,4932.YNL033W,0,0.000,0.707,0.000
2270,569,4932.YNL019C,0,0.000,0.707,0.000
