,cluster,protein,degree,betweenness_centrality,eigenvector_centrality,degree_centrality
0,0,Q0017,5,0.000,0.391,0.714
1,0,Q0092,2,0.000,0.161,0.286
2,0,Q0142,1,0.000,0.078,0.143
3,0,Q0182,5,0.000,0.391,0.714
4,0,Q0032,5,0.000,0.391,0.714
5,1,YJR122W,10,0.002,0.283,0.909
6,1,YLR369W,8,0.002,0.229,0.727
7,1,YLL027W,10,0.002,0.283,0.909
8,1,YOR196C,10,0.002,0.283,0.909
9,2,YDL120W,2,0.000,0.577,1.000
10,2,YGL018C,2,0.000,0.577,1.000
11,2,YMR301C,2,0.000,0.577,1.000
12,3,YNL328C,3,0.000,0.389,0.500
13,3,YHR024C,1,0.000,0.146,0.167
14,3,YNL310C,2,0.000,0.267,0.333
15,3,YEL030W,2,0.000,0.267,0.333
16,4,YPL202C,2,0.000,0.220,0.333
17,4,YLL029W,2,0.000,0.220,0.333
18,5,YOR194C,24,0.001,0.150,0.393
19,5,YJR017C,4,0.000,0.017,0.066
20,5,YPR133C,9,0.000,0.040,0.148
21,5,YDR156W,7,0.000,0.036,0.115
22,5,YML112W,5,0.000,0.021,0.082
23,5,YKL160W,12,0.000,0.077,0.197
24,5,YKL005C,3,0.000,0.015,0.049
25,5,YOR352W,10,0.000,0.053,0.164
26,5,YDR289C,5,0.000,0.029,0.082
27,5,YBR279W,10,0.000,0.046,0.164
28,5,YPL228W,3,0.000,0.006,0.049
29,5,YMR039C,3,0.000,0.019,0.049
30,5,YFR016C,1,0.000,0.002,0.016
31,5,YLR243W,5,0.000,0.022,0.082
32,5,YJL148W,7,0.000,0.036,0.115
33,5,YPR161C,9,0.001,0.037,0.148
34,6,YBL022C,0,0.000,1.000,1.000
35,7,YDR397C,3,0.000,0.026,0.077
36,7,YML015C,13,0.000,0.093,0.333
37,7,YPL011C,13,0.000,0.093,0.333
38,7,YER159C,3,0.000,0.026,0.077
39,7,YJL011C,14,0.000,0.201,0.359
40,7,YCR042C,13,0.000,0.093,0.333
41,7,YBR198C,13,0.000,0.093,0.333
42,7,YMR005W,13,0.000,0.093,0.333
43,7,YKL144C,14,0.000,0.201,0.359
44,7,YGL112C,13,0.000,0.093,0.333
45,7,YKR025W,14,0.000,0.201,0.359
46,7,YDR145W,13,0.000,0.093,0.333
47,7,YML114C,13,0.000,0.093,0.333
48,7,YML098W,13,0.000,0.093,0.333
49,7,YDL070W,2,0.000,0.012,0.051
50,7,YOR110W,8,0.000,0.094,0.205
51,7,YKL125W,4,0.000,0.064,0.103
52,7,YMR236W,13,0.000,0.093,0.333
53,7,YDR045C,14,0.000,0.201,0.359
54,7,YPL007C,8,0.000,0.094,0.205
55,8,YOR174W,20,0.000,0.198,0.833
56,8,YGL025C,20,0.000,0.198,0.833
57,8,YPR070W,20,0.000,0.198,0.833
58,8,YHR041C,20,0.000,0.198,0.833
59,8,YMR112C,19,0.000,0.189,0.792
60,8,YBR253W,20,0.000,0.198,0.833
61,8,YBR193C,20,0.000,0.198,0.833
62,9,YLR055C,14,0.000,0.252,0.875
63,9,YMR223W,14,0.000,0.252,0.875
64,9,YER164W,14,0.000,0.252,0.875
65,9,YPL047W,14,0.000,0.252,0.875
66,9,YBR081C,14,0.000,0.252,0.875
67,9,YDR392W,14,0.000,0.252,0.875
68,9,YOL148C,14,0.000,0.252,0.875
69,9,YGL066W,14,0.000,0.252,0.875
70,9,YCR082W,4,0.000,0.064,0.250
71,9,YBR111W-A,14,0.000,0.252,0.875
72,10,YPR164W,3,0.000,0.077,0.107
73,10,YDR202C,2,0.000,0.048,0.071
74,10,YJR090C,4,0.000,0.151,0.143
75,10,YMR168C,2,0.000,0.048,0.071
76,10,YMR094W,2,0.000,0.048,0.071
77,10,YOR080W,2,0.000,0.081,0.071
78,10,YNL230C,2,0.000,0.055,0.071
79,10,YJL149W,1,0.000,0.042,0.036
80,10,YLR320W,3,0.000,0.077,0.107
81,10,YMR258C,1,0.000,0.042,0.036
82,10,YJR033C,2,0.000,0.048,0.071
83,10,YOL025W,3,0.000,0.098,0.107
84,10,YLR368W,1,0.000,0.042,0.036
85,10,YNL311C,1,0.000,0.042,0.036
86,10,YLR352W,2,0.000,0.081,0.071
87,10,YER143W,1,0.000,0.009,0.036
88,10,YER066W,3,0.000,0.121,0.107
89,11,YNL119W,8,0.006,0.267,0.727
90,11,YHR187W,6,0.003,0.199,0.545
91,11,YML014W,6,0.000,0.206,0.545
92,11,YKL110C,7,0.006,0.233,0.636
93,12,YBR155W,7,0.004,0.233,0.583
94,12,YGR123C,3,0.000,0.109,0.250
95,12,YOR057W,6,0.000,0.209,0.500
96,12,YJR032W,7,0.004,0.235,0.583
97,12,YOR298C-A,6,0.000,0.206,0.500
98,13,YPR031W,3,0.000,0.482,0.750
99,13,YKL017C,1,0.000,0.170,0.250
100,13,YLR455W,3,0.000,0.482,0.750
101,13,YOR064C,3,0.000,0.482,0.750
102,14,YBR089C-A,2,0.000,0.435,0.667
103,14,YPR052C,2,0.000,0.435,0.667
104,15,YKL054C,1,0.000,0.500,0.500
105,15,YDR030C,1,0.000,0.500,0.500
106,16,YPR204W,1,0.000,0.001,0.005
107,16,YOR119C,28,0.000,0.019,0.139
108,16,YDR361C,47,0.000,0.033,0.234
109,16,YLR336C,46,0.000,0.032,0.229
110,16,YLR022C,7,0.000,0.004,0.035
111,16,YLR401C,1,0.000,0.001,0.005
112,16,YDR161W,39,0.000,0.027,0.194
113,16,YOR046C,43,0.000,0.030,0.214
114,16,YJR041C,22,0.000,0.015,0.109
115,16,YAL059W,57,0.000,0.037,0.284
116,16,YBR034C,37,0.000,0.027,0.184
117,16,YOR061W,57,0.000,0.040,0.284
118,16,YLR449W,51,0.000,0.037,0.254
119,16,YDR412W,19,0.000,0.014,0.095
120,16,YNL163C,4,0.000,0.002,0.020
121,16,YIL035C,66,0.000,0.045,0.328
122,16,YGL019W,58,0.000,0.040,0.289
123,16,YLR068W,3,0.000,0.002,0.015
124,16,YKR056W,25,0.000,0.019,0.124
125,16,YIR012W,61,0.000,0.040,0.303
126,16,YBL028C,58,0.000,0.037,0.289
127,16,YGR251W,66,0.000,0.045,0.328
128,16,YDL167C,9,0.000,0.006,0.045
129,16,YNL227C,52,0.000,0.033,0.259
130,16,YOR309C,11,0.000,0.009,0.055
131,16,YGR187C,12,0.000,0.009,0.060
132,16,YER036C,53,0.000,0.035,0.264
133,16,YDR184C,5,0.000,0.003,0.025
134,16,YNL175C,54,0.000,0.040,0.269
135,16,YOL144W,9,0.000,0.005,0.045
136,16,YIR026C,53,0.000,0.034,0.264
137,16,YML074C,26,0.000,0.019,0.129
138,16,YPL263C,3,0.000,0.002,0.015
139,16,YMR269W,4,0.000,0.003,0.020
140,16,YER156C,1,0.000,0.001,0.005
141,16,YDR194C,22,0.000,0.016,0.109
142,16,YJR091C,1,0.000,0.001,0.005
143,16,YDR339C,62,0.000,0.044,0.308
144,16,YOL080C,28,0.000,0.020,0.139
145,16,YGR271C-A,29,0.000,0.019,0.144
146,16,YEL055C,70,0.000,0.051,0.348
147,16,YPL239W,3,0.000,0.002,0.015
148,16,YHR089C,27,0.000,0.018,0.134
149,16,YNL124W,33,0.000,0.025,0.164
150,16,YMR239C,25,0.000,0.017,0.124
151,16,YBR192W,3,0.000,0.002,0.015
152,16,YGL014W,1,0.000,0.001,0.005
153,16,YDR174W,22,0.000,0.015,0.109
154,16,YOR039W,51,0.000,0.036,0.254
155,16,YKR092C,64,0.000,0.047,0.318
156,16,YNL035C,1,0.000,0.001,0.005
157,17,YKL126W,0,0.000,0.000,0.000
158,17,YHR205W,1,0.000,0.707,0.500
159,17,YDR005C,1,0.000,0.707,0.500
160,18,YDR293C,4,0.000,0.061,0.148
161,18,YGL213C,11,0.000,0.160,0.407
162,18,YMR287C,12,0.000,0.180,0.444
163,18,YHR081W,13,0.000,0.192,0.481
164,18,YNR024W,13,0.000,0.192,0.481
165,18,YNL251C,4,0.001,0.026,0.148
166,18,YDR374C,1,0.000,0.017,0.037
167,19,YML005W,4,0.000,0.447,1.000
168,19,YOL141W,4,0.000,0.447,1.000
169,19,YGL050W,4,0.000,0.447,1.000
170,19,YPL207W,4,0.000,0.447,1.000
171,19,YHR070W,4,0.000,0.447,1.000
172,20,YMR271C,4,0.000,0.253,0.333
173,20,YNR012W,3,0.000,0.166,0.250
174,20,YEL063C,4,0.000,0.174,0.333
175,20,YOR202W,4,0.000,0.174,0.333
176,20,YOR128C,4,0.000,0.174,0.333
177,20,YDR007W,4,0.000,0.174,0.333
178,20,YDR020C,3,0.000,0.166,0.250
179,21,YER005W,0,0.000,1.000,1.000
180,22,YHR128W,2,0.000,0.351,0.500
181,22,YHR144C,2,0.000,0.351,0.500
182,23,YEL034W,89,0.000,0.052,0.553
183,23,YFL034C-A,139,0.000,0.081,0.863
184,23,YEL054C,143,0.000,0.083,0.888
185,23,YLR150W,68,0.000,0.040,0.422
186,23,YGR054W,61,0.000,0.035,0.379
187,23,YNL209W,37,0.000,0.022,0.230
188,23,YOL039W,142,0.000,0.082,0.882
189,23,YER056C-A,143,0.000,0.083,0.888
190,23,YDL081C,140,0.000,0.082,0.870
191,23,YKL006W,143,0.000,0.083,0.888
192,23,YDR471W,144,0.000,0.083,0.894
193,23,YGL135W,141,0.000,0.082,0.876
194,23,YDR382W,142,0.000,0.082,0.882
195,23,YGR201C,6,0.000,0.004,0.037
196,23,YDL130W,139,0.000,0.081,0.863
197,23,YIL052C,141,0.000,0.082,0.876
198,23,YNL001W,40,0.000,0.024,0.248
199,23,YDR500C,139,0.000,0.081,0.863
200,23,YNL244C,57,0.000,0.031,0.354
201,23,YGR169C-A,2,0.000,0.001,0.012
202,23,YPL198W,142,0.000,0.082,0.882
203,23,YNL069C,140,0.000,0.081,0.870
204,23,YGR034W,140,0.000,0.081,0.870
205,23,YHL001W,143,0.000,0.083,0.888
206,23,YKL056C,132,0.000,0.077,0.820
207,23,YLR185W,140,0.000,0.081,0.870
208,23,YGR148C,143,0.000,0.082,0.888
209,23,YLR387C,12,0.000,0.007,0.075
210,23,YIL018W,144,0.000,0.083,0.894
211,23,YOR234C,142,0.000,0.082,0.882
212,23,YMR260C,66,0.000,0.037,0.410
213,23,YHR193C,85,0.000,0.049,0.528
214,23,YDR417C,1,0.000,0.001,0.006
215,23,YMR194W,143,0.000,0.083,0.888
216,23,YPL249C-A,141,0.000,0.082,0.876
217,23,YNL096C,142,0.000,0.082,0.882
218,23,YLR448W,142,0.000,0.082,0.882
219,23,YNL002C,138,0.000,0.080,0.857
220,23,YLR192C,42,0.000,0.023,0.261
221,23,YPL037C,44,0.000,0.026,0.273
222,23,YMR012W,5,0.000,0.001,0.031
223,24,YKL081W,1,0.000,0.500,0.500
224,24,YPL048W,1,0.000,0.500,0.500
225,25,YBR118W,1,0.000,0.707,1.000
226,25,YGR211W,1,0.000,0.707,1.000
227,26,YKR006C,21,0.000,0.042,0.256
228,26,YKL155C,28,0.000,0.054,0.341
229,26,YNR022C,14,0.000,0.028,0.171
230,26,YNL122C,38,0.001,0.076,0.463
231,26,YKL138C,52,0.001,0.105,0.634
232,26,YDR115W,43,0.001,0.085,0.524
233,26,YGL107C,1,0.000,0.001,0.012
234,26,Q0140,32,0.000,0.061,0.390
235,26,YHR038W,17,0.000,0.033,0.207
236,26,YMR225C,3,0.000,0.005,0.037
237,26,YOR158W,34,0.000,0.064,0.415
238,26,YGR076C,54,0.001,0.109,0.659
239,26,YGR150C,1,0.000,0.002,0.012
240,26,YDL202W,27,0.001,0.054,0.329
241,26,YNL185C,49,0.001,0.098,0.598
242,26,YDR116C,43,0.000,0.087,0.524
243,26,YGR084C,36,0.000,0.068,0.439
244,26,YLR069C,12,0.000,0.022,0.146
245,26,YPR099C,1,0.000,0.002,0.012
246,26,YJL096W,18,0.000,0.036,0.220
247,26,YLR312W-A,53,0.000,0.108,0.646
248,27,YPR041W,3,0.000,0.500,1.000
249,27,YER025W,3,0.000,0.500,1.000
250,27,YPL237W,3,0.000,0.500,1.000
251,27,YJR007W,3,0.000,0.500,1.000
252,28,YER144C,1,0.000,0.214,0.200
253,28,YGL087C,2,0.000,0.389,0.400
254,28,YFR010W,2,0.000,0.389,0.400
255,28,YKL090W,1,0.000,0.214,0.200
256,29,YJR064W,0,0.000,1.000,1.000
257,30,YPR080W,0,0.000,1.000,1.000
258,31,YDL143W,6,0.000,0.378,1.000
259,31,YDR188W,6,0.000,0.378,1.000
260,31,YIL142W,6,0.000,0.378,1.000
261,31,YJL014W,6,0.000,0.378,1.000
262,31,YJL008C,6,0.000,0.378,1.000
263,31,YDR212W,6,0.000,0.378,1.000
264,31,YJL111W,6,0.000,0.378,1.000
265,32,Q0065,6,0.000,0.033,0.125
266,32,YLR163C,16,0.000,0.101,0.333
267,32,Q0070,7,0.000,0.038,0.146
268,32,YML030W,7,0.000,0.041,0.146
269,32,YEL039C,15,0.000,0.095,0.312
270,32,YLR164W,5,0.000,0.018,0.104
271,32,YGL226W,7,0.000,0.047,0.146
272,32,YOL071W,3,0.000,0.008,0.062
273,32,YHR116W,8,0.000,0.054,0.167
274,32,YPR010C-A,2,0.000,0.012,0.042
275,32,Q0060,4,0.000,0.026,0.083
276,32,YPR021C,2,0.000,0.013,0.042
277,32,YJL003W,7,0.000,0.046,0.146
278,33,YBR024W,2,0.000,0.341,0.333
279,33,YDR305C,1,0.000,0.121,0.167
280,33,YBR037C,2,0.000,0.341,0.333
281,33,YKL087C,1,0.000,0.177,0.167
282,34,YLR067C,0,0.000,1.000,1.000
283,35,YJL062W-A,4,0.000,0.440,0.800
284,35,YLR203C,4,0.000,0.440,0.800
285,35,YPL189C-A,1,0.000,0.114,0.200
286,35,YIL157C,4,0.000,0.440,0.800
287,35,YML129C,4,0.000,0.440,0.800
288,36,Q0050,2,0.000,0.435,0.667
289,36,YIR021W,2,0.000,0.435,0.667
290,37,YDR322C-A,10,0.000,0.080,0.323
291,37,YOL077W-A,15,0.001,0.124,0.484
292,37,Q0080,14,0.000,0.121,0.452
293,37,YPR020W,15,0.001,0.124,0.484
294,37,YBL030C,2,0.000,0.020,0.065
295,37,YLR294C,1,0.000,0.006,0.032
296,37,YCL005W-A,12,0.000,0.101,0.387
297,37,YDR377W,16,0.002,0.130,0.516
298,38,Q0055,1,0.000,0.707,1.000
299,38,Q0110,1,0.000,0.707,1.000
300,39,YPL132W,2,0.000,0.435,0.667
301,39,YJR034W,2,0.000,0.435,0.667
302,40,YDR197W,1,0.000,0.707,1.000
303,40,YDL069C,1,0.000,0.707,1.000
304,41,YBR120C,1,0.000,0.500,0.500
305,41,YGR174C,1,0.000,0.500,0.500
306,42,YDL107W,2,0.000,0.577,1.000
307,42,YGR062C,2,0.000,0.577,1.000
308,42,YOR266W,2,0.000,0.577,1.000
309,43,YEL059C-A,1,0.000,0.707,1.000
310,43,YDR231C,1,0.000,0.707,1.000
311,44,YKL011C,1,0.000,0.707,1.000
312,44,YDR296W,1,0.000,0.707,1.000
313,45,YJR119C,3,0.000,0.051,0.100
314,45,YDR440W,7,0.000,0.128,0.233
315,45,YBL052C,7,0.000,0.131,0.233
316,45,YGL060W,2,0.000,0.047,0.067
317,45,YGR270W,3,0.000,0.058,0.100
318,45,YOL054W,4,0.000,0.076,0.133
319,45,YPL127C,8,0.000,0.143,0.267
320,45,YER051W,3,0.000,0.051,0.100
321,46,YBR166C,0,0.000,1.000,1.000
322,47,YHL025W,9,0.000,0.089,0.391
323,47,YCR020W-B,16,0.000,0.210,0.696
324,47,YBL006C,16,0.000,0.210,0.696
325,47,YHR056C,16,0.000,0.210,0.696
326,47,YML127W,16,0.000,0.210,0.696
327,47,YDR073W,9,0.000,0.089,0.391
328,47,YKR008W,16,0.000,0.210,0.696
329,47,YLR033W,16,0.000,0.210,0.696
330,47,YFL049W,9,0.000,0.089,0.391
331,47,YDR303C,16,0.000,0.210,0.696
332,47,YMR091C,16,0.000,0.210,0.696
333,48,YDR158W,4,0.000,0.447,1.000
334,48,YJR139C,4,0.000,0.447,1.000
335,48,YCR053W,4,0.000,0.447,1.000
336,48,YER052C,4,0.000,0.447,1.000
337,48,YHR025W,4,0.000,0.447,1.000
338,49,YIL045W,4,0.000,0.017,0.121
339,49,YBR050C,4,0.000,0.018,0.121
340,49,YDR130C,2,0.000,0.015,0.061
341,49,YKL190W,5,0.000,0.019,0.152
342,49,YLR273C,4,0.000,0.017,0.121
343,49,YBL046W,3,0.000,0.017,0.091
344,49,YOR329C,1,0.000,0.014,0.030
345,49,YDR028C,4,0.000,0.018,0.121
346,49,YMR311C,2,0.000,0.015,0.061
347,49,YGR156W,16,0.000,0.221,0.485
348,50,YLR015W,6,0.000,0.378,1.000
349,50,YDR469W,6,0.000,0.378,1.000
350,50,YHR119W,6,0.000,0.378,1.000
351,50,YAR003W,6,0.000,0.378,1.000
352,50,YBR175W,6,0.000,0.378,1.000
353,50,YBR258C,6,0.000,0.378,1.000
354,50,YPL138C,6,0.000,0.378,1.000
355,51,YLR385C,16,0.000,0.168,0.219
356,51,YOR239W,2,0.000,0.021,0.027
357,51,YOR035C,3,0.000,0.008,0.041
358,51,YDR181C,10,0.000,0.078,0.137
359,51,YNL215W,5,0.000,0.048,0.068
360,51,YEL018W,12,0.000,0.103,0.164
361,51,YGR136W,4,0.000,0.010,0.055
362,51,YNL084C,9,0.000,0.047,0.123
363,51,YMR127C,12,0.000,0.101,0.164
364,51,YBR231C,16,0.000,0.168,0.219
365,51,YER092W,9,0.000,0.087,0.123
366,51,YPR188C,4,0.000,0.023,0.055
367,51,YOR367W,4,0.000,0.029,0.055
368,51,YAL011W,14,0.000,0.149,0.192
369,51,YDR320C,1,0.000,0.003,0.014
370,51,YGL106W,4,0.000,0.023,0.055
371,51,YNL020C,3,0.000,0.010,0.041
372,51,YPR154W,4,0.000,0.010,0.055
373,51,YDR063W,4,0.000,0.013,0.055
374,52,YLR116W,18,0.001,0.032,0.194
375,52,YLR438C-A,39,0.001,0.089,0.419
376,52,YBL074C,16,0.000,0.040,0.172
377,52,YNL245C,37,0.000,0.085,0.398
378,52,YIL041W,1,0.000,0.002,0.011
379,52,YLR323C,35,0.000,0.080,0.376
380,52,YNL286W,17,0.000,0.040,0.183
381,52,YKR022C,13,0.000,0.027,0.140
382,52,YGR075C,27,0.000,0.061,0.290
383,52,YHR156C,16,0.000,0.040,0.172
384,52,YMR268C,14,0.000,0.027,0.151
385,52,YKL183W,1,0.000,0.003,0.011
386,52,YDL098C,37,0.000,0.086,0.398
387,52,YDR240C,32,0.000,0.072,0.344
388,52,YPL064C,38,0.000,0.093,0.409
389,52,YPR152C,4,0.000,0.006,0.043
390,52,YNL187W,2,0.000,0.003,0.022
391,52,YDR378C,39,0.001,0.089,0.419
392,52,YBR188C,15,0.000,0.031,0.161
393,52,YDR235W,33,0.001,0.075,0.355
394,52,YOR148C,4,0.000,0.008,0.043
395,52,YGL128C,16,0.000,0.036,0.172
396,52,YFR005C,9,0.000,0.021,0.097
397,52,YBR152W,35,0.000,0.081,0.376
398,53,YGR208W,1,0.000,0.707,1.000
399,53,YOR184W,1,0.000,0.707,1.000
400,54,YMR125W,1,0.000,0.500,0.500
401,54,YPR057W,1,0.000,0.500,0.500
402,55,YAL027W,2,0.000,0.013,0.035
403,55,YDR419W,7,0.000,0.045,0.123
404,55,YDR263C,4,0.000,0.036,0.070
405,55,YLR035C,2,0.000,0.010,0.035
406,55,YNL218W,3,0.000,0.021,0.053
407,55,YDR363W,3,0.000,0.030,0.053
408,55,YDR499W,7,0.000,0.054,0.123
409,55,YHR031C,9,0.000,0.085,0.158
410,55,YOR191W,4,0.000,0.034,0.070
411,55,YDR014W-A,1,0.000,0.012,0.018
412,55,YNL082W,5,0.000,0.027,0.088
413,55,YMR137C,4,0.000,0.031,0.070
414,55,YAL019W,2,0.000,0.018,0.035
415,55,YDL156W,1,0.000,0.008,0.018
416,55,YOL063C,2,0.000,0.016,0.035
417,56,YBL051C,1,0.000,0.707,1.000
418,56,YMR061W,1,0.000,0.707,1.000
419,57,YGL246C,1,0.000,0.500,0.500
420,57,YDR370C,1,0.000,0.500,0.500
421,58,YJL168C,0,0.000,1.000,1.000
422,59,YLR142W,5,0.000,0.378,0.833
423,59,YER023W,5,0.000,0.378,0.833
424,59,YDR300C,5,0.000,0.378,0.833
425,59,YHR033W,3,0.000,0.235,0.500
426,60,YBR021W,1,0.000,0.116,0.056
427,60,YIR033W,1,0.000,0.116,0.056
428,60,YML111W,2,0.000,0.170,0.111
429,60,YOR018W,3,0.000,0.242,0.167
430,60,YPL176C,1,0.000,0.116,0.056
431,60,YLR392C,1,0.000,0.116,0.056
432,60,YPR030W,1,0.000,0.116,0.056
433,60,YKR021W,3,0.000,0.242,0.167
434,60,YFR022W,2,0.000,0.195,0.111
435,60,YOR138C,1,0.000,0.116,0.056
436,60,YGR068C,1,0.000,0.116,0.056
437,60,YMR275C,3,0.000,0.249,0.167
438,60,YKL020C,1,0.000,0.116,0.056
439,60,YGR055W,1,0.000,0.079,0.056
440,60,YMR171C,1,0.000,0.116,0.056
441,60,YBL101C,2,0.000,0.195,0.111
442,61,YDL074C,2,0.000,0.523,0.667
443,61,YPL055C,2,0.000,0.523,0.667
444,61,YMR100W,1,0.000,0.282,0.333
445,62,YJL197W,1,0.000,0.154,0.143
446,62,YHL013C,3,0.000,0.404,0.429
447,62,YNR051C,1,0.000,0.090,0.143
448,62,YDL122W,1,0.000,0.154,0.143
449,62,YJR099W,3,0.000,0.404,0.429
450,63,Q0160,1,0.000,0.035,0.091
451,63,YMR149W,8,0.000,0.268,0.727
452,63,YER019C-A,8,0.002,0.265,0.727
453,63,YER087C-B,8,0.002,0.265,0.727
454,64,YPL241C,4,0.004,0.190,0.400
455,64,YKL079W,3,0.000,0.148,0.300
456,64,YER184C,2,0.000,0.099,0.200
457,65,YOR262W,1,0.000,0.707,1.000
458,65,YDR527W,1,0.000,0.707,1.000
459,66,YDR294C,4,0.000,0.137,0.308
460,66,YBR265W,8,0.000,0.284,0.615
461,66,YMR272C,4,0.000,0.128,0.308
462,66,YMR298W,4,0.000,0.128,0.308
463,67,YDL114W,1,0.000,0.707,1.000
464,67,YDR541C,1,0.000,0.707,1.000
465,68,YLR350W,5,0.000,0.138,0.312
466,68,YDR372C,1,0.000,0.061,0.062
467,68,YNL128W,6,0.000,0.285,0.375
468,68,YOL065C,1,0.000,0.061,0.062
469,68,YGR038W,5,0.000,0.138,0.312
470,68,YDR062W,5,0.000,0.138,0.312
471,68,YMR296C,5,0.000,0.138,0.312
472,68,YBR058C-A,5,0.000,0.138,0.312
473,68,YHR073W,2,0.000,0.078,0.125
474,68,YJR110W,6,0.000,0.285,0.375
475,69,YFR041C,2,0.000,0.078,0.074
476,69,YBR219C,1,0.000,0.048,0.037
477,69,YOL031C,2,0.000,0.079,0.074
478,69,YPR037C,1,0.000,0.026,0.037
479,69,YLR292C,5,0.000,0.135,0.185
480,69,YBR171W,5,0.000,0.135,0.185
481,69,YMR161W,1,0.000,0.048,0.037
482,69,YBR220C,1,0.000,0.048,0.037
483,69,YFL031W,3,0.000,0.099,0.111
484,69,YMR214W,4,0.000,0.147,0.148
485,69,YBR287W,1,0.000,0.021,0.037
486,70,YGL017W,1,0.000,0.500,0.500
487,70,YDL020C,1,0.000,0.500,0.500
488,71,YML007W,2,0.000,0.577,1.000
489,71,YIR037W,2,0.000,0.577,1.000
490,71,YBR216C,2,0.000,0.577,1.000
491,72,YGL004C,15,0.000,0.066,0.341
492,72,YPL144W,6,0.001,0.015,0.136
493,72,YPR108W,37,0.003,0.166,0.841
494,72,YBR272C,19,0.000,0.084,0.432
495,72,YDR363W-A,33,0.000,0.153,0.750
496,72,YBR295W,12,0.000,0.055,0.273
497,72,YHL030W,22,0.001,0.099,0.500
498,72,YFL007W,36,0.002,0.163,0.818
499,72,YFR050C,36,0.003,0.162,0.818
500,72,YLR021W,4,0.000,0.006,0.091
501,72,YML092C,36,0.003,0.162,0.818
502,72,YGR232W,23,0.001,0.100,0.523
503,73,YBR270C,9,0.009,0.289,0.750
504,73,YPL180W,8,0.000,0.264,0.667
505,73,YBR028C,3,0.000,0.098,0.250
506,73,YNL047C,1,0.000,0.025,0.083
507,74,YDR466W,1,0.000,0.707,1.000
508,74,YBL105C,1,0.000,0.707,1.000
509,75,YCR021C,2,0.000,0.577,1.000
510,75,YNL270C,2,0.000,0.577,1.000
511,75,YCR027C,2,0.000,0.577,1.000
512,76,YDL047W,0,0.000,1.000,1.000
513,77,YGR161C,2,0.000,0.060,0.095
514,77,YOR073W,1,0.000,0.022,0.048
515,77,YNL157W,3,0.000,0.035,0.143
516,77,YHR132W-A,3,0.000,0.035,0.143
517,77,YFL033C,3,0.000,0.035,0.143
518,77,YMR273C,2,0.000,0.040,0.095
519,77,YHR075C,6,0.000,0.169,0.286
520,78,YGR083C,5,0.000,0.405,0.833
521,78,YKR026C,5,0.000,0.405,0.833
522,78,YOR260W,5,0.000,0.405,0.833
523,78,YGL230C,1,0.000,0.083,0.167
524,78,YDR211W,5,0.000,0.405,0.833
525,78,YDR283C,5,0.000,0.405,0.833
526,79,YGL073W,0,0.000,0.500,0.000
527,79,YHR206W,0,0.000,0.500,0.000
528,79,YJR147W,0,0.000,0.500,0.000
529,79,YGR249W,0,0.000,0.500,0.000
530,80,YOR152C,2,0.000,0.034,0.083
531,80,YKL103C,4,0.001,0.107,0.167
532,80,YLR356W,2,0.000,0.032,0.083
533,80,YKR051W,1,0.000,0.028,0.042
534,80,YCR032W,1,0.000,0.028,0.042
535,80,YOL083W,3,0.000,0.066,0.125
536,80,YJL178C,4,0.002,0.100,0.167
537,81,YPR085C,3,0.000,0.209,0.333
538,81,YHR040W,2,0.000,0.144,0.222
539,81,YJR136C,4,0.000,0.278,0.444
540,81,YPL193W,2,0.000,0.113,0.222
541,82,YCR075W-A,3,0.000,0.439,0.750
542,82,YGL023C,2,0.000,0.307,0.500
543,82,YBR077C,3,0.000,0.439,0.750
544,83,YGL064C,1,0.000,0.226,0.167
545,83,YOR276W,2,0.000,0.347,0.333
546,83,YOR204W,2,0.000,0.347,0.333
547,83,YPL119C,2,0.000,0.347,0.333
548,83,YCL037C,2,0.000,0.347,0.333
549,83,YKR059W,1,0.000,0.226,0.167
550,84,YMR103C,1,0.000,0.707,1.000
551,84,YMR104C,1,0.000,0.707,1.000
552,85,YLR265C,5,0.000,0.359,0.833
553,85,YMR156C,4,0.000,0.294,0.667
554,85,YGL090W,5,0.000,0.359,0.833
555,86,YML078W,1,0.000,0.271,0.250
556,86,YLR179C,2,0.000,0.473,0.500
557,86,YGR037C,2,0.000,0.473,0.500
558,86,YHR057C,1,0.000,0.271,0.250
559,87,YJL095W,4,0.012,0.357,0.571
560,87,YIL113W,3,0.012,0.262,0.429
561,87,YGR229C,2,0.000,0.192,0.286
562,88,YJR155W,3,0.000,0.298,0.500
563,88,YGR286C,3,0.000,0.317,0.500
564,88,YGR065C,3,0.000,0.317,0.500
565,88,YJR154W,3,0.000,0.298,0.500
566,89,YDR232W,7,0.000,0.351,0.778
567,89,YDL119C,1,0.000,0.051,0.111
568,89,YOR176W,7,0.000,0.351,0.778
569,89,YDL205C,7,0.000,0.351,0.778
570,89,YLR205C,1,0.000,0.051,0.111
571,89,YOR278W,7,0.000,0.351,0.778
572,89,YGL040C,7,0.000,0.351,0.778
573,89,YDR047W,7,0.000,0.351,0.778
574,90,YPR048W,5,0.000,0.341,0.833
575,90,YDR267C,5,0.000,0.341,0.833
576,91,YBL014C,6,0.000,0.378,1.000
577,91,YMR270C,6,0.000,0.378,1.000
578,91,YLR141W,6,0.000,0.378,1.000
579,91,YJL025W,6,0.000,0.378,1.000
580,91,YBL025W,6,0.000,0.378,1.000
581,91,YML043C,6,0.000,0.378,1.000
582,91,YOR295W,6,0.000,0.378,1.000
583,92,YDR034C,1,0.000,0.500,0.500
584,92,YIL036W,1,0.000,0.500,0.500
585,93,YGL016W,9,0.006,0.293,0.692
586,93,YDR395W,7,0.003,0.235,0.538
587,93,YIR011C,1,0.000,0.026,0.077
588,93,YDR458C,1,0.000,0.026,0.077
589,94,YOL012C,0,0.000,1.000,1.000
590,95,YLR081W,5,0.000,0.359,0.833
591,95,YPL248C,4,0.000,0.294,0.667
592,95,YBR018C,5,0.000,0.359,0.833
593,96,YHR112C,2,0.000,0.523,0.667
594,96,YNR029C,1,0.000,0.282,0.333
595,96,YBL091C,2,0.000,0.523,0.667
596,97,YJL004C,1,0.000,0.022,0.091
597,97,YOL076W,6,0.000,0.305,0.545
598,97,YMR185W,1,0.000,0.050,0.091
599,97,YMR069W,2,0.000,0.102,0.182
600,98,YAL036C,2,0.000,0.286,0.333
601,98,YFR009W,1,0.000,0.131,0.167
602,98,YCR059C,2,0.000,0.300,0.333
603,99,YNL315C,1,0.000,0.500,0.500
604,99,YIL098C,1,0.000,0.500,0.500
605,100,YOL027C,1,0.000,0.707,1.000
606,100,YER154W,1,0.000,0.707,1.000
607,101,YOR330C,1,0.000,0.408,0.333
608,101,YMR228W,1,0.000,0.408,0.333
609,101,YDL044C,1,0.000,0.408,0.333
610,102,YNR020C,1,0.000,0.707,1.000
611,102,YLR393W,1,0.000,0.707,1.000
612,103,YGR105W,3,0.000,0.422,0.429
613,103,YHR060W,2,0.000,0.218,0.286
614,103,YHR132C,1,0.000,0.144,0.143
615,103,YKL119C,2,0.000,0.218,0.286
616,103,YOR161C,1,0.000,0.144,0.143
617,103,YGR106C,3,0.000,0.422,0.429
618,104,YMR220W,10,0.001,0.126,0.400
619,104,YER044C,13,0.000,0.170,0.520
620,104,YLR450W,11,0.001,0.142,0.440
621,104,YGL012W,14,0.002,0.182,0.560
622,104,YDR213W,3,0.000,0.036,0.120
623,104,YPL069C,8,0.000,0.101,0.320
624,104,YPL170W,1,0.000,0.014,0.040
625,105,YIL049W,3,0.000,0.147,0.300
626,105,YGL155W,2,0.000,0.140,0.200
627,105,YPR122W,4,0.000,0.250,0.400
628,106,YOL008W,3,0.000,0.108,0.250
629,106,YHR176W,1,0.000,0.037,0.083
630,106,YLR290C,7,0.000,0.258,0.583
631,106,YPL109C,1,0.000,0.037,0.083
632,107,YPR180W,8,0.000,0.331,0.800
633,107,YDL064W,8,0.000,0.331,0.800
634,107,YIL031W,8,0.000,0.331,0.800
635,107,YEL019C,8,0.000,0.331,0.800
636,107,YDR409W,8,0.000,0.331,0.800
637,107,YDR390C,8,0.000,0.331,0.800
638,107,YDR510W,8,0.000,0.331,0.800
639,107,YOR156C,8,0.000,0.331,0.800
640,107,YLL035W,2,0.000,0.049,0.200
641,107,YKR063C,2,0.000,0.049,0.200
642,108,YJR074W,2,0.000,0.011,0.056
643,108,YKL057C,17,0.000,0.140,0.472
644,108,YIL149C,17,0.002,0.133,0.472
645,108,YLR018C,13,0.002,0.096,0.361
646,108,YGL238W,3,0.000,0.019,0.083
647,108,YMR235C,8,0.002,0.041,0.222
648,108,YML031W,7,0.000,0.049,0.194
649,108,YKR095W,12,0.001,0.094,0.333
650,108,YGL097W,5,0.000,0.024,0.139
651,108,YIL063C,5,0.000,0.023,0.139
652,109,YBR082C,2,0.000,0.577,1.000
653,109,YDR059C,2,0.000,0.577,1.000
654,109,YDR177W,2,0.000,0.577,1.000
655,110,YBR088C,0,0.000,1.000,1.000
656,111,YCR065W,2,0.000,0.351,0.500
657,111,YIL131C,2,0.000,0.351,0.500
658,112,YPR007C,3,0.000,0.087,0.188
659,112,YML023C,6,0.000,0.137,0.375
660,112,YER038C,6,0.000,0.137,0.375
661,112,YDR014W,6,0.000,0.165,0.375
662,112,YER147C,6,0.000,0.158,0.375
663,113,YJL142C,1,0.000,0.500,0.500
664,113,YPL247C,1,0.000,0.500,0.500
665,114,YMR053C,4,0.000,0.050,0.160
666,114,YDR155C,5,0.000,0.054,0.200
667,114,YBL054W,13,0.001,0.176,0.520
668,114,YER088C,12,0.001,0.164,0.480
669,114,YIL112W,5,0.000,0.054,0.200
670,114,YPL116W,5,0.001,0.057,0.200
671,114,YPR068C,4,0.000,0.043,0.160
672,115,YNL250W,3,0.000,0.070,0.150
673,115,YPL164C,6,0.002,0.232,0.300
674,115,YLR263W,3,0.002,0.066,0.150
675,115,YGL175C,3,0.000,0.070,0.150
676,115,YDR369C,3,0.000,0.070,0.150
677,115,YHR014W,1,0.000,0.052,0.050
678,116,YHR118C,20,0.000,0.088,0.351
679,116,YLR272C,10,0.000,0.047,0.175
680,116,YOR217W,12,0.001,0.047,0.211
681,116,YLR086W,20,0.001,0.090,0.351
682,116,YDL017W,25,0.001,0.115,0.439
683,116,YFR038W,5,0.000,0.025,0.088
684,116,YPL008W,7,0.000,0.022,0.123
685,116,YJR046W,14,0.000,0.066,0.246
686,116,YKL108W,23,0.000,0.100,0.404
687,116,YJL173C,7,0.000,0.029,0.123
688,116,YHR191C,6,0.000,0.019,0.105
689,116,YBR252W,15,0.000,0.069,0.263
690,116,YOR060C,23,0.000,0.100,0.404
691,116,YIL139C,9,0.000,0.039,0.158
692,116,YGL113W,17,0.000,0.079,0.298
693,117,YLR293C,1,0.000,0.707,1.000
694,117,YOR185C,1,0.000,0.707,1.000
695,118,YBL097W,9,0.002,0.282,0.750
696,118,YGL086W,5,0.002,0.145,0.417
697,118,YOR058C,9,0.002,0.282,0.750
698,118,YOR339C,6,0.000,0.194,0.500
699,119,YKL210W,1,0.000,0.707,1.000
700,119,YEL012W,1,0.000,0.707,1.000
701,120,YHL023C,7,0.000,0.319,0.500
702,120,YOL138C,7,0.000,0.319,0.500
703,120,YCR067C,3,0.000,0.078,0.214
704,120,YJR138W,7,0.000,0.319,0.500
705,120,YKL176C,2,0.000,0.080,0.143
706,120,YNR026C,3,0.000,0.078,0.214
707,120,YGL100W,7,0.000,0.319,0.500
708,120,YHR035W,2,0.000,0.066,0.143
709,121,YDR092W,1,0.000,0.707,1.000
710,121,YLR247C,1,0.000,0.707,1.000
711,122,YDR314C,1,0.000,0.707,1.000
712,122,YML011C,1,0.000,0.707,1.000
713,123,YNL021W,2,0.000,0.577,1.000
714,123,YPR179C,2,0.000,0.577,1.000
715,123,YDR295C,2,0.000,0.577,1.000
716,124,YBR094W,2,0.000,0.136,0.222
717,124,YCR077C,5,0.000,0.330,0.556
718,124,YER176W,1,0.000,0.010,0.111
719,125,YDR091C,2,0.000,0.577,1.000
720,125,YJR067C,2,0.000,0.577,1.000
721,125,YNL260C,2,0.000,0.577,1.000
722,126,YNL064C,2,0.000,0.435,0.500
723,126,YDR258C,2,0.000,0.435,0.500
724,126,YNL077W,0,0.000,0.000,0.000
725,127,YDR111C,6,0.002,0.327,0.600
726,127,YPR145W,3,0.002,0.131,0.300
727,127,YDR321W,2,0.002,0.111,0.200
728,127,YGR124W,3,0.002,0.131,0.300
729,127,YLR089C,6,0.002,0.327,0.600
730,127,YLR351C,5,0.002,0.277,0.500
731,128,YPL281C,9,0.005,0.200,0.600
732,128,YJR009C,9,0.000,0.213,0.600
733,128,YGR192C,9,0.000,0.213,0.600
734,128,YJL052W,9,0.000,0.213,0.600
735,129,YEL046C,1,0.000,0.500,0.500
736,129,YPL113C,1,0.000,0.500,0.500
737,130,YOR130C,3,0.000,0.235,0.500
738,130,YJL088W,5,0.000,0.378,0.833
739,130,YOL140W,5,0.000,0.378,0.833
740,130,YJL071W,5,0.000,0.378,0.833
741,131,YKL085W,2,0.000,0.435,0.667
742,131,YDL078C,2,0.000,0.435,0.667
743,132,YBR235W,1,0.000,0.076,0.071
744,132,YNL316C,3,0.000,0.201,0.214
745,132,YDR127W,5,0.000,0.297,0.357
746,132,YOR348C,1,0.000,0.076,0.071
747,132,YIL020C,2,0.000,0.097,0.143
748,132,YDR035W,5,0.000,0.297,0.357
749,132,YDR354W,2,0.000,0.115,0.143
750,132,YMR289W,2,0.000,0.111,0.143
751,132,YBR249C,5,0.000,0.297,0.357
752,133,YER055C,2,0.000,0.435,0.667
753,133,YFR025C,2,0.000,0.435,0.667
754,134,YGL026C,0,0.000,1.000,1.000
755,135,YMR300C,1,0.000,0.707,1.000
756,135,YGR061C,1,0.000,0.707,1.000
757,136,YOR358W,3,0.000,0.500,1.000
758,136,YKL109W,3,0.000,0.500,1.000
759,136,YBL021C,3,0.000,0.500,1.000
760,136,YGL237C,3,0.000,0.500,1.000
761,137,YIR029W,2,0.000,0.523,0.667
762,137,YIR028W,2,0.000,0.523,0.667
763,137,YMR292W,1,0.000,0.282,0.333
764,138,YEL026W,0,0.000,1.000,1.000
765,139,YKR084C,0,0.000,1.000,1.000
766,140,YOL064C,3,0.000,0.206,0.300
767,140,YDR530C,2,0.000,0.082,0.200
768,140,YCL007C,1,0.000,0.068,0.100
769,140,YBR213W,4,0.000,0.265,0.400
770,140,YCL050C,2,0.000,0.082,0.200
771,140,YNL277W,5,0.000,0.333,0.500
772,141,YDR253C,3,0.000,0.394,0.750
773,141,YPL038W,3,0.000,0.394,0.750
774,142,YGL184C,9,0.004,0.293,0.750
775,142,YJR130C,9,0.004,0.293,0.750
776,142,YFR055W,8,0.004,0.261,0.667
777,142,YGR155W,9,0.004,0.293,0.750
778,142,YNL275W,1,0.000,0.035,0.083
779,142,YGR012W,8,0.004,0.261,0.667
780,142,YDR502C,2,0.000,0.067,0.167
781,143,YBR294W,2,0.000,0.577,1.000
782,143,YLR092W,2,0.000,0.577,1.000
783,143,YGR125W,2,0.000,0.577,1.000
784,144,YKR069W,0,0.000,1.000,1.000
785,145,YKL149C,1,0.000,0.707,1.000
786,145,YGR093W,1,0.000,0.707,1.000
787,146,YGR282C,2,0.000,0.248,0.200
788,146,YDR261C,1,0.000,0.163,0.100
789,146,YOR190W,2,0.000,0.248,0.200
790,147,YBR297W,3,0.000,0.439,0.750
791,147,YGR288W,2,0.000,0.307,0.500
792,147,YBR298C,3,0.000,0.439,0.750
793,148,YLR446W,4,0.000,0.376,0.571
794,148,YDR343C,2,0.000,0.134,0.286
795,148,YDR516C,3,0.000,0.293,0.429
796,148,YGL253W,4,0.000,0.376,0.571
797,148,YDR342C,2,0.000,0.134,0.286
798,149,YER053C,3,0.000,0.439,0.750
799,149,YLR258W,3,0.000,0.439,0.750
800,149,YLR327C,2,0.000,0.307,0.500
801,150,YMR139W,1,0.000,0.500,0.500
802,150,YGR044C,1,0.000,0.500,0.500
803,151,YJL137C,3,0.000,0.315,0.375
804,151,YKR058W,2,0.000,0.240,0.250
805,151,YOL045W,1,0.000,0.126,0.125
806,151,YPR160W,3,0.000,0.315,0.375
807,151,YAL017W,1,0.000,0.126,0.125
808,151,YMR306W,3,0.000,0.315,0.375
809,151,YGR032W,3,0.000,0.315,0.375
810,152,YPL186C,8,0.000,0.128,0.186
811,152,YMR196W,8,0.000,0.130,0.186
812,152,YMR261C,5,0.000,0.036,0.116
813,152,YMR090W,6,0.000,0.099,0.140
814,152,YER150W,7,0.000,0.117,0.163
815,152,YMR278W,3,0.000,0.027,0.070
816,152,YBR214W,1,0.000,0.018,0.023
817,152,YKL127W,3,0.000,0.027,0.070
818,152,YDL110C,1,0.000,0.019,0.023
819,152,YKL150W,2,0.000,0.027,0.047
820,152,YPR026W,5,0.000,0.036,0.116
821,152,YOR289W,2,0.000,0.037,0.047
822,153,YPR032W,7,0.000,0.199,0.368
823,153,YIL137C,1,0.000,0.030,0.053
824,153,YGL104C,1,0.000,0.030,0.053
825,153,YHR047C,1,0.000,0.030,0.053
826,153,YJL204C,6,0.000,0.169,0.316
827,153,YBR241C,1,0.000,0.030,0.053
828,153,YPR017C,2,0.000,0.052,0.105
829,153,YKL157W,1,0.000,0.030,0.053
830,153,YBR085W,1,0.000,0.030,0.053
831,154,YER100W,2,0.000,0.042,0.074
832,154,YMR264W,9,0.000,0.215,0.333
833,154,YFL044C,5,0.000,0.112,0.185
834,154,YNL155W,1,0.000,0.030,0.037
835,154,YPL096W,2,0.000,0.043,0.074
836,154,YEL052W,1,0.000,0.007,0.037
837,154,YJL048C,2,0.000,0.044,0.074
838,154,YDR333C,4,0.000,0.096,0.148
839,154,YDR411C,6,0.000,0.138,0.222
840,154,YLR137W,1,0.000,0.030,0.037
841,155,YBL082C,6,0.000,0.305,0.545
842,155,YOR336W,2,0.000,0.041,0.182
843,155,YNL219C,6,0.000,0.305,0.545
844,156,YJL098W,3,0.000,0.297,0.429
845,156,YGL229C,3,0.000,0.297,0.429
846,156,YJL126W,1,0.000,0.102,0.143
847,156,YFR040W,3,0.000,0.297,0.429
848,156,YKR028W,3,0.000,0.297,0.429
849,157,YBL040C,0,0.000,1.000,1.000
850,158,YPR181C,0,0.000,1.000,1.000
851,159,YNL322C,1,0.000,0.500,0.500
852,159,YDR221W,1,0.000,0.500,0.500
853,160,YLR131C,6,0.001,0.089,0.154
854,160,YHR071W,9,0.001,0.109,0.231
855,160,YPL267W,1,0.000,0.012,0.026
856,160,YER167W,3,0.000,0.034,0.077
857,160,YOR372C,6,0.000,0.092,0.154
858,160,YNR009W,2,0.000,0.020,0.051
859,160,YDR113C,5,0.000,0.089,0.128
860,160,YGR109C,5,0.000,0.092,0.128
861,160,YOL128C,1,0.000,0.008,0.026
862,160,YGL134W,7,0.001,0.083,0.179
863,161,YJL065C,5,0.000,0.405,0.833
864,161,YGL133W,5,0.000,0.405,0.833
865,161,YFR013W,5,0.000,0.405,0.833
866,161,YPL216W,1,0.000,0.083,0.167
867,161,YMR044W,5,0.000,0.405,0.833
868,161,YLR095C,5,0.000,0.405,0.833
869,162,YJR057W,4,0.000,0.419,0.800
870,162,YGR180C,4,0.000,0.419,0.800
871,162,YML058W-A,2,0.000,0.220,0.400
872,162,YER070W,4,0.000,0.419,0.800
873,163,YER116C,2,0.000,0.577,1.000
874,163,YFL009W,2,0.000,0.577,1.000
875,163,YDL013W,2,0.000,0.577,1.000
876,164,YOR373W,3,0.000,0.140,0.231
877,164,YKR101W,2,0.000,0.090,0.154
878,164,YPR111W,5,0.000,0.243,0.385
879,164,YKR010C,3,0.000,0.110,0.231
880,164,YOR195W,3,0.000,0.136,0.231
881,165,YGR098C,1,0.000,0.707,1.000
882,165,YMR001C,1,0.000,0.707,1.000
883,166,YIL144W,2,0.000,0.307,0.500
884,166,YHR199C-A,3,0.000,0.439,0.750
885,166,YBR156C,3,0.000,0.439,0.750
886,167,YDR374W-A,4,0.000,0.051,0.118
887,167,YKR037C,11,0.000,0.112,0.324
888,167,YKL089W,9,0.000,0.153,0.265
889,167,YLR315W,12,0.000,0.197,0.353
890,167,YKR083C,11,0.000,0.112,0.324
891,167,YBR233W-A,11,0.000,0.112,0.324
892,167,YDR383C,12,0.000,0.197,0.353
893,167,YGR140W,4,0.000,0.072,0.118
894,167,YGL061C,11,0.000,0.112,0.324
895,167,YDR532C,2,0.000,0.025,0.059
896,167,YKL138C-A,10,0.000,0.093,0.294
897,167,YDR320C-A,11,0.000,0.112,0.324
898,168,YOR074C,0,0.000,1.000,1.000
899,169,YPL015C,0,0.000,0.000,0.000
900,169,YLR442C,1,0.000,0.707,0.500
901,169,YDL042C,1,0.000,0.707,0.500
902,170,YOR374W,0,0.000,0.408,0.000
903,170,YMR169C,0,0.000,0.408,0.000
904,170,YPL061W,0,0.000,0.408,0.000
905,170,YER073W,0,0.000,0.408,0.000
906,170,YMR110C,0,0.000,0.408,0.000
907,170,YMR170C,0,0.000,0.408,0.000
908,171,YML070W,3,0.000,0.386,0.600
909,171,YBR230C,1,0.000,0.134,0.200
910,171,YFL053W,3,0.000,0.386,0.600
911,172,YOR187W,1,0.000,0.707,1.000
912,172,YJL102W,1,0.000,0.707,1.000
913,173,YIL042C,1,0.000,0.165,0.200
914,173,YPL017C,2,0.000,0.329,0.400
915,173,YKL029C,2,0.000,0.344,0.400
916,174,YKR087C,1,0.000,0.408,0.333
917,174,YKR066C,1,0.000,0.408,0.333
918,174,YPL246C,1,0.000,0.408,0.333
919,175,YGR132C,2,0.000,0.577,1.000
920,175,YIL114C,2,0.000,0.577,1.000
921,175,YGR231C,2,0.000,0.577,1.000
922,176,YJR077C,0,0.000,1.000,1.000
923,177,YOR297C,5,0.000,0.057,0.156
924,177,YPL098C,8,0.000,0.085,0.250
925,177,YOL026C,5,0.000,0.069,0.156
926,177,YLR348C,2,0.000,0.032,0.062
927,177,YKR065C,8,0.000,0.085,0.250
928,177,YHR194W,1,0.000,0.011,0.031
929,177,YGL219C,7,0.000,0.088,0.219
930,177,YDR375C,8,0.000,0.120,0.250
931,177,YNL055C,8,0.000,0.113,0.250
932,178,YKL194C,5,0.000,0.059,0.132
933,178,YPL040C,10,0.003,0.092,0.263
934,178,YCR024C,6,0.003,0.051,0.158
935,178,YPR081C,3,0.000,0.033,0.079
936,178,YCR011C,1,0.000,0.013,0.026
937,178,YGR024C,1,0.000,0.009,0.026
938,178,YHR019C,15,0.003,0.156,0.395
939,178,YFL022C,9,0.001,0.090,0.237
940,178,YPL104W,6,0.002,0.037,0.158
941,178,YNL247W,12,0.003,0.124,0.316
942,179,YIR034C,4,0.000,0.107,0.286
943,179,YPL188W,0,0.000,0.000,0.000
944,179,YBL015W,7,0.001,0.305,0.500
945,179,YNL071W,7,0.001,0.305,0.500
946,179,YER065C,4,0.001,0.151,0.286
947,180,YOR017W,1,0.000,0.707,1.000
948,180,YPL029W,1,0.000,0.707,1.000
949,181,YOR257W,1,0.000,0.707,1.000
950,181,YOL072W,1,0.000,0.707,1.000
951,182,YML062C,6,0.000,0.261,0.500
952,182,YNL253W,6,0.000,0.261,0.500
953,182,YKL186C,3,0.000,0.107,0.250
954,182,YNL004W,5,0.000,0.227,0.417
955,182,YKL214C,1,0.000,0.049,0.083
956,182,YCL011C,5,0.000,0.227,0.417
957,183,YEL037C,0,0.000,1.000,1.000
958,184,YBR114W,3,0.000,0.199,0.429
959,184,YLR376C,5,0.000,0.370,0.714
960,184,YHL006C,5,0.000,0.370,0.714
961,184,YIL132C,5,0.000,0.370,0.714
962,184,YDR078C,5,0.000,0.370,0.714
963,184,YJR052W,3,0.000,0.199,0.429
964,185,YLR212C,4,0.000,0.302,0.571
965,185,YPL124W,3,0.000,0.213,0.429
966,186,YPR045C,1,0.000,0.707,1.000
967,186,YJR084W,1,0.000,0.707,1.000
968,187,YNL188W,2,0.000,0.351,0.500
969,187,YGL075C,2,0.000,0.351,0.500
970,188,YLR253W,1,0.000,0.408,0.333
971,188,YLL040C,1,0.000,0.408,0.333
972,188,YHR105W,1,0.000,0.408,0.333
973,189,YBL034C,2,0.000,0.182,0.250
974,189,YMR198W,2,0.000,0.179,0.250
975,189,YPL253C,2,0.000,0.179,0.250
976,189,YGL216W,4,0.000,0.343,0.500
977,189,YPL155C,3,0.000,0.261,0.375
978,190,YKL192C,0,0.000,1.000,1.000
979,191,YHR109W,1,0.000,0.500,0.500
980,191,YOR037W,1,0.000,0.500,0.500
981,192,YKL084W,1,0.000,0.034,0.077
982,192,YMR244C-A,9,0.001,0.285,0.692
983,192,YMR038C,5,0.000,0.163,0.385
984,192,YKL137W,1,0.000,0.023,0.077
985,193,YML091C,8,0.000,0.231,0.727
986,193,YNL282W,10,0.002,0.283,0.909
987,193,YDR478W,9,0.000,0.258,0.818
988,193,YLR145W,10,0.002,0.283,0.909
989,194,YDR270W,1,0.000,0.500,0.500
990,194,YGR021W,1,0.000,0.500,0.500
991,195,YMR189W,7,0.001,0.227,0.500
992,195,YBL013W,6,0.001,0.194,0.429
993,195,YJL046W,2,0.000,0.031,0.143
994,195,YLR239C,2,0.000,0.031,0.143
995,196,YBR115C,0,0.000,1.000,1.000
996,197,YDR493W,1,0.000,0.707,1.000
997,197,YDR511W,1,0.000,0.707,1.000
998,198,YIL009W,2,0.000,0.175,0.222
999,198,YOR221C,3,0.000,0.218,0.333
1000,198,YOR317W,3,0.000,0.216,0.333
1001,198,YMR246W,3,0.000,0.216,0.333
1002,199,YGL080W,1,0.000,0.500,0.500
1003,199,YOR100C,1,0.000,0.500,0.500
1004,200,YGL154C,1,0.000,0.076,0.125
1005,200,YPL148C,1,0.000,0.076,0.125
1006,200,YKR072C,5,0.000,0.354,0.625
1007,200,YOR054C,5,0.000,0.354,0.625
1008,200,YDR531W,4,0.000,0.290,0.500
1009,201,YJL200C,7,0.000,0.257,0.467
1010,201,YFR049W,2,0.000,0.066,0.133
1011,201,YOL126C,5,0.000,0.181,0.333
1012,201,YNL009W,4,0.000,0.157,0.267
1013,201,YDL066W,4,0.000,0.157,0.267
1014,201,YGR244C,6,0.000,0.219,0.400
1015,201,YPR002W,2,0.000,0.041,0.133
1016,202,YDL174C,1,0.000,0.707,1.000
1017,202,YML054C,1,0.000,0.707,1.000
1018,203,YBR044C,0,0.000,0.707,0.000
1019,203,YLR259C,0,0.000,0.707,0.000
1020,204,YDR236C,3,0.000,0.500,1.000
1021,204,YDL045C,3,0.000,0.500,1.000
1022,204,YIL134W,3,0.000,0.500,1.000
1023,204,YMR178W,3,0.000,0.500,1.000
1024,205,YER153C,2,0.000,0.577,1.000
1025,205,YNR045W,2,0.000,0.577,1.000
1026,205,YGR222W,2,0.000,0.577,1.000
1027,206,YMR257C,1,0.000,0.707,1.000
1028,206,YMR150C,1,0.000,0.707,1.000
1029,207,YGL143C,1,0.000,0.707,1.000
1030,207,YOL114C,1,0.000,0.707,1.000
1031,208,YFL018C,0,0.000,1.000,1.000
1032,209,YIL095W,3,0.000,0.119,0.214
1033,209,YJR125C,6,0.000,0.234,0.429
1034,209,YKR019C,2,0.000,0.060,0.143
1035,209,YGR241C,5,0.000,0.201,0.357
1036,209,YJL083W,2,0.000,0.060,0.143
1037,210,YPR169W,1,0.000,0.500,0.500
1038,210,YCR051W,1,0.000,0.500,0.500
1039,211,YHR077C,1,0.000,0.707,1.000
1040,211,YDR021W,1,0.000,0.707,1.000
1041,212,YGR218W,1,0.000,0.707,1.000
1042,212,YLR271W,1,0.000,0.707,1.000
1043,213,YOL124C,5,0.000,0.393,0.625
1044,213,YBL024W,5,0.000,0.393,0.625
1045,213,YML080W,5,0.000,0.393,0.625
1046,213,YGL232W,1,0.000,0.086,0.125
1047,213,YOR274W,2,0.000,0.107,0.250
1048,213,YDL201W,5,0.000,0.393,0.625
1049,213,YNR015W,2,0.000,0.107,0.250
1050,213,YJL125C,5,0.000,0.393,0.625
1051,214,YDR172W,2,0.000,0.577,1.000
1052,214,YBR143C,2,0.000,0.577,1.000
1053,214,YGR072W,2,0.000,0.577,1.000
1054,215,YLR249W,0,0.000,1.000,1.000
1055,216,YGL094C,2,0.000,0.281,0.222
1056,216,YHL034C,1,0.000,0.196,0.111
1057,216,YJL138C,2,0.000,0.281,0.222
1058,216,YKL025C,2,0.000,0.281,0.222
1059,216,YDR515W,1,0.000,0.196,0.111
1060,216,YPR163C,2,0.000,0.281,0.222
1061,216,YOR286W,1,0.000,0.095,0.111
1062,216,YOR359W,2,0.000,0.291,0.222
1063,217,YPR129W,1,0.000,0.500,0.500
1064,217,YGL178W,1,0.000,0.500,0.500
1065,218,YDR432W,0,0.000,1.000,1.000
1066,219,YGR162W,2,0.000,0.577,1.000
1067,219,YGL049C,2,0.000,0.577,1.000
1068,219,YNL016W,2,0.000,0.577,1.000
1069,220,YLR329W,4,0.000,0.440,0.800
1070,220,YNL210W,1,0.000,0.114,0.200
1071,220,YER044C-A,4,0.000,0.440,0.800
1072,220,YMR133W,4,0.000,0.440,0.800
1073,220,YHR157W,4,0.000,0.440,0.800
1074,221,YNR004W,1,0.000,0.707,1.000
1075,221,YPL157W,1,0.000,0.707,1.000
1076,222,YGL159W,1,0.000,0.282,0.333
1077,222,YGR102C,2,0.000,0.523,0.667
1078,222,YMR293C,2,0.000,0.523,0.667
1079,223,YLR283W,2,0.000,0.523,0.667
1080,223,YLR125W,2,0.000,0.523,0.667
1081,223,YLR280C,1,0.000,0.282,0.333
1082,224,YGR243W,0,0.000,1.000,1.000
1083,225,YJL208C,2,0.000,0.435,0.667
1084,225,YNL305C,2,0.000,0.435,0.667
1085,226,YER168C,1,0.000,0.707,1.000
1086,226,YKR079C,1,0.000,0.707,1.000
1087,227,YNR074C,0,0.000,1.000,1.000
1088,228,YBR227C,1,0.000,0.271,0.250
1089,228,YCL044C,2,0.000,0.473,0.500
1090,228,YMR115W,2,0.000,0.473,0.500
1091,228,YMR302C,1,0.000,0.271,0.250
1092,229,YFR006W,1,0.000,0.707,1.000
1093,229,YMR111C,1,0.000,0.707,1.000
1094,230,YGR019W,0,0.000,1.000,1.000
1095,231,YJR104C,0,0.000,1.000,1.000
1096,232,YKL067W,0,0.000,1.000,1.000
1097,233,YLR136C,0,0.000,1.000,1.000
1098,234,YLR174W,1,0.000,0.707,1.000
1099,234,YJR095W,1,0.000,0.707,1.000
1100,235,YMR108W,4,0.000,0.392,0.800
1101,235,YCL009C,4,0.000,0.392,0.800
1102,235,YHR208W,3,0.000,0.303,0.600
1103,236,YPR074C,3,0.000,0.394,0.750
1104,236,YDL236W,3,0.000,0.394,0.750
1105,237,YDL181W,1,0.000,0.271,0.250
1106,237,YHR138C,1,0.000,0.354,0.250
1107,237,YNL015W,1,0.000,0.354,0.250
1108,238,YKL026C,2,0.000,0.577,1.000
1109,238,YDR256C,2,0.000,0.577,1.000
1110,238,YGR088W,2,0.000,0.577,1.000
1111,239,YLR043C,7,0.009,0.292,0.583
1112,239,YCR083W,4,0.003,0.164,0.333
1113,239,YBR244W,3,0.000,0.133,0.250
1114,239,YIL010W,4,0.008,0.148,0.333
1115,240,YGR239C,3,0.000,0.042,0.130
1116,240,YPR128C,4,0.001,0.059,0.174
1117,240,YAL055W,6,0.000,0.093,0.261
1118,240,YPL147W,8,0.002,0.123,0.348
1119,240,YGR028W,6,0.000,0.090,0.261
1120,240,YKL188C,7,0.001,0.107,0.304
1121,241,YOR180C,4,0.000,0.196,0.400
1122,241,YER015W,4,0.000,0.203,0.400
1123,241,YLR389C,4,0.000,0.191,0.400
1124,242,YJL060W,4,0.000,0.372,0.667
1125,242,YGR260W,2,0.000,0.173,0.333
1126,242,YDR428C,4,0.000,0.372,0.667
1127,243,YHR008C,2,0.000,0.577,1.000
1128,243,YHR050W,2,0.000,0.577,1.000
1129,243,YGR257C,2,0.000,0.577,1.000
1130,244,YGL252C,3,0.000,0.500,1.000
1131,244,YNL076W,3,0.000,0.500,1.000
1132,244,YBL103C,3,0.000,0.500,1.000
1133,244,YOL067C,3,0.000,0.500,1.000
1134,245,YJL101C,0,0.000,1.000,1.000
1135,246,YAR015W,0,0.000,1.000,1.000
1136,247,YBR068C,1,0.000,0.707,1.000
1137,247,YCL018W,1,0.000,0.707,1.000
1138,248,YBR185C,0,0.000,1.000,1.000
1139,249,YMR089C,1,0.000,0.707,1.000
1140,249,YER017C,1,0.000,0.707,1.000
1141,250,YOR020C,0,0.000,1.000,1.000
1142,251,YLR176C,1,0.000,0.245,0.250
1143,251,YPR065W,2,0.000,0.491,0.500
1144,251,YDR043C,1,0.000,0.245,0.250
1145,252,YLR262C-A,1,0.000,0.500,0.500
1146,252,YIL104C,1,0.000,0.500,0.500
1147,253,YKR036C,3,0.000,0.439,0.750
1148,253,YDR470C,2,0.000,0.307,0.500
1149,253,YJL112W,3,0.000,0.439,0.750
1150,254,YDR096W,1,0.000,0.408,0.333
1151,254,YER169W,1,0.000,0.408,0.333
1152,254,YGL131C,1,0.000,0.408,0.333
1153,255,YDL238C,2,0.000,0.577,1.000
1154,255,YJR133W,2,0.000,0.577,1.000
1155,255,YNL141W,2,0.000,0.577,1.000
1156,256,YHR068W,1,0.000,0.707,1.000
1157,256,YJR047C,1,0.000,0.707,1.000
1158,257,YJR150C,2,0.000,0.523,0.667
1159,257,YIL011W,2,0.000,0.523,0.667
1160,257,YOR011W,1,0.000,0.282,0.333
1161,258,YJR070C,1,0.000,0.707,1.000
1162,258,YOL022C,1,0.000,0.707,1.000
1163,259,YCL064C,1,0.000,0.500,0.500
1164,259,YER086W,1,0.000,0.500,0.500
1165,260,YOR251C,1,0.000,0.707,1.000
1166,260,YOR285W,1,0.000,0.707,1.000
1167,261,YDR185C,1,0.000,0.282,0.333
1168,261,YLR193C,2,0.000,0.523,0.667
1169,261,YLR168C,2,0.000,0.523,0.667
1170,262,YFR011C,5,0.000,0.408,1.000
1171,262,YGR235C,5,0.000,0.408,1.000
1172,262,YKR016W,5,0.000,0.408,1.000
1173,262,YCL057C-A,5,0.000,0.408,1.000
1174,262,YBR262C,5,0.000,0.408,1.000
1175,262,YNL100W,5,0.000,0.408,1.000
1176,263,YKR071C,0,0.000,1.000,1.000
1177,264,YJL130C,0,0.000,1.000,1.000
1178,265,YDL171C,1,0.000,0.707,1.000
1179,265,YPR035W,1,0.000,0.707,1.000
1180,266,YOL058W,0,0.000,1.000,1.000
1181,267,YOR302W,2,0.000,0.577,1.000
1182,267,YJR109C,2,0.000,0.577,1.000
1183,267,YOR303W,2,0.000,0.577,1.000
1184,268,YJR103W,1,0.000,0.707,1.000
1185,268,YMR217W,1,0.000,0.707,1.000
1186,269,YLR158C,1,0.000,0.354,0.250
1187,269,YLR157C,1,0.000,0.354,0.250
1188,269,YLR160C,1,0.000,0.354,0.250
1189,269,YLR155C,1,0.000,0.354,0.250
1190,270,YGL234W,4,0.000,0.132,0.267
1191,270,YDL166C,6,0.002,0.169,0.400
1192,270,YHR216W,6,0.000,0.183,0.400
1193,270,YBL039C,1,0.000,0.020,0.067
1194,271,YKL104C,0,0.000,0.000,0.000
1195,271,YMR085W,1,0.000,0.707,0.500
1196,271,YMR084W,1,0.000,0.707,0.500
1197,272,YNL036W,1,0.000,0.500,0.500
1198,272,YBR218C,1,0.000,0.500,0.500
1199,273,YBR240C,2,0.000,0.050,0.200
1200,273,YDR421W,1,0.000,0.032,0.100
1201,273,YDR081C,2,0.000,0.050,0.200
1202,273,YAL061W,1,0.000,0.102,0.100
1203,274,YMR174C,2,0.000,0.094,0.182
1204,274,YDL222C,6,0.004,0.283,0.545
1205,274,YBR116C,6,0.004,0.285,0.545
1206,274,YJL121C,2,0.000,0.106,0.182
1207,275,YGL037C,0,0.000,1.000,1.000
1208,276,YMR020W,0,0.000,1.000,1.000
1209,277,YAR035W,2,0.000,0.577,1.000
1210,277,YER024W,2,0.000,0.577,1.000
1211,277,YML042W,2,0.000,0.577,1.000
1212,278,YDL230W,1,0.000,0.099,0.056
1213,278,YDR162C,2,0.000,0.130,0.111
1214,278,YPR115W,1,0.000,0.028,0.056
1215,278,YDR536W,2,0.000,0.127,0.111
1216,278,YLR248W,1,0.000,0.099,0.056
1217,278,YER089C,2,0.000,0.157,0.111
1218,278,YGR097W,2,0.000,0.127,0.111
1219,278,YBR182C,2,0.000,0.131,0.111
1220,278,YLR362W,1,0.000,0.073,0.056
1221,278,YER075C,4,0.000,0.288,0.222
1222,279,YHR163W,4,0.013,0.330,0.667
1223,279,YNR034W,4,0.013,0.330,0.667
1224,279,YCR073W-A,4,0.013,0.330,0.667
1225,280,YIL043C,1,0.000,0.500,0.500
1226,280,YNL111C,1,0.000,0.500,0.500
1227,281,YFR051C,7,0.000,0.235,0.412
1228,281,YLR195C,2,0.000,0.072,0.118
1229,281,YPL010W,7,0.000,0.235,0.412
1230,281,YDL226C,4,0.000,0.131,0.235
1231,281,YIL044C,3,0.000,0.087,0.176
1232,281,YIL076W,7,0.000,0.235,0.412
1233,281,YDR524C,1,0.000,0.043,0.059
1234,281,YDR373W,1,0.000,0.043,0.059
1235,282,YGR207C,2,0.000,0.577,1.000
1236,282,YPR004C,2,0.000,0.577,1.000
1237,282,YOR356W,2,0.000,0.577,1.000
1238,283,YOR304W,1,0.000,0.500,0.500
1239,283,YOL017W,1,0.000,0.500,0.500
1240,284,YER030W,1,0.000,0.707,1.000
1241,284,YKR048C,1,0.000,0.707,1.000
1242,285,YER161C,1,0.000,0.707,1.000
1243,285,YPL016W,1,0.000,0.707,1.000
1244,286,YDR345C,1,0.000,0.070,0.059
1245,286,YJL089W,1,0.000,0.070,0.059
1246,286,YGL209W,2,0.000,0.082,0.118
1247,286,YGL208W,6,0.000,0.327,0.353
1248,286,YBR066C,1,0.000,0.070,0.059
1249,286,YHR094C,2,0.000,0.082,0.118
1250,286,YDR216W,2,0.000,0.085,0.118
1251,286,YER027C,6,0.000,0.327,0.353
1252,286,YMR011W,1,0.000,0.070,0.059
1253,286,YKL048C,3,0.000,0.175,0.176
1254,286,YMR140W,1,0.000,0.070,0.059
1255,286,YDR422C,6,0.000,0.327,0.353
1256,287,YKR034W,1,0.000,0.210,0.125
1257,287,YFL021W,2,0.000,0.317,0.250
1258,287,YLL060C,1,0.000,0.130,0.125
1259,287,YKR076W,1,0.000,0.130,0.125
1260,287,YCL028W,1,0.000,0.210,0.125
1261,287,YER040W,2,0.000,0.317,0.250
1262,288,YPL141C,3,0.000,0.099,0.143
1263,288,YPL150W,3,0.000,0.099,0.143
1264,288,YKL116C,1,0.000,0.033,0.048
1265,288,YLR386W,7,0.000,0.199,0.333
1266,288,YNL173C,2,0.000,0.067,0.095
1267,288,YGR223C,3,0.000,0.067,0.143
1268,288,YGL056C,3,0.000,0.099,0.143
1269,288,YHR146W,2,0.000,0.067,0.095
1270,289,YBR140C,3,0.000,0.394,0.750
1271,289,YIL033C,3,0.000,0.394,0.750
1272,290,YDR287W,2,0.000,0.577,1.000
1273,290,YHR046C,2,0.000,0.577,1.000
1274,290,YPR113W,2,0.000,0.577,1.000
1275,291,YBR222C,1,0.000,0.707,1.000
1276,291,YIL160C,1,0.000,0.707,1.000
1277,292,YIL074C,1,0.000,0.707,1.000
1278,292,YER081W,1,0.000,0.707,1.000
1279,293,YOR280C,1,0.000,0.127,0.167
1280,293,YKL132C,3,0.000,0.357,0.500
1281,293,YGR267C,3,0.000,0.357,0.500
1282,293,YOR241W,2,0.000,0.248,0.333
1283,294,YAL048C,1,0.000,0.008,0.038
1284,294,YBL085W,2,0.000,0.058,0.077
1285,294,YOR188W,2,0.000,0.092,0.077
1286,294,YKR055W,1,0.000,0.008,0.038
1287,294,YER155C,2,0.000,0.092,0.077
1288,294,YNL180C,0,0.000,0.000,0.000
1289,294,YPL115C,5,0.000,0.199,0.192
1290,294,YOL113W,3,0.000,0.115,0.115
1291,294,YER149C,4,0.000,0.090,0.154
1292,295,YBR179C,0,0.000,1.000,1.000
1293,296,YHR117W,1,0.000,0.372,0.333
1294,296,YCL063W,1,0.000,0.372,0.333
1295,297,YBR025C,1,0.000,0.258,0.167
1296,297,YOR205C,1,0.000,0.258,0.167
1297,297,YLR289W,1,0.000,0.258,0.167
1298,298,YBL057C,1,0.000,0.707,1.000
1299,298,YMR276W,1,0.000,0.707,1.000
1300,299,YGL236C,2,0.000,0.577,1.000
1301,299,YDL033C,2,0.000,0.577,1.000
1302,299,YMR023C,2,0.000,0.577,1.000
1303,300,YNL314W,2,0.000,0.577,1.000
1304,300,YBR208C,2,0.000,0.577,1.000
1305,300,YIR032C,2,0.000,0.577,1.000
1306,301,YBL075C,2,0.000,0.204,0.286
1307,301,YAL005C,3,0.000,0.335,0.429
1308,301,YLL024C,3,0.000,0.335,0.429
1309,301,YIL016W,2,0.000,0.214,0.286
1310,302,YKR074W,1,0.000,0.707,1.000
1311,302,YPL225W,1,0.000,0.707,1.000
1312,303,YOR347C,1,0.000,0.500,0.500
1313,303,YOL086C,1,0.000,0.500,0.500
1314,304,YDR519W,1,0.000,0.707,1.000
1315,304,YDR304C,1,0.000,0.707,1.000
1316,305,YOL066C,4,0.000,0.365,0.800
1317,305,YOL143C,4,0.000,0.365,0.800
1318,306,YLR345W,5,0.000,0.352,0.625
1319,306,YKL217W,2,0.000,0.093,0.250
1320,306,YCR010C,2,0.000,0.093,0.250
1321,306,YIL107C,5,0.000,0.352,0.625
1322,306,YOL136C,4,0.000,0.289,0.500
1323,307,YNR073C,2,0.000,0.577,1.000
1324,307,YER003C,2,0.000,0.577,1.000
1325,307,YFL045C,2,0.000,0.577,1.000
1326,308,YOL122C,0,0.000,1.000,1.000
1327,309,YBR290W,0,0.000,1.000,1.000
1328,310,YCR044C,1,0.000,0.707,1.000
1329,310,YDR182W,1,0.000,0.707,1.000
1330,311,YMR319C,0,0.000,1.000,1.000
1331,312,YOL023W,0,0.000,1.000,1.000
1332,313,YLR462W,5,0.000,0.241,0.417
1333,313,YNL339W-B,2,0.000,0.060,0.167
1334,313,YNL339W-A,2,0.000,0.060,0.167
1335,313,YHR218W-A,5,0.000,0.241,0.417
1336,313,YJL225C,4,0.000,0.194,0.333
1337,313,YLL067W-A,1,0.000,0.051,0.083
1338,314,YHL016C,0,0.000,1.000,1.000
1339,315,YKL015W,1,0.000,0.500,0.500
1340,315,YMR179W,1,0.000,0.500,0.500
1341,316,YPL111W,0,0.000,1.000,1.000
1342,317,YPL036W,2,0.000,0.577,1.000
1343,317,YMR267W,2,0.000,0.577,1.000
1344,317,YBR011C,2,0.000,0.577,1.000
1345,318,YKL114C,5,0.000,0.408,1.000
1346,318,YML021C,5,0.000,0.408,1.000
1347,318,YBL019W,5,0.000,0.408,1.000
1348,318,YAL015C,5,0.000,0.408,1.000
1349,318,YML060W,5,0.000,0.408,1.000
1350,318,YOL043C,5,0.000,0.408,1.000
1351,319,YLR214W,2,0.000,0.435,0.667
1352,319,YHR175W,2,0.000,0.435,0.667
1353,320,YIL065C,0,0.000,1.000,1.000
1354,321,YDL178W,2,0.000,0.120,0.222
1355,321,YEL071W,4,0.000,0.237,0.444
1356,321,YPL280W,6,0.017,0.337,0.667
1357,321,YDR533C,4,0.017,0.220,0.444
1358,322,YIL070C,1,0.000,0.500,0.500
1359,322,YPL159C,1,0.000,0.500,0.500
1360,323,YDR454C,1,0.000,0.500,0.500
1361,323,YJL055W,1,0.000,0.500,0.500
1362,324,YCL047C,1,0.000,0.075,0.143
1363,324,YGL224C,5,0.000,0.357,0.714
1364,324,YOR155C,5,0.000,0.357,0.714
1365,324,YNL129W,4,0.000,0.292,0.571
1366,325,YJR014W,2,0.000,0.577,1.000
1367,325,YDR117C,2,0.000,0.577,1.000
1368,325,YER007C-A,2,0.000,0.577,1.000
1369,326,YNL258C,7,0.001,0.039,0.212
1370,326,YNR049C,16,0.001,0.137,0.485
1371,326,YBL102W,2,0.000,0.016,0.061
1372,326,YOL018C,19,0.001,0.164,0.576
1373,326,YGL145W,7,0.001,0.039,0.212
1374,326,YLR440C,6,0.000,0.034,0.182
1375,326,YDR468C,21,0.002,0.177,0.636
1376,326,YBL106C,1,0.000,0.009,0.030
1377,326,YAL014C,6,0.000,0.051,0.182
1378,327,YIL071C,4,0.000,0.447,1.000
1379,327,YOL117W,4,0.000,0.447,1.000
1380,327,YDL216C,4,0.000,0.447,1.000
1381,327,YDR179C,4,0.000,0.447,1.000
1382,327,YMR025W,4,0.000,0.447,1.000
1383,328,YHR129C,0,0.000,1.000,1.000
1384,329,YLL049W,3,0.000,0.500,1.000
1385,329,YMR294W,3,0.000,0.500,1.000
1386,329,YDR106W,3,0.000,0.500,1.000
1387,329,YPL174C,3,0.000,0.500,1.000
1388,330,YKL007W,0,0.000,1.000,1.000
1389,331,YPL269W,2,0.000,0.307,0.500
1390,331,YMR299C,3,0.000,0.439,0.750
1391,331,YDR424C,3,0.000,0.439,0.750
1392,332,YOL011W,4,0.000,0.087,0.114
1393,332,YMR008C,4,0.000,0.087,0.114
1394,332,YGL084C,1,0.000,0.026,0.029
1395,332,YBR042C,2,0.000,0.033,0.057
1396,332,YGR149W,1,0.000,0.026,0.029
1397,332,YMR006C,4,0.000,0.087,0.114
1398,332,YDR147W,4,0.000,0.052,0.114
1399,332,YGR007W,4,0.000,0.052,0.114
1400,332,YER113C,1,0.000,0.012,0.029
1401,333,YMR318C,4,0.025,0.383,0.800
1402,333,YCR105W,4,0.025,0.383,0.800
1403,333,YIL053W,4,0.025,0.383,0.800
1404,333,YER062C,4,0.025,0.383,0.800
1405,334,YGR046W,3,0.000,0.425,0.600
1406,334,YGR110W,1,0.000,0.155,0.200
1407,334,YPL206C,2,0.000,0.300,0.400
1408,334,YCL004W,3,0.000,0.425,0.600
1409,335,YPL110C,0,0.000,1.000,1.000
1410,336,YDR077W,1,0.000,0.500,0.500
1411,336,YLR110C,1,0.000,0.500,0.500
1412,337,YGL166W,2,0.000,0.523,0.667
1413,337,YOR031W,1,0.000,0.282,0.333
1414,337,YHR055C,2,0.000,0.523,0.667
1415,338,YLR034C,2,0.000,0.523,0.667
1416,338,YKR052C,2,0.000,0.523,0.667
1417,338,YIR018W,1,0.000,0.282,0.333
1418,339,YFL041W,2,0.000,0.351,0.500
1419,339,YEL065W,2,0.000,0.351,0.500
1420,340,YLR451W,1,0.000,0.500,0.500
1421,340,YKL120W,1,0.000,0.500,0.500
1422,341,YDR165W,0,0.000,1.000,1.000
1423,342,YDR465C,0,0.000,1.000,1.000
1424,343,YHR178W,1,0.000,0.099,0.111
1425,343,YDR406W,2,0.000,0.204,0.222
1426,343,YOR162C,1,0.000,0.095,0.111
1427,343,YOR328W,1,0.000,0.104,0.111
1428,343,YDR011W,4,0.000,0.398,0.444
1429,343,YHR064C,1,0.000,0.099,0.111
1430,344,YNL313C,0,0.000,1.000,1.000
1431,345,YDL036C,5,0.010,0.334,0.714
1432,345,YGR169C,5,0.010,0.334,0.714
1433,345,YPL212C,5,0.010,0.329,0.714
1434,345,YFL001W,3,0.000,0.209,0.429
1435,346,YDL101C,1,0.000,0.707,1.000
1436,346,YML058W,1,0.000,0.707,1.000
1437,347,YDR097C,1,0.000,0.707,1.000
1438,347,YOL090W,1,0.000,0.707,1.000
1439,348,YNL186W,1,0.000,0.500,0.500
1440,348,YMR219W,1,0.000,0.500,0.500
1441,349,YLR233C,2,0.000,0.577,1.000
1442,349,YLR318W,2,0.000,0.577,1.000
1443,349,YIL009C-A,2,0.000,0.577,1.000
1444,350,YIL096C,1,0.000,0.707,1.000
1445,350,YCR016W,1,0.000,0.707,1.000
1446,351,YJL196C,5,0.000,0.341,0.833
1447,351,YLR372W,5,0.000,0.341,0.833
1448,352,YPL103C,1,0.000,0.707,0.500
1449,352,YEL041W,0,0.000,0.000,0.000
1450,352,YDR242W,1,0.000,0.707,0.500
1451,353,YIL087C,1,0.000,0.500,0.500
1452,353,YPR155C,1,0.000,0.500,0.500
1453,354,YBR101C,1,0.000,0.707,1.000
1454,354,YGR268C,1,0.000,0.707,1.000
1455,355,YBR109C,1,0.000,0.707,1.000
1456,355,YFR014C,1,0.000,0.707,1.000
1457,356,YDR171W,0,0.000,1.000,1.000
1458,357,YBR137W,3,0.000,0.247,0.429
1459,357,YER083C,4,0.000,0.327,0.571
1460,357,YJL123C,1,0.000,0.088,0.143
1461,358,YNR016C,2,0.000,0.577,1.000
1462,358,YDL141W,2,0.000,0.577,1.000
1463,358,YMR207C,2,0.000,0.577,1.000
1464,359,YHR002W,1,0.000,0.500,0.500
1465,359,YOR108W,1,0.000,0.500,0.500
1466,360,YGR205W,0,0.000,1.000,1.000
1467,361,YBR176W,2,0.000,0.577,1.000
1468,361,YIL145C,2,0.000,0.577,1.000
1469,361,YHR063C,2,0.000,0.577,1.000
1470,362,YIL164C,1,0.000,0.707,1.000
1471,362,YIL165C,1,0.000,0.707,1.000
1472,363,YNL239W,1,0.000,0.114,0.200
1473,363,YHR074W,4,0.000,0.440,0.800
1474,363,YDR191W,4,0.000,0.440,0.800
1475,363,YJR049C,4,0.000,0.440,0.800
1476,363,YOR025W,4,0.000,0.440,0.800
1477,364,YBR161W,3,0.000,0.394,0.750
1478,364,YBR036C,3,0.000,0.394,0.750
1479,365,YLR154C,2,0.000,0.523,0.667
1480,365,YMR234W,1,0.000,0.282,0.333
1481,365,YDR279W,2,0.000,0.523,0.667
1482,366,YPR165W,1,0.000,0.707,0.500
1483,366,YLR425W,1,0.000,0.707,0.500
1484,366,YNL090W,0,0.000,0.000,0.000
1485,367,YKL191W,6,0.000,0.374,0.750
1486,367,YAL020C,1,0.000,0.063,0.125
1487,367,YLR172C,6,0.000,0.374,0.750
1488,367,YJR097W,6,0.000,0.374,0.750
1489,367,YIL103W,6,0.000,0.374,0.750
1490,367,YBR246W,6,0.000,0.374,0.750
1491,367,YER057C,1,0.000,0.063,0.125
1492,368,YPL204W,3,0.000,0.387,0.500
1493,368,YOR264W,1,0.000,0.137,0.167
1494,368,YML034W,2,0.000,0.239,0.333
1495,368,YER106W,3,0.000,0.387,0.500
1496,369,YGL122C,1,0.000,0.707,1.000
1497,369,YMR255W,1,0.000,0.707,1.000
1498,370,YLR190W,2,0.000,0.269,0.333
1499,370,YBL032W,1,0.000,0.161,0.167
1500,370,YBR130C,2,0.000,0.282,0.333
1501,371,YPR171W,1,0.000,0.500,0.500
1502,371,YHR016C,1,0.000,0.500,0.500
1503,372,YBR108W,2,0.000,0.389,0.400
1504,372,YMR192W,2,0.000,0.389,0.400
1505,372,YLR144C,1,0.000,0.214,0.200
1506,372,YNL094W,1,0.000,0.214,0.200
1507,373,YDL161W,2,0.167,0.500,0.667
1508,373,YLR206W,2,0.167,0.500,0.667
1509,373,YER060W,2,0.167,0.500,0.667
1510,373,YER060W-A,2,0.167,0.500,0.667
1511,374,YOR304C-A,1,0.000,0.707,1.000
1512,374,YLR319C,1,0.000,0.707,1.000
1513,375,YPR095C,1,0.000,0.408,0.333
1514,375,YCL034W,1,0.000,0.408,0.333
1515,375,YGL181W,1,0.000,0.408,0.333
1516,376,YNL152W,3,0.000,0.439,0.750
1517,376,YKR090W,2,0.000,0.307,0.500
1518,376,YBR038W,3,0.000,0.439,0.750
1519,377,YGL231C,7,0.000,0.354,1.000
1520,377,YDR056C,7,0.000,0.354,1.000
1521,377,YJR088C,7,0.000,0.354,1.000
1522,377,YCL045C,7,0.000,0.354,1.000
1523,377,YLL014W,7,0.000,0.354,1.000
1524,377,YIL027C,7,0.000,0.354,1.000
1525,377,YKL207W,7,0.000,0.354,1.000
1526,377,YJL192C,7,0.000,0.354,1.000
1527,378,YHL039W,1,0.000,0.118,0.111
1528,378,YLR063W,1,0.000,0.088,0.111
1529,378,YBR261C,3,0.000,0.317,0.333
1530,378,YNL092W,2,0.000,0.199,0.222
1531,379,YOR198C,1,0.000,0.707,1.000
1532,379,YJL080C,1,0.000,0.707,1.000
1533,380,YKR017C,1,0.000,0.707,1.000
1534,380,YML068W,1,0.000,0.707,1.000
1535,381,YCL033C,2,0.000,0.577,1.000
1536,381,YKL069W,2,0.000,0.577,1.000
1537,381,YER042W,2,0.000,0.577,1.000
1538,382,YOR388C,1,0.000,0.707,1.000
1539,382,YJL068C,1,0.000,0.707,1.000
1540,383,YHR005C,1,0.000,0.707,1.000
1541,383,YOR212W,1,0.000,0.707,1.000
1542,384,YGR285C,1,0.000,0.707,1.000
1543,384,YDL229W,1,0.000,0.707,1.000
1544,385,YLR114C,2,0.000,0.394,0.500
1545,385,YKL034W,2,0.000,0.394,0.500
1546,385,YOR223W,2,0.000,0.394,0.500
1547,385,YDL219W,2,0.000,0.394,0.500
1548,386,YPL154C,0,0.000,1.000,1.000
1549,387,YER068W,7,0.000,0.305,0.778
1550,387,YDR151C,1,0.000,0.044,0.111
1551,387,YDR252W,7,0.000,0.305,0.778
1552,388,YKL122C,5,0.000,0.296,0.714
1553,388,YKL154W,5,0.000,0.296,0.714
1554,389,YDR415C,2,0.000,0.092,0.250
1555,389,YDR525W,3,0.000,0.227,0.375
1556,389,YBR113W,5,0.000,0.371,0.625
1557,389,YMR265C,2,0.000,0.092,0.250
1558,389,YPL182C,5,0.000,0.371,0.625
1559,390,YPL083C,4,0.000,0.419,0.800
1560,390,YMR059W,4,0.000,0.419,0.800
1561,390,YOL102C,2,0.000,0.220,0.400
1562,390,YLR105C,4,0.000,0.419,0.800
1563,391,YCR030C,1,0.000,0.500,0.500
1564,391,YDR348C,1,0.000,0.500,0.500
1565,392,YDR273W,1,0.000,0.500,0.500
1566,392,YFR024C-A,1,0.000,0.500,0.500
1567,393,YPL184C,1,0.000,0.707,1.000
1568,393,YPR042C,1,0.000,0.707,1.000
1569,394,YNL197C,1,0.000,0.707,1.000
1570,394,YDL224C,1,0.000,0.707,1.000
1571,395,YPL200W,2,0.000,0.577,1.000
1572,395,YJL019W,2,0.000,0.577,1.000
1573,395,YOL104C,2,0.000,0.577,1.000
1574,396,YGL258W,2,0.000,0.431,0.400
1575,396,YMR303C,1,0.000,0.260,0.200
1576,396,YMR083W,1,0.000,0.260,0.200
1577,396,YOR387C,2,0.000,0.431,0.400
1578,396,YDL168W,1,0.000,0.260,0.200
1579,397,YHR113W,0,0.000,1.000,1.000
1580,398,YLR209C,0,0.000,1.000,1.000
1581,399,YGL248W,2,0.000,0.194,0.286
1582,399,YKL062W,3,0.000,0.313,0.429
1583,399,YMR016C,3,0.000,0.313,0.429
1584,399,YMR123W,1,0.000,0.113,0.143
1585,400,YDR430C,0,0.000,1.000,1.000
1586,401,YDL160C-A,2,0.000,0.435,0.667
1587,401,YGR042W,2,0.000,0.435,0.667
1588,402,YKL010C,1,0.000,0.707,1.000
1589,402,YDR457W,1,0.000,0.707,1.000
1590,403,YER142C,1,0.000,0.707,1.000
1591,403,YDL200C,1,0.000,0.707,1.000
1592,404,YBR133C,1,0.000,0.500,0.500
1593,404,YJR059W,1,0.000,0.500,0.500
1594,405,YHR207C,2,0.000,0.577,1.000
1595,405,YPL165C,2,0.000,0.577,1.000
1596,405,YJL105W,2,0.000,0.577,1.000
1597,406,YOR233W,2,0.000,0.577,1.000
1598,406,YJR053W,2,0.000,0.577,1.000
1599,406,YMR055C,2,0.000,0.577,1.000
1600,407,YGR238C,2,0.000,0.577,1.000
1601,407,YHR158C,2,0.000,0.577,1.000
1602,407,YAR014C,2,0.000,0.577,1.000
1603,408,YHL024W,1,0.000,0.500,0.500
1604,408,YHR124W,1,0.000,0.500,0.500
1605,409,YEL038W,3,0.000,0.425,0.600
1606,409,YLR017W,2,0.000,0.300,0.400
1607,409,YJR024C,3,0.000,0.425,0.600
1608,409,YNL010W,1,0.000,0.155,0.200
1609,410,YEL070W,2,0.000,0.435,0.667
1610,410,YHR104W,2,0.000,0.435,0.667
1611,411,YFL058W,4,0.000,0.278,0.364
1612,411,YJR156C,4,0.000,0.278,0.364
1613,411,YPR121W,1,0.000,0.073,0.091
1614,411,YDL244W,4,0.000,0.278,0.364
1615,411,YJR142W,1,0.000,0.069,0.091
1616,411,YNL332W,4,0.000,0.278,0.364
1617,411,YPR073C,1,0.000,0.073,0.091
1618,411,YNL091W,1,0.000,0.073,0.091
1619,412,YDL052C,1,0.000,0.707,1.000
1620,412,YDR018C,1,0.000,0.707,1.000
1621,413,YHR004C,2,0.000,0.577,1.000
1622,413,YMR165C,2,0.000,0.577,1.000
1623,413,YAL009W,2,0.000,0.577,1.000
1624,414,YIL025C,1,0.000,0.707,1.000
1625,414,YOR006C,1,0.000,0.707,1.000
1626,415,YJL133W,1,0.000,0.263,0.200
1627,415,YKL064W,1,0.000,0.263,0.200
1628,416,YLR453C,5,0.000,0.398,0.714
1629,416,YDR082W,5,0.000,0.398,0.714
1630,416,YKL112W,2,0.000,0.106,0.286
1631,416,YBR275C,5,0.000,0.398,0.714
1632,416,YLR010C,5,0.000,0.398,0.714
1633,416,YDL220C,5,0.000,0.398,0.714
1634,416,YBR049C,2,0.000,0.106,0.286
1635,417,YCL032W,2,0.000,0.134,0.200
1636,417,YDL073W,1,0.000,0.095,0.100
1637,417,YLR006C,4,0.000,0.303,0.400
1638,417,YDR420W,3,0.000,0.180,0.300
1639,418,YBR131W,3,0.000,0.071,0.200
1640,418,YDR080W,9,0.002,0.235,0.600
1641,418,YNL093W,3,0.000,0.077,0.200
1642,418,YDR229W,1,0.000,0.026,0.067
1643,419,YGL008C,0,0.000,1.000,1.000
1644,420,YGR036C,2,0.000,0.523,0.667
1645,420,YDL055C,1,0.000,0.282,0.333
1646,420,YMR013C,2,0.000,0.523,0.667
1647,421,YKL205W,1,0.000,0.707,1.000
1648,421,YOR112W,1,0.000,0.707,1.000
1649,422,YLR020C,2,0.000,0.435,0.667
1650,422,YLL012W,2,0.000,0.435,0.667
1651,423,YJL062W,1,0.000,0.707,1.000
1652,423,YLR242C,1,0.000,0.707,1.000
1653,424,YOR140W,1,0.000,0.316,0.200
1654,424,YHR211W,1,0.000,0.316,0.200
1655,424,YKR102W,1,0.000,0.316,0.200
1656,424,YAR050W,1,0.000,0.316,0.200
1657,424,YAL063C,1,0.000,0.316,0.200
1658,425,YBR164C,0,0.000,1.000,1.000
1659,426,YBL060W,1,0.000,0.500,0.500
1660,426,YKR030W,1,0.000,0.500,0.500
1661,427,YLR062C,1,0.000,0.707,1.000
1662,427,YGL217C,1,0.000,0.707,1.000
1663,428,YPR176C,2,0.000,0.026,0.143
1664,428,YEL048C,10,0.000,0.264,0.714
1665,428,YER031C,6,0.003,0.157,0.429
1666,428,YJL031C,2,0.000,0.026,0.143
1667,429,YPR079W,3,0.000,0.087,0.250
1668,429,YJL207C,3,0.000,0.154,0.250
1669,429,YDR358W,3,0.000,0.087,0.250
1670,429,YHR108W,3,0.000,0.087,0.250
1671,430,YFR056C,1,0.000,0.282,0.333
1672,430,YHR213W,2,0.000,0.523,0.667
1673,430,YHR212W-A,2,0.000,0.523,0.667
1674,431,YIL097W,6,0.000,0.376,0.857
1675,431,YBR105C,6,0.000,0.376,0.857
1676,431,YKL124W,1,0.000,0.064,0.143
1677,431,YDR255C,6,0.000,0.376,0.857
1678,431,YIL017C,6,0.000,0.376,0.857
1679,431,YGL227W,6,0.000,0.376,0.857
1680,431,YMR135C,6,0.000,0.376,0.857
1681,432,YFL025C,5,0.000,0.098,0.227
1682,432,YPL096C-A,6,0.000,0.125,0.273
1683,432,YNL038W,6,0.000,0.125,0.273
1684,432,YCL052C,3,0.000,0.081,0.136
1685,432,YHR039C,1,0.000,0.025,0.045
1686,432,YOR149C,6,0.001,0.145,0.273
1687,433,YMR206W,1,0.000,0.707,1.000
1688,433,YMR081C,1,0.000,0.707,1.000
1689,434,YOL108C,3,0.000,0.500,1.000
1690,434,YJL153C,3,0.000,0.500,1.000
1691,434,YHL020C,3,0.000,0.500,1.000
1692,434,YDR123C,3,0.000,0.500,1.000
1693,435,YDR183W,1,0.000,0.707,1.000
1694,435,YOR281C,1,0.000,0.707,1.000
1695,436,YNL153C,5,0.000,0.374,0.714
1696,436,YEL003W,5,0.000,0.374,0.714
1697,436,YFL023W,1,0.000,0.080,0.143
1698,436,YJL179W,5,0.000,0.374,0.714
1699,436,YMR074C,3,0.000,0.234,0.429
1700,437,YDR200C,4,0.000,0.361,0.667
1701,437,YLR238W,4,0.000,0.361,0.667
1702,437,YDR523C,1,0.000,0.093,0.167
1703,438,YAL042W,1,0.000,0.707,1.000
1704,438,YML067C,1,0.000,0.707,1.000
1705,439,YKR099W,0,0.000,1.000,1.000
1706,440,YOR279C,1,0.000,0.707,1.000
1707,440,YOL068C,1,0.000,0.707,1.000
1708,441,YMR310C,2,0.000,0.523,0.667
1709,441,YNL022C,2,0.000,0.523,0.667
1710,441,YOR021C,1,0.000,0.282,0.333
1711,442,YPL179W,1,0.000,0.707,1.000
1712,442,YFR003C,1,0.000,0.707,1.000
1713,443,YCR008W,2,0.000,0.435,0.667
1714,443,YDR436W,2,0.000,0.435,0.667
1715,444,YFR015C,1,0.000,0.707,1.000
1716,444,YLR177W,1,0.000,0.707,1.000
1717,445,YPL030W,2,0.000,0.394,0.400
1718,445,YDL112W,1,0.000,0.168,0.200
1719,445,YMR259C,2,0.000,0.366,0.400
1720,445,YPL183C,2,0.000,0.366,0.400
1721,446,YOL093W,1,0.000,0.707,1.000
1722,446,YLR405W,1,0.000,0.707,1.000
1723,447,YNR046W,1,0.000,0.707,1.000
1724,447,YDR140W,1,0.000,0.707,1.000
1725,448,YLR316C,2,0.000,0.577,1.000
1726,448,YJL035C,2,0.000,0.577,1.000
1727,448,YGL243W,2,0.000,0.577,1.000
1728,449,YJL212C,1,0.000,0.707,1.000
1729,449,YGL114W,1,0.000,0.707,1.000
1730,450,YDL024C,1,0.000,0.500,0.500
1731,450,YBR092C,1,0.000,0.500,0.500
1732,451,YDR481C,3,0.000,0.439,0.750
1733,451,YDR281C,2,0.000,0.307,0.500
1734,451,YBR093C,3,0.000,0.439,0.750
1735,452,YNL192W,1,0.000,0.282,0.333
1736,452,YFL017C,2,0.000,0.523,0.667
1737,452,YEL058W,2,0.000,0.523,0.667
1738,453,YOL095C,1,0.000,0.707,1.000
1739,453,YDR332W,1,0.000,0.707,1.000
1740,454,YDR538W,1,0.000,0.707,1.000
1741,454,YDR539W,1,0.000,0.707,1.000
1742,455,YBL061C,2,0.000,0.577,1.000
1743,455,YHR142W,2,0.000,0.577,1.000
1744,455,YBR023C,2,0.000,0.577,1.000
1745,456,YKR027W,4,0.000,0.447,1.000
1746,456,YMR237W,4,0.000,0.447,1.000
1747,456,YJL099W,4,0.000,0.447,1.000
1748,456,YOR299W,4,0.000,0.447,1.000
1749,456,YLR330W,4,0.000,0.447,1.000
1750,457,YMR307W,1,0.000,0.707,1.000
1751,457,YBR078W,1,0.000,0.707,1.000
1752,458,YLR342W,0,0.000,1.000,1.000
1753,459,YNL233W,0,0.000,1.000,1.000
1754,460,YPL244C,1,0.000,0.707,1.000
1755,460,YDR438W,1,0.000,0.707,1.000
1756,461,YNL063W,0,0.000,1.000,1.000
1757,462,YBR126C,0,0.000,1.000,1.000
1758,463,YOR238W,1,0.000,0.707,1.000
1759,463,YLR149C,1,0.000,0.707,1.000
1760,464,YNR034W-A,1,0.000,0.707,1.000
1761,464,YFR017C,1,0.000,0.707,1.000
1762,465,YJL184W,4,0.000,0.350,0.667
1763,465,YKR095W-A,4,0.000,0.350,0.667
1764,465,YDL104C,3,0.000,0.260,0.500
1765,466,YOR095C,0,0.000,1.000,1.000
1766,467,YLL062C,1,0.000,0.707,0.500
1767,467,YLL061W,1,0.000,0.707,0.500
1768,467,YPL273W,0,0.000,0.000,0.000
1769,468,YOL032W,2,0.000,0.523,0.667
1770,468,YJL144W,2,0.000,0.523,0.667
1771,468,YPR158W,1,0.000,0.282,0.333
1772,469,YIL046W,0,0.000,1.000,1.000
1773,470,YDL194W,3,0.000,0.482,0.750
1774,470,YDR277C,1,0.000,0.170,0.250
1775,470,YDL138W,3,0.000,0.482,0.750
1776,470,YOR047C,3,0.000,0.482,0.750
1777,471,YPL019C,4,0.000,0.362,0.500
1778,471,YJL012C,4,0.000,0.362,0.500
1779,471,YJL198W,2,0.000,0.166,0.250
1780,471,YER072W,4,0.000,0.362,0.500
1781,471,YNR013C,2,0.000,0.166,0.250
1782,472,YDL106C,1,0.000,0.707,1.000
1783,472,YFR034C,1,0.000,0.707,1.000
1784,473,YIL047C,1,0.000,0.707,1.000
1785,473,YGR233C,1,0.000,0.707,1.000
1786,474,YLR102C,12,0.000,0.277,1.000
1787,474,YFR036W,12,0.000,0.277,1.000
1788,474,YDL008W,12,0.000,0.277,1.000
1789,474,YIR025W,12,0.000,0.277,1.000
1790,474,YOR249C,12,0.000,0.277,1.000
1791,474,YDR118W,12,0.000,0.277,1.000
1792,474,YHR166C,12,0.000,0.277,1.000
1793,474,YLR127C,12,0.000,0.277,1.000
1794,474,YGL240W,12,0.000,0.277,1.000
1795,474,YBL084C,12,0.000,0.277,1.000
1796,474,YKL022C,12,0.000,0.277,1.000
1797,474,YNL172W,12,0.000,0.277,1.000
1798,474,YDR260C,12,0.000,0.277,1.000
1799,475,YEL029C,2,0.000,0.412,0.500
1800,475,YGR017W,1,0.000,0.217,0.250
1801,475,YNR027W,2,0.000,0.412,0.500
1802,476,YLR119W,12,0.000,0.192,0.522
1803,476,YLR181C,5,0.000,0.069,0.217
1804,476,YLR099W-A,2,0.000,0.025,0.087
1805,476,YLR073C,1,0.000,0.015,0.043
1806,476,YGR206W,12,0.000,0.192,0.522
1807,476,YER128W,1,0.000,0.014,0.043
1808,477,YBR264C,3,0.000,0.482,0.750
1809,477,YPL070W,1,0.000,0.170,0.250
1810,477,YER136W,3,0.000,0.482,0.750
1811,477,YOR370C,3,0.000,0.482,0.750
1812,478,YLR436C,1,0.000,0.707,1.000
1813,478,YMR304W,1,0.000,0.707,1.000
1814,479,YBR110W,4,0.000,0.440,0.800
1815,479,YGL047W,4,0.000,0.440,0.800
1816,479,YBR085C-A,1,0.000,0.114,0.200
1817,479,YNL048W,4,0.000,0.440,0.800
1818,479,YBR070C,4,0.000,0.440,0.800
1819,480,YNL029C,1,0.000,0.289,0.167
1820,480,YJL139C,1,0.000,0.289,0.167
1821,480,YKR061W,1,0.000,0.289,0.167
1822,480,YBR199W,1,0.000,0.289,0.167
1823,480,YIL085C,1,0.000,0.289,0.167
1824,480,YBL020W,1,0.000,0.289,0.167
1825,481,YIL029C,1,0.000,0.707,1.000
1826,481,YIL030C,1,0.000,0.707,1.000
1827,482,YKL100C,1,0.000,0.076,0.111
1828,482,YOR016C,4,0.000,0.272,0.444
1829,482,YGL054C,1,0.000,0.076,0.111
1830,483,YBR139W,0,0.000,0.000,0.000
1831,483,YJL172W,1,0.000,0.500,0.333
1832,483,YEL060C,1,0.000,0.500,0.333
1833,484,YOR219C,2,0.000,0.394,0.500
1834,484,YLR120C,2,0.000,0.394,0.500
1835,484,YGL203C,2,0.000,0.394,0.500
1836,484,YDR144C,2,0.000,0.394,0.500
1837,485,YAR075W,2,0.000,0.577,1.000
1838,485,YAR073W,2,0.000,0.577,1.000
1839,485,YLR432W,2,0.000,0.577,1.000
1840,486,YBR111C,5,0.000,0.341,0.833
1841,486,YCR036W,5,0.000,0.341,0.833
1842,487,YGR121C,2,0.000,0.523,0.667
1843,487,YPR138C,2,0.000,0.523,0.667
1844,487,YJR152W,1,0.000,0.282,0.333
1845,488,YOL049W,2,0.000,0.435,0.667
1846,488,YKL215C,2,0.000,0.435,0.667
1847,489,YCL035C,0,0.000,0.707,0.000
1848,489,YDR513W,0,0.000,0.707,0.000
1849,490,YER078C,1,0.000,0.707,1.000
1850,490,YKL134C,1,0.000,0.707,1.000
1851,491,YGL156W,0,0.000,1.000,1.000
1852,492,YHR181W,1,0.000,0.050,0.100
1853,492,YDR307W,2,0.000,0.108,0.200
1854,492,YDL093W,6,0.006,0.315,0.600
1855,492,YGR199W,3,0.006,0.158,0.300
1856,492,YJR143C,6,0.006,0.315,0.600
1857,493,YDL135C,0,0.000,0.000,0.000
1858,493,YJL201W,0,0.000,0.000,0.000
1859,493,YKL092C,1,0.000,0.180,0.125
1860,493,YJR092W,2,0.000,0.407,0.250
1861,493,YDR389W,0,0.000,0.000,0.000
1862,493,YOR134W,0,0.000,0.000,0.000
1863,494,YGR202C,1,0.000,0.707,1.000
1864,494,YLR133W,1,0.000,0.707,1.000
1865,495,YLR107W,2,0.000,0.523,0.667
1866,495,YGR276C,1,0.000,0.282,0.333
1867,495,YMR285C,2,0.000,0.523,0.667
1868,496,YDL133C-A,1,0.000,0.707,1.000
1869,496,YDL184C,1,0.000,0.707,1.000
1870,497,YHR137W,1,0.000,0.500,0.500
1871,497,YLR180W,1,0.000,0.500,0.500
1872,498,YNL321W,3,0.000,0.329,0.600
1873,498,YJL093C,3,0.000,0.329,0.600
1874,499,YKR050W,1,0.000,0.707,1.000
1875,499,YJR054W,1,0.000,0.707,1.000
1876,500,YNL191W,2,0.000,0.577,1.000
1877,500,YFR044C,2,0.000,0.577,1.000
1878,500,YBR281C,2,0.000,0.577,1.000
1879,501,YOL052C,3,0.000,0.482,0.750
1880,501,YPR069C,3,0.000,0.482,0.750
1881,501,YPL052W,1,0.000,0.170,0.250
1882,501,YLR146C,3,0.000,0.482,0.750
1883,502,YAL056W,3,0.056,0.425,0.750
1884,502,YOR371C,3,0.056,0.425,0.750
1885,502,YER020W,3,0.056,0.425,0.750
1886,502,YOL081W,3,0.056,0.425,0.750
1887,503,YOR258W,1,0.000,0.500,0.500
1888,503,YHR134W,1,0.000,0.500,0.500
1889,504,YLR228C,1,0.000,0.707,1.000
1890,504,YMR070W,1,0.000,0.707,1.000
1891,505,YOL087C,2,0.000,0.307,0.500
1892,505,YKR098C,3,0.000,0.439,0.750
1893,505,YIL156W,3,0.000,0.439,0.750
1894,506,YML047C,1,0.000,0.707,1.000
1895,506,YBR040W,1,0.000,0.707,1.000
1896,507,YDR414C,2,0.000,0.577,1.000
1897,507,YKR007W,2,0.000,0.577,1.000
1898,507,YCR075C,2,0.000,0.577,1.000
1899,508,YLR124W,1,0.000,0.500,0.500
1900,508,YPL034W,1,0.000,0.500,0.500
1901,509,YPL236C,1,0.000,0.707,1.000
1902,509,YER123W,1,0.000,0.707,1.000
1903,510,YCL051W,1,0.000,0.707,1.000
1904,510,YNL161W,1,0.000,0.707,1.000
1905,511,YKL094W,0,0.000,1.000,1.000
1906,512,YCR068W,0,0.000,1.000,1.000
1907,513,YJR010C-A,3,0.000,0.500,1.000
1908,513,YLR066W,3,0.000,0.500,1.000
1909,513,YML055W,3,0.000,0.500,1.000
1910,513,YIR022W,3,0.000,0.500,1.000
1911,514,YEL075W-A,4,0.000,0.447,1.000
1912,514,YEL075C,4,0.000,0.447,1.000
1913,514,YEL074W,4,0.000,0.447,1.000
1914,514,YEL077C,4,0.000,0.447,1.000
1915,514,YEL076C,4,0.000,0.447,1.000
1916,515,YER109C,1,0.000,0.408,0.333
1917,515,YOL116W,1,0.000,0.408,0.333
1918,515,YDL233W,1,0.000,0.408,0.333
1919,516,YKL043W,2,0.000,0.098,0.167
1920,516,YDR480W,4,0.000,0.229,0.333
1921,516,YLR452C,2,0.000,0.111,0.167
1922,516,YNL053W,2,0.000,0.128,0.167
1923,517,YOR230W,1,0.000,0.707,1.000
1924,517,YLR437C,1,0.000,0.707,1.000
1925,518,YGR058W,2,0.000,0.125,0.250
1926,518,YOR030W,6,0.000,0.362,0.750
1927,518,YGL045W,6,0.000,0.362,0.750
1928,518,YGR122W,2,0.000,0.125,0.250
1929,518,YNL294C,6,0.000,0.362,0.750
1930,518,YMR063W,6,0.000,0.362,0.750
1931,519,YOR022C,1,0.000,0.707,1.000
1932,519,YDL195W,1,0.000,0.707,1.000
1933,520,YOR385W,1,0.000,0.500,0.500
1934,520,YOR220W,1,0.000,0.500,0.500
1935,521,YNL027W,1,0.000,0.707,1.000
1936,521,YKL159C,1,0.000,0.707,1.000
1937,522,YGL006W,3,0.000,0.358,0.600
1938,522,YLR443W,2,0.000,0.237,0.400
1939,523,YGL168W,1,0.000,0.707,1.000
1940,523,YGL167C,1,0.000,0.707,1.000
1941,524,YDR126W,3,0.025,0.438,0.600
1942,524,YOL003C,2,0.025,0.298,0.400
1943,524,YNL326C,2,0.025,0.298,0.400
1944,524,YDR459C,3,0.025,0.438,0.600
1945,525,YDL240W,1,0.000,0.707,1.000
1946,525,YEL031W,1,0.000,0.707,1.000
1947,526,YER177W,1,0.000,0.707,1.000
1948,526,YDR099W,1,0.000,0.707,1.000
1949,527,YDR208W,2,0.000,0.412,0.500
1950,527,YKL051W,1,0.000,0.217,0.250
1951,527,YGR198W,2,0.000,0.412,0.500
1952,528,YLL007C,1,0.000,0.707,1.000
1953,528,YLR422W,1,0.000,0.707,1.000
1954,529,YLR310C,0,0.000,1.000,1.000
1955,530,YER056C,0,0.000,1.000,1.000
1956,531,YLR254C,1,0.000,0.707,1.000
1957,531,YOR269W,1,0.000,0.707,1.000
1958,532,YDL099W,1,0.000,0.707,1.000
1959,532,YDR517W,1,0.000,0.707,1.000
1960,533,YIL177W-A,1,0.000,0.707,1.000
1961,533,YIL177C,1,0.000,0.707,1.000
1962,534,YML133C,2,0.000,0.577,1.000
1963,534,YML133W-B,2,0.000,0.577,1.000
1964,534,YML133W-A,2,0.000,0.577,1.000
1965,535,YLL066C,1,0.000,0.282,0.333
1966,535,YDR521W,2,0.000,0.523,0.667
1967,535,YKL102C,2,0.000,0.523,0.667
1968,536,YNL134C,1,0.000,0.500,0.500
1969,536,YDL072C,1,0.000,0.500,0.500
1970,537,YJL022W,5,0.000,0.408,1.000
1971,537,YJL028W,5,0.000,0.408,1.000
1972,537,YJR055W,5,0.000,0.408,1.000
1973,537,YJR056C,5,0.000,0.408,1.000
1974,537,YJL027C,5,0.000,0.408,1.000
1975,537,YJL161W,5,0.000,0.408,1.000
1976,538,YHR195W,1,0.000,0.707,1.000
1977,538,YAR042W,1,0.000,0.707,1.000
1978,539,YDL019C,1,0.000,0.326,0.200
1979,539,YMR124W,1,0.000,0.326,0.200
1980,539,YIL090W,1,0.000,0.326,0.200
1981,539,YBL091C-A,1,0.000,0.205,0.200
1982,540,YMR251W-A,1,0.000,0.500,0.500
1983,540,YBR054W,1,0.000,0.500,0.500
1984,541,YDR150W,1,0.000,0.707,1.000
1985,541,YPR083W,1,0.000,0.707,1.000
1986,542,YNL116W,1,0.000,0.500,0.500
1987,542,YHR115C,1,0.000,0.500,0.500
1988,543,YNR052C,1,0.000,0.707,1.000
1989,543,YAL021C,1,0.000,0.707,1.000
1990,544,YOR070C,3,0.056,0.425,0.750
1991,544,YDL234C,3,0.056,0.425,0.750
1992,544,YGR100W,3,0.056,0.425,0.750
1993,544,YPL249C,3,0.056,0.425,0.750
1994,545,YBL017C,5,0.000,0.281,0.556
1995,545,YKR078W,3,0.000,0.172,0.333
1996,545,YDR425W,2,0.000,0.120,0.222
1997,545,YMR004W,5,0.000,0.278,0.556
1998,546,YML072C,1,0.000,0.707,1.000
1999,546,YBR086C,1,0.000,0.707,1.000
2000,547,YDL058W,0,0.000,1.000,1.000
2001,548,YOR216C,2,0.000,0.577,1.000
2002,548,YKL179C,2,0.000,0.577,1.000
2003,548,YJR134C,2,0.000,0.577,1.000
2004,549,YMR079W,0,0.000,1.000,1.000
2005,550,YLR380W,1,0.000,0.707,1.000
2006,550,YJL145W,1,0.000,0.707,1.000
2007,551,YCR091W,2,0.000,0.231,0.333
2008,551,YAL026C,3,0.000,0.326,0.500
2009,551,YNR047W,2,0.000,0.231,0.333
2010,552,YMR162C,1,0.000,0.707,1.000
2011,552,YNR048W,1,0.000,0.707,1.000
2012,553,YMR010W,1,0.000,0.282,0.333
2013,553,YNL297C,2,0.000,0.523,0.667
2014,553,YDR141C,2,0.000,0.523,0.667
2015,554,YML104C,1,0.000,0.707,1.000
2016,554,YOR107W,1,0.000,0.707,1.000
2017,555,YGR041W,2,0.000,0.435,0.667
2018,555,YLR353W,2,0.000,0.435,0.667
2019,556,YLR307W,2,0.000,0.067,0.167
2020,556,YBR158W,5,0.000,0.272,0.417
2021,556,YGR189C,2,0.000,0.065,0.167
2022,556,YLR308W,2,0.000,0.067,0.167
2023,556,YJL158C,2,0.000,0.065,0.167
2024,556,YNR067C,6,0.000,0.327,0.500
2025,557,YBR280C,2,0.000,0.577,1.000
2026,557,YLR097C,2,0.000,0.577,1.000
2027,557,YDR306C,2,0.000,0.577,1.000
2028,558,YGR003W,1,0.000,0.707,1.000
2029,558,YIL001W,1,0.000,0.707,1.000
2030,559,YPL272C,1,0.000,0.707,1.000
2031,559,YNL264C,1,0.000,0.707,1.000
2032,560,YDR310C,0,0.000,1.000,1.000
2033,561,YNL333W,5,0.000,0.408,1.000
2034,561,YMR096W,5,0.000,0.408,1.000
2035,561,YFL059W,5,0.000,0.408,1.000
2036,561,YFL060C,5,0.000,0.408,1.000
2037,561,YMR095C,5,0.000,0.408,1.000
2038,561,YNL334C,5,0.000,0.408,1.000
2039,562,YGL210W,0,0.000,1.000,1.000
2040,563,YLL015W,1,0.000,0.500,0.500
2041,563,YGR154C,1,0.000,0.500,0.500
2042,564,YLR408C,5,0.000,0.408,1.000
2043,564,YNL086W,5,0.000,0.408,1.000
2044,564,YEL005C,5,0.000,0.408,1.000
2045,564,YDR357C,5,0.000,0.408,1.000
2046,564,YGL079W,5,0.000,0.408,1.000
2047,564,YKL061W,5,0.000,0.408,1.000
2048,565,YER046W,1,0.000,0.500,0.500
2049,565,YNL012W,1,0.000,0.500,0.500
2050,566,YJL036W,2,0.000,0.577,1.000
2051,566,YLR189C,2,0.000,0.577,1.000
2052,566,YDL113C,2,0.000,0.577,1.000
2053,567,YKL101W,3,0.000,0.144,0.273
2054,567,YDR507C,5,0.000,0.229,0.455
2055,567,YBR148W,5,0.000,0.219,0.455
2056,567,YCL024W,4,0.000,0.188,0.364
2057,567,YNL166C,4,0.000,0.185,0.364
2058,568,YHR192W,3,0.000,0.394,0.750
2059,568,YLL023C,3,0.000,0.394,0.750
2060,569,YOR090C,2,0.000,0.577,1.000
2061,569,YCR079W,2,0.000,0.577,1.000
2062,569,YHR076W,2,0.000,0.577,1.000
2063,570,YMR247C,1,0.000,0.707,1.000
2064,570,YJR036C,1,0.000,0.707,1.000
2065,571,YGL110C,2,0.000,0.351,0.500
2066,571,YDR266C,2,0.000,0.351,0.500
2067,572,YDL198C,1,0.000,0.707,1.000
2068,572,YMR241W,1,0.000,0.707,1.000
2069,573,YKL209C,4,0.000,0.223,0.364
2070,573,YJR004C,4,0.000,0.212,0.364
2071,573,YHR135C,2,0.000,0.093,0.182
2072,573,YLR040C,4,0.000,0.212,0.364
2073,574,YPL112C,1,0.000,0.500,0.500
2074,574,YCL056C,1,0.000,0.500,0.500
2075,575,YGR138C,2,0.000,0.523,0.667
2076,575,YPR157W,1,0.000,0.282,0.333
2077,575,YPR008W,2,0.000,0.523,0.667
2078,576,YCL055W,1,0.000,0.282,0.333
2079,576,YNL196C,2,0.000,0.523,0.667
2080,576,YBR057C,2,0.000,0.523,0.667
2081,577,YCL027W,0,0.000,1.000,1.000
2082,578,YLR373C,1,0.000,0.500,0.500
2083,578,YGR071C,1,0.000,0.500,0.500
2084,579,YDR169C,1,0.000,0.282,0.333
2085,579,YLR403W,2,0.000,0.523,0.667
2086,579,YPR104C,2,0.000,0.523,0.667
2087,580,YFL067W,3,0.000,0.500,1.000
2088,580,YFL066C,3,0.000,0.500,1.000
2089,580,YFL065C,3,0.000,0.500,1.000
2090,580,YFL064C,3,0.000,0.500,1.000
2091,581,YJL073W,1,0.000,0.707,1.000
2092,581,YLR104W,1,0.000,0.707,1.000
2093,582,YJR131W,1,0.000,0.707,1.000
2094,582,YLR057W,1,0.000,0.707,1.000
2095,583,YGR225W,1,0.000,0.707,1.000
2096,583,YHR184W,1,0.000,0.707,1.000
2097,584,YER175C,1,0.000,0.707,1.000
2098,584,YGL117W,1,0.000,0.707,1.000
2099,585,YJR141W,1,0.000,0.500,0.500
2100,585,YBR291C,1,0.000,0.500,0.500
2101,586,YOR066W,1,0.000,0.707,1.000
2102,586,YKR077W,1,0.000,0.707,1.000
2103,587,YMR037C,0,0.000,1.000,1.000
2104,588,YDL025C,1,0.000,0.500,0.500
2105,588,YHR009C,1,0.000,0.500,0.500
2106,589,YGL071W,0,0.000,1.000,1.000
2107,590,YOR382W,2,0.000,0.523,0.667
2108,590,YHL047C,1,0.000,0.282,0.333
2109,590,YHL040C,2,0.000,0.523,0.667
2110,591,YCR039C,3,0.033,0.339,0.600
2111,591,YCL066W,3,0.033,0.339,0.600
2112,591,YCR096C,3,0.000,0.365,0.600
2113,592,YOR353C,4,0.000,0.447,1.000
2114,592,YIL129C,4,0.000,0.447,1.000
2115,592,YHR102W,4,0.000,0.447,1.000
2116,592,YFL034C-B,4,0.000,0.447,1.000
2117,592,YKL189W,4,0.000,0.447,1.000
2118,593,YDR084C,2,0.000,0.435,0.667
2119,593,YKR088C,2,0.000,0.435,0.667
2120,594,YDL210W,1,0.000,0.408,0.333
2121,594,YBR006W,1,0.000,0.408,0.333
2122,594,YIR023W,1,0.000,0.408,0.333
2123,595,YIL120W,2,0.167,0.500,0.667
2124,595,YLL028W,2,0.167,0.500,0.667
2125,595,YNR055C,2,0.167,0.500,0.667
2126,595,YNL065W,2,0.167,0.500,0.667
2127,596,YBR008C,1,0.000,0.707,1.000
2128,596,YML116W,1,0.000,0.707,1.000
2129,597,YHR048W,1,0.000,0.707,1.000
2130,597,YIL121W,1,0.000,0.707,1.000
2131,598,YKR020W,1,0.000,0.104,0.143
2132,598,YDR137W,2,0.000,0.386,0.286
2133,598,YLR309C,1,0.000,0.243,0.143
2134,598,YLR261C,1,0.000,0.243,0.143
2135,598,YJL044C,1,0.000,0.243,0.143
2136,598,YLR039C,2,0.000,0.386,0.286
2137,599,YKL220C,1,0.000,0.408,0.333
2138,599,YOL152W,1,0.000,0.408,0.333
2139,599,YLL051C,1,0.000,0.408,0.333
2140,600,YKL142W,2,0.000,0.222,0.222
2141,600,YMR086W,3,0.000,0.287,0.333
2142,600,YOL100W,3,0.000,0.284,0.333
2143,600,YPR149W,2,0.000,0.222,0.222
2144,600,YGR130C,1,0.000,0.065,0.111
2145,600,YML052W,2,0.000,0.222,0.222
2146,600,YDR490C,3,0.000,0.284,0.333
2147,601,YOL002C,1,0.000,0.271,0.250
2148,601,YOL101C,2,0.000,0.473,0.500
2149,601,YLR023C,2,0.000,0.473,0.500
2150,601,YDR492W,1,0.000,0.271,0.250
2151,602,YNR039C,5,0.011,0.285,0.556
2152,602,YLR130C,6,0.011,0.340,0.667
2153,602,YOR079C,3,0.000,0.178,0.333
2154,602,YOL154W,1,0.000,0.055,0.111
2155,603,YLR019W,1,0.000,0.500,0.500
2156,603,YLL010C,1,0.000,0.500,0.500
2157,604,YGL077C,1,0.000,0.707,1.000
2158,604,YDR497C,1,0.000,0.707,1.000
2159,605,YPL092W,1,0.000,0.707,1.000
2160,605,YGL254W,1,0.000,0.707,1.000
2161,606,YJL029C,5,0.000,0.217,0.556
2162,606,YNL051W,7,0.000,0.310,0.778
2163,606,YDR484W,5,0.000,0.217,0.556
2164,606,YGL005C,7,0.000,0.310,0.778
2165,606,YGL223C,7,0.000,0.310,0.778
2166,606,YGR120C,7,0.000,0.310,0.778
2167,607,YBR172C,1,0.000,0.500,0.500
2168,607,YOR338W,1,0.000,0.500,0.500
2169,608,YGL038C,0,0.000,1.000,1.000
2170,609,YGL032C,1,0.000,0.707,1.000
2171,609,YJL170C,1,0.000,0.707,1.000
2172,610,YMR216C,1,0.000,0.707,1.000
2173,610,YLL019C,1,0.000,0.707,1.000
2174,611,YKL201C,2,0.000,0.355,0.400
2175,611,YGL257C,2,0.000,0.308,0.400
2176,611,YJL186W,2,0.000,0.355,0.400
2177,611,YIL014W,2,0.000,0.308,0.400
2178,612,YEL036C,4,0.000,0.365,0.800
2179,612,YML115C,4,0.000,0.365,0.800
2180,613,YPL053C,1,0.000,0.707,1.000
2181,613,YNR059W,1,0.000,0.707,1.000
2182,614,YDR089W,1,0.000,0.707,1.000
2183,614,YFL004W,1,0.000,0.707,1.000
2184,615,YMR316W,1,0.000,0.707,1.000
2185,615,YBR056W-A,1,0.000,0.707,1.000
2186,616,YNL283C,5,0.027,0.369,0.833
2187,616,YGR023W,5,0.027,0.369,0.833
2188,616,YOR008C,5,0.027,0.369,0.833
2189,616,YGR070W,5,0.027,0.369,0.833
2190,616,YOL105C,5,0.027,0.369,0.833
2191,616,YLR371W,5,0.027,0.369,0.833
2192,617,YFL047W,1,0.000,0.707,1.000
2193,617,YBR260C,1,0.000,0.707,1.000
2194,618,YBR168W,1,0.000,0.707,1.000
2195,618,YHR150W,1,0.000,0.707,1.000
2196,619,YDR479C,1,0.000,0.500,0.500
2197,619,YGR004W,1,0.000,0.500,0.500
2198,620,YDR143C,1,0.000,0.500,0.500
2199,620,YGL141W,1,0.000,0.500,0.500
2200,621,YIL039W,1,0.000,0.707,1.000
2201,621,YCR017C,1,0.000,0.707,1.000
2202,622,YNL159C,2,0.000,0.577,1.000
2203,622,YMR119W,2,0.000,0.577,1.000
2204,622,YNL008C,2,0.000,0.577,1.000
2205,623,YDL212W,1,0.000,0.707,1.000
2206,623,YKR039W,1,0.000,0.707,1.000
2207,624,YLL038C,1,0.000,0.707,1.000
2208,624,YLL044W,1,0.000,0.707,1.000
2209,625,YLR080W,1,0.000,0.707,1.000
2210,625,YFL048C,1,0.000,0.707,1.000
2211,626,YGL161C,2,0.000,0.251,0.400
2212,626,YER074W-A,3,0.000,0.364,0.600
2213,626,YNL044W,3,0.000,0.364,0.600
2214,627,YMR034C,1,0.000,0.707,1.000
2215,627,YBR187W,1,0.000,0.707,1.000
2216,628,YDR525W-A,1,0.000,0.707,1.000
2217,628,YJL151C,1,0.000,0.707,1.000
2218,629,YOL073C,1,0.000,0.707,1.000
2219,629,YPR109W,1,0.000,0.707,1.000
2220,630,YDR072C,1,0.000,0.707,1.000
2221,630,YGR143W,1,0.000,0.707,1.000
2222,631,YOL042W,1,0.000,0.707,1.000
2223,631,YML118W,1,0.000,0.707,1.000
2224,632,YFR023W,1,0.000,0.260,0.200
2225,632,YDL053C,2,0.000,0.431,0.400
2226,632,YNL085W,1,0.000,0.260,0.200
2227,632,YHR015W,1,0.000,0.260,0.200
2228,632,YHR121W,2,0.000,0.431,0.400
2229,633,YBR271W,0,0.000,1.000,1.000
2230,634,YAL008W,1,0.000,0.500,0.500
2231,634,YBR056W,1,0.000,0.500,0.500
2232,635,YBR149W,1,0.000,0.500,0.500
2233,635,YMR041C,1,0.000,0.500,0.500
2234,636,YIR001C,1,0.000,0.707,1.000
2235,636,YGR250C,1,0.000,0.707,1.000
2236,637,YDR315C,3,0.000,0.430,0.500
2237,637,YML099C,2,0.000,0.231,0.333
2238,637,YMR042W,2,0.000,0.231,0.333
2239,637,YLR410W,3,0.000,0.430,0.500
2240,637,YOR163W,1,0.000,0.139,0.167
2241,638,YPR201W,2,0.000,0.577,1.000
2242,638,YPR200C,2,0.000,0.577,1.000
2243,638,YPR199C,2,0.000,0.577,1.000
2244,639,YPL208W,3,0.000,0.500,1.000
2245,639,YBR030W,3,0.000,0.500,1.000
2246,639,YDR257C,3,0.000,0.500,1.000
2247,639,YDR198C,3,0.000,0.500,1.000
2248,640,YOR051C,1,0.000,0.707,1.000
2249,640,YER049W,1,0.000,0.707,1.000
2250,641,YOL070C,2,0.000,0.577,1.000
2251,641,YPL158C,2,0.000,0.577,1.000
2252,641,YNL078W,2,0.000,0.577,1.000
2253,642,YDL243C,2,0.000,0.577,1.000
2254,642,YFL056C,2,0.000,0.577,1.000
2255,642,YFL057C,2,0.000,0.577,1.000
2256,643,YOR053W,1,0.000,0.707,1.000
2257,643,YAL004W,1,0.000,0.707,1.000
2258,644,YDR545C-A,1,0.000,0.707,1.000
2259,644,YDR545W,1,0.000,0.707,1.000
2260,645,YOR396W,1,0.000,0.500,0.500
2261,645,YOR394C-A,1,0.000,0.500,0.500
2262,646,YML076C,1,0.000,0.707,1.000
2263,646,YPL058C,1,0.000,0.707,1.000
2264,647,YMR204C,1,0.000,0.707,1.000
2265,647,YMR163C,1,0.000,0.707,1.000
2266,648,YOL132W,1,0.000,0.354,0.250
2267,648,YMR215W,1,0.000,0.354,0.250
2268,648,YLR343W,1,0.000,0.354,0.250
2269,648,YOL030W,1,0.000,0.354,0.250
2270,649,YDR514C,1,0.000,0.707,1.000
2271,649,YOR252W,1,0.000,0.707,1.000
2272,650,YLR246W,1,0.000,0.707,1.000
2273,650,YOL110W,1,0.000,0.707,1.000
2274,651,YIR003W,1,0.000,0.707,1.000
2275,651,YER071C,1,0.000,0.707,1.000
2276,652,YPL177C,1,0.000,0.500,0.500
2277,652,YPR194C,1,0.000,0.500,0.500
2278,653,YFR018C,1,0.000,0.707,1.000
2279,653,YDL144C,1,0.000,0.707,1.000
2280,654,YOR255W,1,0.000,0.707,1.000
2281,654,YOR242C,1,0.000,0.707,1.000
2282,655,YJL059W,0,0.000,1.000,1.000
2283,656,YCL001W-A,2,0.000,0.577,1.000
2284,656,YCL042W,2,0.000,0.577,1.000
2285,656,YCR024C-B,2,0.000,0.577,1.000
2286,657,YBL048W,1,0.000,0.707,1.000
2287,657,YBL049W,1,0.000,0.707,1.000
2288,658,YGL139W,1,0.000,0.500,0.500
2289,658,YGL146C,1,0.000,0.500,0.500
2290,659,YHR101C,1,0.000,0.707,1.000
2291,659,YMR200W,1,0.000,0.707,1.000
2292,660,YLR065C,1,0.000,0.707,1.000
2293,660,YDR186C,1,0.000,0.707,1.000
2294,661,YPL075W,1,0.000,0.500,0.500
2295,661,YOR344C,1,0.000,0.500,0.500
2296,662,YHL046C,17,0.000,0.219,0.850
2297,662,YOL161C,17,0.000,0.219,0.850
2298,662,YAR020C,8,0.000,0.106,0.400
2299,662,YGL261C,17,0.000,0.219,0.850
2300,662,YDR542W,17,0.000,0.219,0.850
2301,662,YAL068C,17,0.000,0.219,0.850
2302,663,YNL149C,1,0.000,0.707,1.000
2303,663,YNL158W,1,0.000,0.707,1.000
2304,664,YNR044W,1,0.000,0.707,1.000
2305,664,YCR089W,1,0.000,0.707,1.000
2306,665,YDL046W,1,0.000,0.500,0.500
2307,665,YOR032C,1,0.000,0.500,0.500
2308,666,YER035W,1,0.000,0.707,1.000
2309,666,YGL222C,1,0.000,0.707,1.000
2310,667,YHR139C,1,0.000,0.500,0.500
2311,667,YDR402C,1,0.000,0.500,0.500
2312,668,YLL059C,1,0.000,0.500,0.500
2313,668,YML131W,1,0.000,0.500,0.500
2314,669,YKL164C,1,0.000,0.707,1.000
2315,669,YJL159W,1,0.000,0.707,1.000
2316,670,YGR045C,1,0.000,0.707,1.000
2317,670,YDR250C,1,0.000,0.707,1.000
2318,671,YER039C,1,0.000,0.707,1.000
2319,671,YER039C-A,1,0.000,0.707,1.000
2320,672,YBL113C,3,0.000,0.500,1.000
2321,672,YBL111C,3,0.000,0.500,1.000
2322,672,YBL109W,3,0.000,0.500,1.000
2323,672,YBL113W-A,3,0.000,0.500,1.000
2324,673,YEL004W,1,0.000,0.707,1.000
2325,673,YML038C,1,0.000,0.707,1.000
2326,674,YER158C,1,0.000,0.707,1.000
2327,674,YDR085C,1,0.000,0.707,1.000
2328,675,YKL047W,1,0.000,0.707,1.000
2329,675,YPL199C,1,0.000,0.707,1.000
2330,676,YLR463C,1,0.000,0.707,1.000
2331,676,YLR465C,1,0.000,0.707,1.000
2332,677,YLR467C-A,1,0.000,0.707,1.000
2333,677,YLR466C-B,1,0.000,0.707,1.000
2334,678,YER119C,1,0.000,0.372,0.333
2335,678,YBR293W,1,0.000,0.372,0.333
2336,679,YLR076C,1,0.000,0.500,0.500
2337,679,YPR044C,1,0.000,0.500,0.500
2338,680,YBL108W,1,0.000,0.271,0.250
2339,680,YKL225W,2,0.000,0.473,0.500
2340,680,YDR544C,1,0.000,0.271,0.250
2341,680,YHR217C,2,0.000,0.473,0.500
2342,681,YHR219W,0,0.000,1.000,1.000
2343,682,YNL338W,1,0.000,0.217,0.250
2344,682,YFL063W,2,0.000,0.412,0.500
2345,682,YNR077C,2,0.000,0.412,0.500
2346,683,YER190W,2,0.000,0.577,1.000
2347,683,YER188C-A,2,0.000,0.577,1.000
2348,683,YER189W,2,0.000,0.577,1.000
2349,684,YHL049C,0,0.000,1.000,1.000
2350,685,YHL050W-A,1,0.000,0.707,1.000
2351,685,YCL012C,1,0.000,0.707,1.000
2352,686,YNL034W,2,0.056,0.408,0.500
2353,686,YFL051C,2,0.056,0.408,0.500
2354,686,YNL018C,2,0.056,0.408,0.500
2355,687,YIL088C,1,0.000,0.707,1.000
2356,687,YKL146W,1,0.000,0.707,1.000
