,cluster,protein,degree,betweenness_centrality,eigenvector_centrality,degree_centrality
0,0,Q0182,5,0.000,0.391,0.714
1,0,Q0142,1,0.000,0.078,0.143
2,0,Q0032,5,0.000,0.391,0.714
3,0,Q0017,5,0.000,0.391,0.714
4,0,Q0092,2,0.000,0.161,0.286
5,1,YMR301C,10,0.000,0.201,0.625
6,1,YLR369W,10,0.001,0.199,0.625
7,1,YOR226C,12,0.003,0.234,0.750
8,1,YAL046C,7,0.001,0.129,0.438
9,1,YAL044W-A,6,0.000,0.111,0.375
10,2,YJR045C,3,0.000,0.439,0.600
11,2,YNL328C,3,0.000,0.439,0.600
12,2,YDR376W,0,0.000,0.000,0.000
13,2,YEL030W,2,0.000,0.307,0.400
14,3,YDL115C,6,0.000,0.034,0.067
15,3,YJR072C,4,0.000,0.020,0.045
16,3,YJR052W,6,0.000,0.019,0.067
17,3,YDR030C,0,0.000,0.000,0.000
18,3,YMR039C,3,0.000,0.016,0.034
19,3,YBR279W,9,0.000,0.033,0.101
20,3,YPR070W,20,0.000,0.063,0.225
21,3,YJL148W,7,0.000,0.029,0.079
22,3,YGL025C,20,0.000,0.063,0.225
23,3,YPL228W,3,0.000,0.004,0.034
24,3,YER161C,1,0.000,0.002,0.011
25,3,YBR114W,5,0.000,0.014,0.056
26,3,YFR016C,0,0.000,0.000,0.000
27,3,YJR017C,3,0.000,0.013,0.034
28,3,YCR081W,12,0.000,0.034,0.135
29,3,YPR133C,8,0.000,0.028,0.090
30,3,YKL160W,12,0.000,0.063,0.135
31,3,YDR289C,5,0.000,0.023,0.056
32,3,YDR156W,7,0.000,0.029,0.079
33,3,YML112W,5,0.000,0.015,0.056
34,3,YOR352W,10,0.000,0.036,0.112
35,3,YDR527W,0,0.000,0.000,0.000
36,3,YKL054C,0,0.000,0.000,0.000
37,4,YGR231C,1,0.000,0.707,0.250
38,4,YBL022C,0,0.000,0.000,0.000
39,4,YPL159C,0,0.000,0.000,0.000
40,4,YIL070C,0,0.000,0.000,0.000
41,4,YGR132C,1,0.000,0.707,0.250
42,5,YML015C,13,0.000,0.146,0.271
43,5,YPL011C,13,0.000,0.146,0.271
44,5,YML114C,13,0.000,0.146,0.271
45,5,YPR110C,14,0.000,0.112,0.292
46,5,YCR042C,13,0.000,0.146,0.271
47,5,YKR025W,14,0.000,0.112,0.292
48,5,YKL144C,14,0.000,0.112,0.292
49,5,YMR005W,13,0.000,0.146,0.271
50,5,YDL070W,2,0.000,0.017,0.042
51,5,YPL047W,13,0.000,0.139,0.271
52,5,YNL113W,14,0.000,0.112,0.292
53,5,YJL011C,14,0.000,0.112,0.292
54,5,YER159C,3,0.000,0.024,0.062
55,5,YBR111W-A,13,0.000,0.139,0.271
56,5,YDR397C,3,0.000,0.024,0.062
57,5,YOR110W,8,0.000,0.059,0.167
58,5,YPL007C,8,0.000,0.059,0.167
59,5,YDR045C,14,0.000,0.112,0.292
60,5,YDR005C,2,0.000,0.015,0.042
61,6,YIL001W,0,0.000,0.000,0.000
62,6,YNL311C,1,0.000,0.040,0.030
63,6,YER143W,0,0.000,0.000,0.000
64,6,YDR202C,2,0.000,0.044,0.061
65,6,YDR332W,0,0.000,0.000,0.000
66,6,YER066W,3,0.000,0.115,0.091
67,6,YLR352W,2,0.000,0.076,0.061
68,6,YNL230C,2,0.000,0.051,0.061
69,6,YJR090C,6,0.000,0.185,0.182
70,6,YLR320W,3,0.000,0.070,0.091
71,6,YER116C,2,0.000,0.040,0.061
72,6,YOR080W,2,0.000,0.076,0.061
73,6,YOL025W,3,0.000,0.087,0.091
74,6,YJL149W,1,0.000,0.040,0.030
75,6,YMR168C,3,0.000,0.050,0.091
76,6,YDR306C,0,0.000,0.000,0.000
77,6,YJR033C,2,0.000,0.044,0.061
78,6,YMR094W,3,0.000,0.050,0.091
79,6,YPR164W,3,0.000,0.070,0.091
80,6,YNL159C,0,0.000,0.000,0.000
81,6,YGR140W,3,0.000,0.050,0.091
82,7,YER057C,0,0.000,0.000,0.000
83,7,YHR187W,6,0.001,0.175,0.300
84,7,YJR097W,5,0.000,0.055,0.250
85,7,YMR312W,9,0.005,0.256,0.450
86,7,YAL020C,1,0.000,0.023,0.050
87,7,YBR246W,5,0.000,0.055,0.250
88,8,YGR123C,3,0.000,0.081,0.130
89,8,YOR057W,6,0.000,0.151,0.261
90,8,YIL016W,0,0.000,0.000,0.000
91,8,YMR161W,0,0.000,0.000,0.000
92,8,YGR268C,0,0.000,0.000,0.000
93,8,YNL077W,1,0.000,0.026,0.043
94,9,YKL017C,3,0.000,0.020,0.028
95,9,YOR329C,1,0.000,0.001,0.009
96,9,YER071C,0,0.000,0.000,0.000
97,9,YKL005C,1,0.000,0.000,0.009
98,9,YFR024C-A,1,0.000,0.001,0.009
99,9,YKL079W,1,0.000,0.001,0.009
100,9,YFR014C,0,0.000,0.000,0.000
101,9,YCR082W,4,0.000,0.017,0.037
102,9,YNL215W,7,0.000,0.049,0.064
103,9,YLR455W,5,0.000,0.018,0.046
104,9,YNL020C,3,0.000,0.003,0.028
105,9,YPR154W,4,0.000,0.003,0.037
106,9,YCL034W,0,0.000,0.000,0.000
107,9,YOR239W,2,0.000,0.013,0.018
108,9,YER092W,12,0.000,0.082,0.110
109,9,YPR085C,3,0.000,0.011,0.028
110,9,YNL152W,2,0.000,0.002,0.018
111,9,YCR060W,4,0.000,0.019,0.037
112,9,YGR136W,4,0.000,0.003,0.037
113,9,YOR367W,4,0.000,0.015,0.037
114,9,YBR108W,0,0.000,0.000,0.000
115,9,YPR171W,0,0.000,0.000,0.000
116,9,YKR090W,0,0.000,0.000,0.000
117,9,YNL094W,1,0.000,0.001,0.009
118,9,YLR144C,0,0.000,0.000,0.000
119,9,YJR136C,5,0.000,0.026,0.046
120,9,YHR040W,2,0.000,0.017,0.018
121,9,YGR211W,0,0.000,0.000,0.000
122,9,YGL106W,3,0.000,0.013,0.028
123,10,YFR038W,0,0.000,0.000,0.000
124,10,YPL127C,9,0.000,0.135,0.214
125,10,YHR109W,2,0.000,0.019,0.048
126,10,YGL060W,2,0.000,0.038,0.048
127,10,YER030W,1,0.000,0.012,0.024
128,10,YPL055C,0,0.000,0.000,0.000
129,10,YGR270W,5,0.000,0.072,0.119
130,10,YJR119C,4,0.000,0.054,0.095
131,10,YMR179W,0,0.000,0.000,0.000
132,10,YNL186W,1,0.000,0.014,0.024
133,10,YJR140C,6,0.000,0.056,0.143
134,11,YOL145C,0,0.000,1.000,1.000
135,12,YJR035W,0,0.000,1.000,1.000
136,13,YMR269W,4,0.000,0.003,0.019
137,13,YNL035C,1,0.000,0.001,0.005
138,13,YDR184C,5,0.000,0.003,0.024
139,13,YOL144W,9,0.000,0.005,0.044
140,13,YDR194C,22,0.000,0.016,0.107
141,13,YDR412W,19,0.000,0.014,0.092
142,13,YIL035C,66,0.000,0.045,0.320
143,13,YER156C,1,0.000,0.001,0.005
144,13,YIR026C,53,0.000,0.034,0.257
145,13,YIL104C,6,0.000,0.003,0.029
146,13,YGR187C,12,0.000,0.009,0.058
147,13,YLR336C,46,0.000,0.032,0.223
148,13,YLR068W,3,0.000,0.002,0.015
149,13,YER036C,53,0.000,0.035,0.257
150,13,YDR514C,0,0.000,0.000,0.000
151,13,YDL167C,9,0.000,0.006,0.044
152,13,YDR174W,23,0.000,0.016,0.112
153,13,YLR401C,1,0.000,0.001,0.005
154,13,YPL239W,3,0.000,0.002,0.015
155,13,YJR041C,22,0.000,0.015,0.107
156,13,YMR239C,25,0.000,0.017,0.121
157,13,YER168C,0,0.000,0.000,0.000
158,13,YOR061W,57,0.000,0.040,0.277
159,13,YOR119C,28,0.000,0.019,0.136
160,13,YNL175C,54,0.000,0.039,0.262
161,13,YKR092C,64,0.000,0.047,0.311
162,13,YOL022C,3,0.000,0.002,0.015
163,13,YLR022C,7,0.000,0.004,0.034
164,13,YGL019W,58,0.000,0.040,0.282
165,13,YKR056W,25,0.000,0.019,0.121
166,13,YBR034C,37,0.000,0.027,0.180
167,13,YLR449W,51,0.000,0.037,0.248
168,13,YAL059W,57,0.000,0.037,0.277
169,13,YEL055C,70,0.000,0.051,0.340
170,13,YPR204W,1,0.000,0.001,0.005
171,13,YDR339C,63,0.000,0.044,0.306
172,13,YDR161W,39,0.000,0.027,0.189
173,13,YJR091C,1,0.000,0.001,0.005
174,13,YJL122W,45,0.000,0.029,0.218
175,13,YIR012W,61,0.000,0.040,0.296
176,13,YGL014W,1,0.000,0.001,0.005
177,13,YOL080C,28,0.000,0.020,0.136
178,13,YNL163C,4,0.000,0.002,0.019
179,13,YPL263C,3,0.000,0.002,0.015
180,13,YNL227C,52,0.000,0.033,0.252
181,13,YBR192W,3,0.000,0.002,0.015
182,13,YCR016W,6,0.000,0.003,0.029
183,13,YOR309C,11,0.000,0.009,0.053
184,13,YGR271C-A,29,0.000,0.019,0.141
185,13,YGR251W,66,0.000,0.045,0.320
186,13,YOR039W,51,0.000,0.036,0.248
187,13,YOR046C,43,0.000,0.030,0.209
188,14,YMR287C,12,0.000,0.180,0.414
189,14,YDR374C,1,0.000,0.017,0.034
190,14,YOR017W,0,0.000,0.000,0.000
191,14,YHR081W,13,0.000,0.192,0.448
192,14,YDR370C,0,0.000,0.000,0.000
193,14,YDR293C,4,0.000,0.061,0.138
194,14,YGL213C,11,0.000,0.160,0.379
195,14,YNR024W,13,0.000,0.192,0.448
196,15,YGL050W,4,0.000,0.447,0.444
197,15,YML005W,4,0.000,0.447,0.444
198,15,YOR274W,0,0.000,0.000,0.000
199,15,YDR140W,0,0.000,0.000,0.000
200,15,YIL025C,0,0.000,0.000,0.000
201,15,YLR405W,0,0.000,0.000,0.000
202,15,YPL207W,4,0.000,0.447,0.444
203,15,YOL141W,4,0.000,0.447,0.444
204,15,YHR070W,4,0.000,0.447,0.444
205,15,YJL035C,0,0.000,0.000,0.000
206,16,YDR020C,4,0.000,0.213,0.308
207,16,YER005W,4,0.000,0.213,0.308
208,16,YEL063C,2,0.000,0.098,0.154
209,16,YBR068C,0,0.000,0.000,0.000
210,16,YNR012W,4,0.000,0.213,0.308
211,16,YMR271C,4,0.000,0.247,0.308
212,17,YHR144C,2,0.000,0.234,0.333
213,17,YER056C,1,0.000,0.130,0.167
214,17,YHR128W,3,0.000,0.351,0.500
215,18,YBR079C,61,0.000,0.032,0.367
216,18,YMR309C,61,0.000,0.032,0.367
217,18,YFR032C-A,142,0.000,0.081,0.855
218,18,YGR169C-A,2,0.000,0.001,0.012
219,18,YDR382W,144,0.000,0.082,0.867
220,18,YNL002C,139,0.000,0.079,0.837
221,18,YOL039W,144,0.000,0.082,0.867
222,18,YEL034W,91,0.000,0.052,0.548
223,18,YDL130W,141,0.000,0.081,0.849
224,18,YOR234C,142,0.000,0.081,0.855
225,18,YDL133C-A,1,0.000,0.001,0.006
226,18,YPL079W,142,0.000,0.081,0.855
227,18,YOR361C,71,0.000,0.038,0.428
228,18,YDR500C,140,0.000,0.080,0.843
229,18,YNL244C,61,0.000,0.032,0.367
230,18,YLR192C,44,0.000,0.023,0.265
231,18,YPL048W,81,0.000,0.046,0.488
232,18,YNL069C,140,0.000,0.080,0.843
233,18,YIL052C,141,0.000,0.081,0.849
234,18,YGR054W,61,0.000,0.034,0.367
235,18,YKL081W,92,0.000,0.052,0.554
236,18,YPL037C,44,0.000,0.025,0.265
237,18,YPL249C-A,141,0.000,0.081,0.849
238,18,YPR041W,52,0.000,0.028,0.313
239,18,YJR067C,1,0.000,0.000,0.006
240,18,YDR417C,1,0.000,0.001,0.006
241,18,YGR148C,143,0.000,0.082,0.861
242,18,YLR150W,68,0.000,0.040,0.410
243,18,YFL034C-A,139,0.000,0.080,0.837
244,18,YLR387C,12,0.000,0.007,0.072
245,18,YKL056C,133,0.000,0.077,0.801
246,18,YEL054C,144,0.000,0.082,0.867
247,18,YMR260C,69,0.000,0.037,0.416
248,18,YNL001W,41,0.000,0.024,0.247
249,18,YGR034W,140,0.000,0.081,0.843
250,18,YHR193C,85,0.000,0.049,0.512
251,18,YGR201C,6,0.000,0.004,0.036
252,18,YDL081C,142,0.000,0.081,0.855
253,18,YPL198W,142,0.000,0.081,0.855
254,18,YNL209W,37,0.000,0.022,0.223
255,18,YMR194W,143,0.000,0.082,0.861
256,18,YLR448W,144,0.000,0.082,0.867
257,19,YBR118W,0,0.000,1.000,1.000
258,20,YNL122C,38,0.001,0.076,0.458
259,20,YNR022C,14,0.000,0.028,0.169
260,20,YGR150C,1,0.000,0.002,0.012
261,20,YPR099C,1,0.000,0.002,0.012
262,20,YLR312W-A,53,0.000,0.108,0.639
263,20,YDR116C,43,0.000,0.087,0.518
264,20,YGL107C,1,0.000,0.001,0.012
265,20,YLR069C,12,0.000,0.022,0.145
266,20,YKL138C,52,0.001,0.105,0.627
267,20,YKL155C,28,0.000,0.054,0.337
268,20,Q0140,32,0.000,0.061,0.386
269,20,YMR225C,3,0.000,0.005,0.036
270,20,YDL202W,27,0.001,0.054,0.325
271,20,YHR038W,17,0.000,0.033,0.205
272,20,YJL096W,18,0.000,0.036,0.217
273,20,YKL011C,0,0.000,0.000,0.000
274,20,YOR158W,34,0.000,0.064,0.410
275,20,YGR084C,36,0.000,0.068,0.434
276,20,YKR006C,21,0.000,0.042,0.253
277,20,YNL185C,49,0.001,0.098,0.590
278,20,YGR076C,54,0.001,0.109,0.651
279,21,YER025W,8,0.000,0.333,0.800
280,21,YLR291C,8,0.000,0.333,0.800
281,21,YHR115C,0,0.000,0.000,0.000
282,21,YDR211W,8,0.000,0.333,0.800
283,21,YOR260W,8,0.000,0.333,0.800
284,21,YNL116W,0,0.000,0.000,0.000
285,21,YPL237W,8,0.000,0.333,0.800
286,21,YGR083C,8,0.000,0.333,0.800
287,21,YKR026C,8,0.000,0.333,0.800
288,21,YDR283C,8,0.000,0.333,0.800
289,21,YJR007W,8,0.000,0.333,0.800
290,22,YHL013C,0,0.000,0.000,0.000
291,22,YLR167W,2,0.000,0.435,0.333
292,22,YLR436C,0,0.000,0.000,0.000
293,22,YML088W,0,0.000,0.000,0.000
294,22,YDR059C,2,0.000,0.435,0.333
295,23,YIL142W,4,0.000,0.095,0.174
296,23,YJR064W,4,0.000,0.095,0.174
297,23,YGR161C,2,0.000,0.059,0.087
298,23,YMR273C,2,0.000,0.040,0.087
299,23,YNL157W,3,0.000,0.036,0.130
300,23,YHR075C,6,0.000,0.165,0.261
301,23,YOR073W,1,0.000,0.021,0.043
302,23,YHR132W-A,3,0.000,0.036,0.130
303,23,YFL033C,3,0.000,0.036,0.130
304,24,YPR080W,0,0.000,1.000,1.000
305,25,YDR188W,5,0.000,0.205,0.357
306,25,YDR183W,0,0.000,0.000,0.000
307,25,YDL143W,5,0.000,0.205,0.357
308,25,YFL023W,1,0.000,0.059,0.071
309,25,YMR074C,3,0.000,0.172,0.214
310,25,YJL014W,5,0.000,0.205,0.357
311,25,YJL179W,5,0.000,0.270,0.357
312,25,YJL111W,5,0.000,0.205,0.357
313,25,YEL003W,5,0.000,0.270,0.357
314,26,YPR010C-A,2,0.000,0.012,0.034
315,26,YGR243W,1,0.000,0.007,0.017
316,26,YDL069C,0,0.000,0.000,0.000
317,26,YEL059C-A,0,0.000,0.000,0.000
318,26,YGL226W,7,0.000,0.046,0.121
319,26,YIR021W,0,0.000,0.000,0.000
320,26,Q0065,6,0.000,0.032,0.103
321,26,YBL030C,6,0.000,0.040,0.103
322,26,YGR174C,3,0.000,0.021,0.052
323,26,YPR021C,2,0.000,0.013,0.034
324,26,YHR162W,1,0.000,0.007,0.017
325,26,Q0060,4,0.000,0.025,0.069
326,26,YBR120C,0,0.000,0.000,0.000
327,26,YDR379C-A,2,0.000,0.009,0.034
328,26,Q0055,0,0.000,0.000,0.000
329,26,YLR164W,5,0.000,0.018,0.086
330,26,YML030W,7,0.000,0.041,0.121
331,27,YER141W,1,0.000,0.707,0.500
332,27,YDR305C,0,0.000,0.000,0.000
333,27,YPL172C,1,0.000,0.707,0.500
334,28,YFL036W,2,0.000,0.577,1.000
335,28,YLR067C,2,0.000,0.577,1.000
336,28,YDL044C,2,0.000,0.577,1.000
337,29,YIL157C,4,0.000,0.426,0.500
338,29,YBR037C,0,0.000,0.000,0.000
339,29,YBR024W,1,0.000,0.113,0.125
340,29,YGR021W,1,0.000,0.108,0.125
341,29,YPL189C-A,1,0.000,0.113,0.125
342,29,YJL062W-A,4,0.000,0.426,0.500
343,29,YML129C,4,0.000,0.426,0.500
344,30,YNR020C,0,0.000,0.000,0.000
345,30,Q0080,14,0.000,0.166,0.467
346,30,YCL005W-A,7,0.000,0.068,0.233
347,30,YDR322C-A,10,0.000,0.113,0.333
348,30,YNL315C,2,0.000,0.026,0.067
349,30,YOR161C,0,0.000,0.000,0.000
350,30,Q0160,1,0.000,0.010,0.033
351,30,YHR132C,0,0.000,0.000,0.000
352,30,YLR294C,1,0.000,0.009,0.033
353,31,Q0110,0,0.000,1.000,1.000
354,32,Q0115,1,0.000,0.707,1.000
355,32,Q0075,1,0.000,0.707,1.000
356,33,YKL137W,1,0.000,0.018,0.059
357,33,YKL084W,1,0.000,0.025,0.059
358,33,YMR038C,7,0.000,0.168,0.412
359,33,YDR185C,0,0.000,0.000,0.000
360,33,YJR034W,4,0.000,0.099,0.235
361,34,YDR197W,0,0.000,1.000,1.000
362,35,YPL215W,0,0.000,1.000,1.000
363,36,YOR266W,1,0.000,0.707,1.000
364,36,YGR062C,1,0.000,0.707,1.000
365,37,YDR231C,0,0.000,1.000,1.000
366,38,YDR296W,0,0.000,1.000,1.000
367,39,YDR035W,5,0.000,0.133,0.227
368,39,YFR025C,2,0.000,0.053,0.091
369,39,YMR289W,2,0.000,0.064,0.091
370,39,YHR063C,0,0.000,0.000,0.000
371,39,YBR235W,1,0.000,0.048,0.045
372,39,YBR249C,5,0.000,0.133,0.227
373,40,YCR020W-B,16,0.000,0.205,0.615
374,40,YDR073W,10,0.000,0.096,0.385
375,40,YML127W,16,0.000,0.205,0.615
376,40,YFL049W,10,0.000,0.096,0.385
377,40,YMR091C,16,0.000,0.205,0.615
378,40,YBL006C,16,0.000,0.205,0.615
379,40,YBR089C-A,1,0.000,0.015,0.038
380,40,YPR052C,2,0.000,0.030,0.077
381,40,YLR033W,16,0.000,0.205,0.615
382,40,YPL016W,10,0.000,0.096,0.385
383,40,YKR008W,16,0.000,0.205,0.615
384,40,YHL025W,10,0.000,0.096,0.385
385,40,YDR303C,16,0.000,0.205,0.615
386,40,YHR056C,16,0.000,0.205,0.615
387,41,YCR053W,0,0.000,1.000,1.000
388,42,YLR273C,4,0.000,0.018,0.105
389,42,YKL159C,3,0.000,0.004,0.079
390,42,YPL179W,0,0.000,0.000,0.000
391,42,YIL045W,4,0.000,0.018,0.105
392,42,YDR099W,3,0.000,0.016,0.079
393,42,YBR050C,4,0.000,0.018,0.105
394,42,YMR206W,0,0.000,0.000,0.000
395,42,YMR311C,2,0.000,0.015,0.053
396,42,YBL046W,3,0.000,0.017,0.079
397,42,YGR156W,16,0.000,0.221,0.421
398,42,YBL051C,0,0.000,0.000,0.000
399,43,YPL138C,6,0.000,0.378,0.857
400,43,YLR015W,6,0.000,0.378,0.857
401,43,YDR469W,6,0.000,0.378,0.857
402,43,YBR175W,6,0.000,0.378,0.857
403,43,YAR003W,6,0.000,0.378,0.857
404,43,YPL165C,0,0.000,0.000,0.000
405,43,YHR119W,6,0.000,0.378,0.857
406,43,YBR258C,6,0.000,0.378,0.857
407,44,YLR323C,35,0.000,0.080,0.361
408,44,YKL183W,1,0.000,0.003,0.010
409,44,YFR005C,9,0.000,0.021,0.093
410,44,YHR156C,16,0.000,0.040,0.165
411,44,YGR075C,27,0.000,0.061,0.278
412,44,YOR148C,4,0.000,0.008,0.041
413,44,YNL286W,17,0.000,0.040,0.175
414,44,YGL064C,3,0.000,0.007,0.031
415,44,YGL128C,16,0.000,0.036,0.165
416,44,YPL064C,38,0.000,0.093,0.392
417,44,YMR268C,14,0.000,0.027,0.144
418,44,YKL149C,2,0.000,0.002,0.021
419,44,YPR169W,0,0.000,0.000,0.000
420,44,YNL245C,37,0.000,0.086,0.381
421,44,YPR152C,4,0.000,0.006,0.041
422,44,YNL187W,2,0.000,0.003,0.021
423,44,YPR057W,3,0.000,0.007,0.031
424,44,YDL098C,37,0.000,0.086,0.381
425,44,YDR240C,31,0.000,0.072,0.320
426,44,YKR022C,13,0.000,0.027,0.134
427,44,YBL074C,16,0.000,0.040,0.165
428,44,YDR235W,32,0.000,0.074,0.330
429,44,YIL041W,1,0.000,0.002,0.010
430,44,YBR152W,35,0.000,0.081,0.361
431,44,YBR188C,15,0.000,0.031,0.155
432,45,YGR208W,1,0.000,0.707,1.000
433,45,YOR184W,1,0.000,0.707,1.000
434,46,YNR004W,0,0.000,0.000,0.000
435,46,YPL178W,1,0.000,0.707,0.500
436,46,YMR125W,1,0.000,0.707,0.500
437,47,YOL063C,2,0.000,0.015,0.031
438,47,YDR014W-A,1,0.000,0.011,0.015
439,47,YDR499W,7,0.000,0.049,0.108
440,47,YAL019W,3,0.000,0.021,0.046
441,47,YDR363W,3,0.000,0.028,0.046
442,47,YDL156W,1,0.000,0.008,0.015
443,47,YDR263C,5,0.000,0.039,0.077
444,47,YDR369C,2,0.000,0.010,0.031
445,47,YLR035C,4,0.000,0.020,0.062
446,47,YER142C,1,0.000,0.006,0.015
447,47,YNL218W,3,0.000,0.020,0.046
448,47,YAL027W,3,0.000,0.018,0.046
449,47,YLR247C,1,0.000,0.004,0.015
450,47,YHR134W,0,0.000,0.000,0.000
451,47,YOR258W,0,0.000,0.000,0.000
452,47,YOR191W,4,0.000,0.032,0.062
453,47,YBR073W,12,0.000,0.102,0.185
454,48,YIR001C,0,0.000,0.707,0.000
455,48,YMR061W,0,0.000,0.707,0.000
456,49,YOR048C,1,0.000,0.707,0.500
457,49,YKR063C,0,0.000,0.000,0.000
458,49,YGL246C,1,0.000,0.707,0.500
459,50,YOR348C,1,0.000,0.073,0.125
460,50,YDR300C,5,0.000,0.364,0.625
461,50,YHR033W,3,0.000,0.224,0.375
462,50,YER023W,5,0.000,0.364,0.625
463,50,YKL015W,2,0.000,0.151,0.250
464,51,YDL212W,0,0.000,0.000,0.000
465,51,YKR021W,3,0.000,0.252,0.150
466,51,YML111W,2,0.000,0.174,0.100
467,51,YGR055W,1,0.000,0.085,0.050
468,51,YMR171C,1,0.000,0.116,0.050
469,51,YPR030W,1,0.000,0.116,0.050
470,51,YPL176C,1,0.000,0.116,0.050
471,51,YBL101C,2,0.000,0.201,0.100
472,51,YMR275C,3,0.000,0.259,0.150
473,51,YBR021W,1,0.000,0.116,0.050
474,51,YDR525W-A,0,0.000,0.000,0.000
475,51,YGR068C,1,0.000,0.116,0.050
476,51,YOR138C,1,0.000,0.116,0.050
477,51,YFR022W,2,0.000,0.201,0.100
478,51,YLR392C,1,0.000,0.116,0.050
479,51,YOR018W,3,0.000,0.252,0.150
480,51,YDL122W,0,0.000,0.000,0.000
481,51,YNR051C,0,0.000,0.000,0.000
482,52,YDR457W,0,0.000,0.000,0.000
483,52,YDL074C,1,0.000,0.707,0.250
484,52,YGL058W,1,0.000,0.707,0.250
485,52,YDL020C,0,0.000,0.000,0.000
486,52,YGL017W,0,0.000,0.000,0.000
487,53,YER151C,0,0.000,1.000,1.000
488,54,YGL226C-A,9,0.000,0.153,0.205
489,54,YFR041C,2,0.000,0.038,0.045
490,54,YLR104W,0,0.000,0.000,0.000
491,54,YBR219C,1,0.000,0.021,0.023
492,54,YOL031C,2,0.000,0.035,0.045
493,54,YDR438W,0,0.000,0.000,0.000
494,54,YFL031W,3,0.000,0.040,0.068
495,54,YMR149W,9,0.000,0.153,0.205
496,54,YLR292C,7,0.000,0.118,0.159
497,54,YDL229W,0,0.000,0.000,0.000
498,54,YBR287W,0,0.000,0.000,0.000
499,54,YPR037C,1,0.000,0.007,0.023
500,54,YBR220C,1,0.000,0.021,0.023
501,54,YBR171W,7,0.000,0.118,0.159
502,55,YMR198W,0,0.000,0.000,0.000
503,55,YML085C,6,0.000,0.314,0.600
504,55,YPL253C,0,0.000,0.000,0.000
505,56,YLR243W,0,0.000,0.707,0.000
506,56,YOR262W,0,0.000,0.707,0.000
507,57,YBR265W,8,0.000,0.284,0.571
508,57,YMR272C,4,0.000,0.128,0.286
509,57,YMR298W,4,0.000,0.128,0.286
510,57,YDR294C,4,0.000,0.137,0.286
511,57,YDR541C,0,0.000,0.000,0.000
512,58,YDL114W,0,0.000,1.000,1.000
513,59,YDR372C,1,0.000,0.061,0.056
514,59,YBR058C-A,5,0.000,0.137,0.278
515,59,YDL019C,0,0.000,0.000,0.000
516,59,YDR062W,5,0.000,0.137,0.278
517,59,YMR296C,5,0.000,0.137,0.278
518,59,YMR124W,0,0.000,0.000,0.000
519,59,YJR110W,6,0.000,0.287,0.333
520,59,YNL128W,6,0.000,0.287,0.333
521,59,YLR350W,5,0.000,0.137,0.278
522,59,YHR073W,2,0.000,0.077,0.111
523,59,YGR038W,5,0.000,0.137,0.278
524,59,YKL051W,0,0.000,0.000,0.000
525,60,YBR283C,0,0.000,1.000,1.000
526,61,YIR037W,1,0.000,0.707,0.500
527,61,YML007W,1,0.000,0.707,0.500
528,61,YML116W,0,0.000,0.000,0.000
529,62,YEL052W,1,0.000,0.001,0.012
530,62,YPL096W,3,0.000,0.006,0.035
531,62,YJL139C,2,0.000,0.000,0.023
532,62,YER100W,2,0.000,0.000,0.023
533,62,YLR021W,4,0.000,0.006,0.047
534,62,YEL012W,0,0.000,0.000,0.000
535,62,YJR036C,1,0.000,0.005,0.012
536,62,YJL048C,2,0.000,0.003,0.023
537,62,YLR137W,1,0.000,0.003,0.012
538,62,YER144C,0,0.000,0.000,0.000
539,62,YBL057C,0,0.000,0.000,0.000
540,62,YAL042W,0,0.000,0.000,0.000
541,62,YNL155W,1,0.000,0.003,0.012
542,62,YDR411C,6,0.000,0.004,0.070
543,62,YMR264W,9,0.000,0.005,0.105
544,62,YDL110C,1,0.000,0.003,0.012
545,62,YDR143C,0,0.000,0.000,0.000
546,62,YBR295W,12,0.000,0.051,0.140
547,62,YML074C,2,0.000,0.003,0.023
548,62,YIL029C,0,0.000,0.000,0.000
549,62,YKR084C,1,0.000,0.000,0.012
550,62,YKL090W,0,0.000,0.000,0.000
551,62,YDR363W-A,34,0.000,0.147,0.395
552,63,YLR024C,0,0.000,1.000,1.000
553,64,YJL197W,0,0.000,0.000,0.000
554,64,YMR103C,0,0.000,0.000,0.000
555,64,YBR270C,8,0.000,0.287,0.571
556,64,YML078W,0,0.000,0.000,0.000
557,64,YNL047C,0,0.000,0.000,0.000
558,64,YPL180W,8,0.000,0.287,0.571
559,64,YBR028C,3,0.000,0.110,0.214
560,65,YBL105C,0,0.000,0.577,0.000
561,65,YGR229C,0,0.000,0.577,0.000
562,65,YER155C,0,0.000,0.577,0.000
563,66,YNL270C,2,0.000,0.577,1.000
564,66,YCR021C,2,0.000,0.577,1.000
565,66,YCR027C,2,0.000,0.577,1.000
566,67,YDL047W,0,0.000,1.000,1.000
567,68,YGL073W,0,0.000,0.500,0.000
568,68,YGR249W,0,0.000,0.500,0.000
569,68,YJR147W,0,0.000,0.500,0.000
570,68,YHR206W,0,0.000,0.500,0.000
571,69,YLL029W,0,0.000,0.000,0.000
572,69,YOR152C,2,0.000,0.034,0.071
573,69,YIL098C,0,0.000,0.000,0.000
574,69,YLR189C,0,0.000,0.000,0.000
575,69,YLR356W,2,0.000,0.032,0.071
576,69,YCR032W,1,0.000,0.028,0.036
577,69,YKR051W,1,0.000,0.028,0.036
578,69,YCR068W,3,0.000,0.085,0.107
579,70,YGL023C,2,0.000,0.307,0.500
580,70,YBR077C,3,0.000,0.439,0.750
581,70,YCR075W-A,3,0.000,0.439,0.750
582,71,YKL126W,0,0.000,0.707,0.000
583,71,YHR205W,0,0.000,0.707,0.000
584,72,YIL105C,0,0.000,1.000,1.000
585,73,YCL037C,3,0.000,0.329,0.500
586,73,YOR204W,3,0.000,0.329,0.500
587,73,YMR012W,0,0.000,0.000,0.000
588,74,YMR104C,0,0.000,1.000,1.000
589,75,YGL090W,5,0.000,0.357,0.714
590,75,YIL009C-A,1,0.000,0.055,0.143
591,75,YLR265C,5,0.000,0.357,0.714
592,76,YNL135C,0,0.000,1.000,1.000
593,77,YIL036W,0,0.000,0.000,0.000
594,77,YDR536W,2,0.000,0.037,0.050
595,77,YDR043C,0,0.000,0.000,0.000
596,77,YBR182C,2,0.000,0.040,0.050
597,77,YER089C,2,0.000,0.061,0.050
598,77,YDL230W,1,0.000,0.033,0.025
599,77,YDL073W,0,0.000,0.000,0.000
600,77,YLR176C,0,0.000,0.000,0.000
601,77,YDR034C,0,0.000,0.000,0.000
602,77,YPR115W,1,0.000,0.005,0.025
603,77,YLR248W,1,0.000,0.033,0.025
604,77,YDR480W,4,0.000,0.108,0.100
605,77,YOR255W,0,0.000,0.000,0.000
606,77,YGR097W,2,0.000,0.037,0.050
607,77,YBR083W,4,0.000,0.108,0.100
608,78,YJR155W,3,0.000,0.294,0.429
609,78,YJR154W,3,0.000,0.294,0.429
610,78,YGR065C,3,0.000,0.313,0.429
611,78,YDL141W,1,0.000,0.077,0.143
612,79,YDR047W,6,0.000,0.376,0.750
613,79,YDL205C,6,0.000,0.376,0.750
614,79,YDR232W,6,0.000,0.376,0.750
615,79,YOR278W,6,0.000,0.376,0.750
616,79,YLR205C,1,0.000,0.064,0.125
617,79,YDL119C,0,0.000,0.000,0.000
618,79,YGL040C,6,0.000,0.376,0.750
619,79,YOR176W,6,0.000,0.376,0.750
620,80,YPR048W,6,0.000,0.335,0.750
621,80,YKR071C,6,0.000,0.335,0.750
622,80,YNL260C,0,0.000,0.000,0.000
623,80,YDR267C,5,0.000,0.284,0.625
624,81,YOR295W,6,0.000,0.348,0.857
625,81,YBL025W,6,0.000,0.348,0.857
626,81,YKL125W,4,0.000,0.239,0.571
627,81,YMR270C,6,0.000,0.348,0.857
628,82,YFL021W,0,0.000,0.577,0.000
629,82,YDL106C,0,0.000,0.577,0.000
630,82,YEL009C,0,0.000,0.577,0.000
631,83,YLR271W,0,0.000,0.000,0.000
632,83,YJR074W,3,0.000,0.060,0.150
633,83,YDR395W,7,0.001,0.158,0.350
634,83,YOR112W,1,0.000,0.027,0.050
635,83,YGL097W,6,0.001,0.120,0.300
636,83,YMR235C,7,0.002,0.138,0.350
637,84,YPL248C,4,0.000,0.294,0.667
638,84,YBR018C,5,0.000,0.359,0.833
639,84,YLR081W,5,0.000,0.359,0.833
640,85,YBL091C,1,0.000,0.707,1.000
641,85,YLR244C,1,0.000,0.707,1.000
642,86,YOL076W,5,0.000,0.315,0.417
643,86,YHR112C,0,0.000,0.000,0.000
644,86,YNR029C,0,0.000,0.000,0.000
645,86,YJL004C,1,0.000,0.032,0.083
646,86,YMR069W,2,0.000,0.126,0.167
647,86,YMR185W,0,0.000,0.000,0.000
648,87,YAL036C,2,0.000,0.286,0.286
649,87,YFR009W,1,0.000,0.131,0.143
650,87,YKL134C,0,0.000,0.000,0.000
651,87,YCR059C,2,0.000,0.300,0.286
652,88,YPR036W,7,0.000,0.339,0.700
653,88,YKL080W,7,0.000,0.339,0.700
654,88,YKL119C,2,0.000,0.060,0.200
655,88,YPL234C,7,0.000,0.339,0.700
656,88,YEL027W,7,0.000,0.339,0.700
657,88,YHR026W,7,0.000,0.339,0.700
658,88,YGR105W,3,0.000,0.151,0.300
659,88,YHR060W,2,0.000,0.060,0.200
660,89,YJL180C,0,0.000,0.707,0.000
661,89,YLR393W,0,0.000,0.707,0.000
662,90,YER154W,1,0.000,0.707,1.000
663,90,YOL027C,1,0.000,0.707,1.000
664,91,YMR220W,10,0.001,0.126,0.385
665,91,YLR450W,11,0.001,0.142,0.423
666,91,YER044C,13,0.000,0.170,0.500
667,91,YNL111C,2,0.000,0.025,0.077
668,91,YPL170W,1,0.000,0.014,0.038
669,91,YDR213W,3,0.000,0.036,0.115
670,91,YPL069C,8,0.000,0.101,0.308
671,92,YPR122W,4,0.000,0.245,0.364
672,92,YJL031C,2,0.006,0.099,0.182
673,92,YIL049W,3,0.000,0.144,0.273
674,93,YOL008W,3,0.000,0.108,0.231
675,93,YPL109C,1,0.000,0.037,0.077
676,93,YDR539W,0,0.000,0.000,0.000
677,93,YHR176W,1,0.000,0.037,0.077
678,93,YLR290C,7,0.000,0.258,0.538
679,94,YDL013W,5,0.000,0.169,0.312
680,94,YPR180W,8,0.000,0.276,0.500
681,94,YMR219W,1,0.000,0.033,0.062
682,94,YML023C,5,0.000,0.111,0.312
683,94,YER038C,5,0.000,0.111,0.312
684,94,YDR390C,8,0.000,0.276,0.500
685,94,YLL035W,1,0.000,0.033,0.062
686,95,YJR138W,7,0.000,0.016,0.125
687,95,YOL032W,13,0.000,0.098,0.232
688,95,YHL023C,7,0.000,0.016,0.125
689,95,YKL176C,2,0.000,0.006,0.036
690,95,YFR040W,0,0.000,0.000,0.000
691,95,YIR011C,0,0.000,0.000,0.000
692,95,YOR022C,0,0.000,0.000,0.000
693,95,YMR255W,3,0.000,0.014,0.054
694,95,YHR035W,2,0.000,0.006,0.036
695,95,YKR028W,0,0.000,0.000,0.000
696,95,YOL138C,7,0.000,0.016,0.125
697,95,YDR458C,0,0.000,0.000,0.000
698,95,YJL098W,0,0.000,0.000,0.000
699,95,YIL063C,3,0.000,0.018,0.054
700,95,YCR067C,3,0.000,0.006,0.054
701,95,YNR026C,3,0.000,0.006,0.054
702,95,YGL229C,0,0.000,0.000,0.000
703,96,YBR082C,0,0.000,1.000,1.000
704,97,YIL131C,2,0.000,0.351,0.400
705,97,YCR065W,2,0.000,0.351,0.400
706,97,YMR042W,0,0.000,0.000,0.000
707,98,YPR007C,3,0.000,0.109,0.273
708,98,YOL034W,8,0.000,0.282,0.727
709,98,YLR383W,8,0.000,0.282,0.727
710,98,YER147C,6,0.000,0.216,0.545
711,98,YDR014W,6,0.000,0.217,0.545
712,99,YJL141C,0,0.000,1.000,1.000
713,100,YDR155C,5,0.000,0.054,0.185
714,100,YIL112W,5,0.000,0.054,0.185
715,100,YLR183C,9,0.001,0.123,0.333
716,100,YPR068C,4,0.000,0.043,0.148
717,100,YGL131C,1,0.000,0.015,0.037
718,100,YMR053C,4,0.000,0.050,0.148
719,100,YDR169C,2,0.000,0.020,0.074
720,101,YKL210W,0,0.000,0.707,0.000
721,101,YGL087C,0,0.000,0.707,0.000
722,102,YPL164C,6,0.003,0.233,0.316
723,102,YLR263W,3,0.002,0.067,0.158
724,102,YHR014W,1,0.000,0.051,0.053
725,102,YNL250W,2,0.000,0.059,0.105
726,102,YGL175C,2,0.000,0.059,0.105
727,103,YJL173C,7,0.000,0.029,0.117
728,103,YOR060C,23,0.000,0.098,0.383
729,103,YJR046W,14,0.000,0.066,0.233
730,103,YPL008W,7,0.000,0.021,0.117
731,103,YDR325W,18,0.001,0.074,0.300
732,103,YHR118C,20,0.000,0.087,0.333
733,103,YKL108W,23,0.000,0.098,0.383
734,103,YNL088W,14,0.001,0.054,0.233
735,103,YOR217W,12,0.000,0.046,0.200
736,103,YBL097W,13,0.000,0.051,0.217
737,103,YML058W-A,0,0.000,0.000,0.000
738,103,YIL139C,9,0.000,0.038,0.150
739,103,YBR252W,15,0.000,0.069,0.250
740,103,YGL113W,17,0.000,0.077,0.283
741,103,YLR272C,13,0.000,0.052,0.217
742,103,YHR191C,6,0.000,0.019,0.100
743,104,YLR215C,0,0.000,0.707,0.000
744,104,YDR092W,0,0.000,0.707,0.000
745,105,YDR314C,0,0.000,1.000,1.000
746,106,YDR295C,2,0.000,0.577,1.000
747,106,YPR179C,2,0.000,0.577,1.000
748,106,YNL021W,2,0.000,0.577,1.000
749,107,YCR077C,2,0.000,0.290,0.400
750,107,YDL053C,2,0.000,0.330,0.400
751,107,YJL124C,2,0.000,0.290,0.400
752,108,YOR285W,0,0.000,0.000,0.000
753,108,YDR111C,6,0.001,0.316,0.462
754,108,YER052C,4,0.000,0.166,0.308
755,108,YDR321W,3,0.001,0.157,0.231
756,108,YOR375C,6,0.001,0.316,0.462
757,108,YOR388C,0,0.000,0.000,0.000
758,108,YDL215C,6,0.001,0.316,0.462
759,108,YLR089C,6,0.001,0.316,0.462
760,108,YAL062W,6,0.001,0.316,0.462
761,109,YOR283W,9,0.005,0.130,0.474
762,109,YJL052W,13,0.001,0.217,0.684
763,109,YGR192C,13,0.001,0.217,0.684
764,109,YOL086C,11,0.000,0.187,0.579
765,109,YJR009C,13,0.001,0.217,0.684
766,110,YGL196W,0,0.000,0.000,0.000
767,110,YEL046C,1,0.000,0.707,0.333
768,110,YPR002W,0,0.000,0.000,0.000
769,110,YFL030W,1,0.000,0.707,0.333
770,111,YJL071W,5,0.000,0.338,0.625
771,111,YOL140W,5,0.000,0.338,0.625
772,111,YPL111W,4,0.000,0.279,0.500
773,111,YOR130C,3,0.000,0.213,0.375
774,111,YER175C,0,0.000,0.000,0.000
775,112,YPL262W,1,0.000,0.707,1.000
776,112,YDL078C,1,0.000,0.707,1.000
777,113,YMR300C,0,0.000,1.000,1.000
778,114,YGL237C,3,0.000,0.500,1.000
779,114,YOR358W,3,0.000,0.500,1.000
780,114,YKL109W,3,0.000,0.500,1.000
781,114,YBL021C,3,0.000,0.500,1.000
782,115,YMR292W,0,0.000,0.577,0.000
783,115,YIR028W,0,0.000,0.577,0.000
784,115,YBR208C,0,0.000,0.577,0.000
785,116,YER176W,0,0.000,0.000,0.000
786,116,YGL173C,2,0.000,0.577,0.667
787,116,YNL118C,2,0.000,0.577,0.667
788,116,YMR080C,2,0.000,0.577,0.667
789,117,YCL007C,1,0.000,0.053,0.083
790,117,YNL277W,6,0.000,0.320,0.500
791,117,YOL064C,3,0.000,0.164,0.250
792,117,YCL050C,2,0.000,0.063,0.167
793,117,YGL254W,0,0.000,0.000,0.000
794,117,YBR213W,5,0.000,0.266,0.417
795,117,YDR530C,2,0.000,0.063,0.167
796,118,YPL038W,3,0.000,0.394,0.750
797,118,YDR253C,3,0.000,0.394,0.750
798,119,YLL061W,0,0.000,0.000,0.000
799,119,YNL275W,1,0.000,0.032,0.062
800,119,YDR502C,3,0.000,0.075,0.188
801,119,YFR055W,8,0.002,0.241,0.500
802,119,YGR012W,8,0.002,0.240,0.500
803,119,YHR025W,4,0.000,0.113,0.250
804,120,YLR092W,0,0.000,1.000,1.000
805,121,YIL099W,0,0.000,0.000,0.000
806,121,YIL162W,1,0.000,0.707,0.333
807,121,YGR289C,0,0.000,0.000,0.000
808,121,YLR300W,1,0.000,0.707,0.333
809,122,YOL157C,0,0.000,0.000,0.000
810,122,YIL172C,0,0.000,0.000,0.000
811,122,YBR297W,3,0.000,0.439,0.375
812,122,YJL216C,0,0.000,0.000,0.000
813,122,YGR287C,0,0.000,0.000,0.000
814,122,YBR298C,3,0.000,0.439,0.375
815,122,YGR288W,2,0.000,0.307,0.250
816,123,YDR343C,2,0.000,0.134,0.222
817,123,YDR261C,0,0.000,0.000,0.000
818,123,YDR516C,3,0.000,0.293,0.333
819,123,YGL253W,4,0.000,0.376,0.444
820,123,YDR342C,2,0.000,0.134,0.222
821,123,YLR446W,4,0.000,0.376,0.444
822,123,YNR073C,0,0.000,0.000,0.000
823,124,YBR054W,0,0.000,0.000,0.000
824,124,YMR170C,1,0.000,0.015,0.014
825,124,YCR073W-A,0,0.000,0.000,0.000
826,124,YLR179C,0,0.000,0.000,0.000
827,124,YHR138C,1,0.000,0.014,0.014
828,124,YNL015W,0,0.000,0.000,0.000
829,124,YDL130W-A,2,0.000,0.024,0.029
830,124,YMR196W,8,0.000,0.105,0.114
831,124,YPL247C,0,0.000,0.000,0.000
832,124,YPL061W,1,0.000,0.015,0.014
833,124,YAL060W,0,0.000,0.000,0.000
834,124,YOR374W,3,0.000,0.044,0.043
835,124,YER073W,1,0.000,0.015,0.014
836,124,YMR278W,3,0.000,0.022,0.043
837,124,YBR214W,4,0.000,0.043,0.057
838,124,YBR230C,1,0.000,0.009,0.014
839,124,YPR026W,5,0.000,0.032,0.071
840,124,YNR034W,0,0.000,0.000,0.000
841,124,YPL186C,8,0.000,0.101,0.114
842,124,YOR238W,0,0.000,0.000,0.000
843,124,YNR034W-A,0,0.000,0.000,0.000
844,124,YMR090W,7,0.000,0.087,0.100
845,124,YMR251W-A,2,0.000,0.016,0.029
846,124,YLL023C,0,0.000,0.000,0.000
847,124,YPL103C,0,0.000,0.000,0.000
848,124,YIL165C,0,0.000,0.000,0.000
849,124,YKL150W,2,0.000,0.021,0.029
850,125,YGR044C,0,0.000,0.577,0.000
851,125,YOR279C,0,0.000,0.577,0.000
852,125,YJL106W,0,0.000,0.577,0.000
853,126,YAL017W,1,0.000,0.074,0.091
854,126,YGR032W,3,0.000,0.175,0.273
855,126,YJL137C,5,0.000,0.326,0.455
856,126,YKR058W,4,0.000,0.271,0.364
857,126,YOL045W,1,0.000,0.074,0.091
858,126,YPR160W,5,0.000,0.326,0.455
859,126,YLR177W,1,0.000,0.064,0.091
860,126,YMR306W,3,0.000,0.175,0.273
861,127,YBR241C,1,0.000,0.025,0.045
862,127,YPR032W,8,0.000,0.199,0.364
863,127,YBR264C,0,0.000,0.000,0.000
864,127,YBR291C,0,0.000,0.000,0.000
865,127,YJR141W,0,0.000,0.000,0.000
866,127,YJL204C,6,0.000,0.148,0.273
867,127,YBL106C,1,0.000,0.025,0.045
868,127,YGL104C,1,0.000,0.025,0.045
869,127,YGR037C,0,0.000,0.000,0.000
870,127,YPR017C,2,0.000,0.045,0.091
871,127,YBR085W,1,0.000,0.025,0.045
872,128,YBR229C,2,0.000,0.300,0.286
873,128,YGR227W,2,0.000,0.300,0.286
874,128,YLR057W,0,0.000,0.000,0.000
875,128,YHR101C,0,0.000,0.000,0.000
876,129,YIL109C,2,0.000,0.577,1.000
877,129,YHR098C,2,0.000,0.577,1.000
878,129,YNL049C,2,0.000,0.577,1.000
879,130,YLR309C,0,0.000,0.000,0.000
880,130,YOR299W,0,0.000,0.000,0.000
881,130,YPR095C,1,0.000,0.027,0.040
882,130,YFR051C,7,0.000,0.222,0.280
883,130,YIL076W,7,0.000,0.222,0.280
884,130,YLR195C,2,0.000,0.065,0.080
885,130,YDR524C,1,0.000,0.038,0.040
886,130,YPR079W,0,0.000,0.000,0.000
887,130,YIL044C,3,0.000,0.077,0.120
888,130,YKR030W,0,0.000,0.000,0.000
889,130,YDL226C,4,0.000,0.119,0.160
890,130,YDR373W,1,0.000,0.038,0.040
891,130,YBL060W,0,0.000,0.000,0.000
892,130,YGL181W,0,0.000,0.000,0.000
893,131,YEL048C,10,0.000,0.240,0.455
894,131,YDL234C,1,0.000,0.002,0.045
895,131,YER074W-A,0,0.000,0.000,0.000
896,131,YDL099W,0,0.000,0.000,0.000
897,131,YPR176C,1,0.000,0.023,0.045
898,131,YNL044W,1,0.000,0.023,0.045
899,131,YLR080W,0,0.000,0.000,0.000
900,131,YDL058W,4,0.000,0.092,0.182
901,132,YKR061W,0,0.000,0.000,0.000
902,132,YBR199W,0,0.000,0.000,0.000
903,132,YBL020W,1,0.000,0.034,0.056
904,132,YGR036C,4,0.000,0.103,0.222
905,132,YMR013C,4,0.000,0.103,0.222
906,132,YIL085C,0,0.000,0.000,0.000
907,132,YNL029C,0,0.000,0.000,0.000
908,133,YER184C,1,0.000,0.040,0.062
909,133,YLR254C,0,0.000,0.000,0.000
910,133,YMR299C,2,0.000,0.042,0.125
911,133,YPR083W,0,0.000,0.000,0.000
912,133,YBL034C,4,0.000,0.150,0.250
913,134,YGR109C,6,0.000,0.083,0.105
914,134,YBR156C,1,0.000,0.010,0.018
915,134,YPL267W,1,0.000,0.015,0.018
916,134,YDR113C,6,0.000,0.092,0.105
917,134,YNR009W,2,0.000,0.010,0.035
918,134,YHR184W,0,0.000,0.000,0.000
919,134,YER167W,3,0.000,0.018,0.053
920,134,YGL134W,7,0.000,0.038,0.123
921,134,YGL086W,6,0.000,0.072,0.105
922,134,YBR133C,2,0.000,0.023,0.035
923,134,YKR077W,0,0.000,0.000,0.000
924,134,YOR372C,6,0.000,0.061,0.105
925,134,YOL128C,1,0.000,0.006,0.018
926,134,YIL113W,0,0.000,0.000,0.000
927,134,YJR059W,1,0.000,0.011,0.018
928,135,YDR121W,1,0.000,0.707,0.500
929,135,YOL017W,0,0.000,0.000,0.000
930,135,YJL065C,1,0.000,0.707,0.500
931,136,YJL026W,4,0.000,0.447,0.800
932,136,YER070W,4,0.000,0.447,0.800
933,136,YIL066C,4,0.000,0.447,0.800
934,136,YLR437C,0,0.000,0.000,0.000
935,136,YJR057W,4,0.000,0.447,0.800
936,136,YGR180C,4,0.000,0.447,0.800
937,137,YPR111W,5,0.000,0.185,0.294
938,137,YKR010C,3,0.000,0.068,0.176
939,137,YOR373W,5,0.000,0.177,0.294
940,137,YOR233W,5,0.000,0.174,0.294
941,137,YOR195W,3,0.000,0.096,0.176
942,137,YKR101W,2,0.000,0.058,0.118
943,137,YAR014C,0,0.000,0.000,0.000
944,138,YKL138C-A,10,0.000,0.094,0.294
945,138,YDR374W-A,4,0.000,0.052,0.118
946,138,YGL061C,11,0.000,0.114,0.324
947,138,YBR233W-A,11,0.000,0.114,0.324
948,138,YDR383C,12,0.000,0.198,0.353
949,138,YKR037C,11,0.000,0.114,0.324
950,138,YDR532C,2,0.000,0.025,0.059
951,138,YDR320C-A,11,0.000,0.114,0.324
952,138,YKR083C,11,0.000,0.114,0.324
953,138,YKL089W,9,0.000,0.153,0.265
954,138,YLR315W,12,0.000,0.198,0.353
955,138,YHR199C-A,0,0.000,0.000,0.000
956,139,YMR189W,7,0.001,0.208,0.438
957,139,YJL046W,1,0.000,0.023,0.062
958,139,YPL113C,0,0.000,0.000,0.000
959,139,YBL013W,6,0.001,0.178,0.375
960,139,YOR074C,8,0.001,0.246,0.500
961,139,YOR280C,0,0.000,0.000,0.000
962,140,YDL042C,1,0.000,0.707,0.500
963,140,YLR442C,1,0.000,0.707,0.500
964,140,YDR191W,0,0.000,0.000,0.000
965,141,YMR318C,4,0.006,0.236,0.400
966,141,YCR105W,4,0.006,0.236,0.400
967,141,YML070W,4,0.019,0.235,0.400
968,141,YFL053W,4,0.019,0.235,0.400
969,142,YGR244C,7,0.000,0.230,0.538
970,142,YDL066W,4,0.000,0.134,0.308
971,142,YNL009W,4,0.000,0.134,0.308
972,142,YPR006C,2,0.000,0.065,0.154
973,142,YOL126C,7,0.000,0.225,0.538
974,143,YOR187W,0,0.000,1.000,1.000
975,144,YFR049W,2,0.000,0.173,0.182
976,144,YPL017C,3,0.000,0.268,0.273
977,144,YLR239C,0,0.000,0.000,0.000
978,144,YKL029C,2,0.000,0.176,0.182
979,144,YIL042C,1,0.000,0.085,0.091
980,144,YHR076W,0,0.000,0.000,0.000
981,144,YNL036W,0,0.000,0.000,0.000
982,145,YJL102W,0,0.000,0.000,0.000
983,145,YKR087C,1,0.000,0.707,0.500
984,145,YGR101W,1,0.000,0.707,0.500
985,146,YMR241W,0,0.000,0.707,0.000
986,146,YJR077C,0,0.000,0.707,0.000
987,147,YLR072W,1,0.000,0.015,0.026
988,147,YLR348C,2,0.000,0.029,0.051
989,147,YNL310C,0,0.000,0.000,0.000
990,147,YLR099W-A,1,0.000,0.003,0.026
991,147,YHR194W,1,0.000,0.009,0.026
992,147,YPL098C,8,0.000,0.078,0.205
993,147,YNL055C,8,0.000,0.098,0.205
994,147,YBR044C,0,0.000,0.000,0.000
995,147,YGL219C,7,0.000,0.074,0.179
996,147,YOR297C,5,0.000,0.054,0.128
997,148,YCR024C,6,0.003,0.051,0.150
998,148,YFL022C,9,0.001,0.090,0.225
999,148,YNL247W,12,0.003,0.124,0.300
1000,148,YKL194C,5,0.000,0.059,0.125
1001,148,YPR081C,3,0.000,0.033,0.075
1002,148,YGL159W,0,0.000,0.000,0.000
1003,148,YCR011C,1,0.000,0.013,0.025
1004,148,YPL104W,6,0.002,0.037,0.150
1005,148,YGR024C,1,0.000,0.009,0.025
1006,148,YHR019C,15,0.003,0.156,0.375
1007,148,YOL023W,1,0.000,0.006,0.025
1008,149,YJR095W,3,0.000,0.065,0.176
1009,149,YNR016C,8,0.002,0.278,0.471
1010,149,YIR034C,3,0.000,0.063,0.176
1011,149,YEL041W,0,0.000,0.000,0.000
1012,149,YMR207C,7,0.000,0.249,0.412
1013,150,YMR228W,0,0.000,0.577,0.000
1014,150,YPL029W,0,0.000,0.577,0.000
1015,150,YOR330C,0,0.000,0.577,0.000
1016,151,YPR045C,0,0.000,0.000,0.000
1017,151,YML011C,0,0.000,0.000,0.000
1018,151,YOR257W,1,0.000,0.707,0.333
1019,151,YOL072W,1,0.000,0.707,0.333
1020,152,YNL004W,5,0.000,0.227,0.417
1021,152,YNL253W,6,0.000,0.261,0.500
1022,152,YML062C,6,0.000,0.261,0.500
1023,152,YKL186C,3,0.000,0.107,0.250
1024,152,YCL011C,5,0.000,0.227,0.417
1025,152,YKL214C,1,0.000,0.049,0.083
1026,153,YGR258C,5,0.000,0.408,1.000
1027,153,YHL006C,5,0.000,0.408,1.000
1028,153,YLR376C,5,0.000,0.408,1.000
1029,153,YIL132C,5,0.000,0.408,1.000
1030,153,YDR078C,5,0.000,0.408,1.000
1031,153,YER162C,5,0.000,0.408,1.000
1032,154,YLR212C,4,0.000,0.347,0.667
1033,154,YPL124W,2,0.000,0.170,0.333
1034,155,YJR084W,0,0.000,1.000,1.000
1035,156,YNL188W,2,0.000,0.351,0.500
1036,156,YGL075C,2,0.000,0.351,0.500
1037,157,YER046W,0,0.000,0.000,0.000
1038,157,YLL040C,1,0.000,0.707,0.333
1039,157,YOR228C,1,0.000,0.707,0.333
1040,157,YNL012W,0,0.000,0.000,0.000
1041,158,YKL192C,0,0.000,0.707,0.000
1042,158,YDR493W,0,0.000,0.707,0.000
1043,159,YAL039C,0,0.000,0.707,0.000
1044,159,YKL087C,0,0.000,0.707,0.000
1045,160,YDR478W,9,0.000,0.243,0.692
1046,160,YML091C,8,0.000,0.221,0.615
1047,160,YNL282W,10,0.001,0.268,0.769
1048,160,YLR145W,10,0.001,0.268,0.769
1049,160,YMR059W,5,0.000,0.127,0.385
1050,161,YNL259C,1,0.000,0.707,0.500
1051,161,YDR270W,1,0.000,0.707,0.500
1052,161,YOR356W,0,0.000,0.000,0.000
1053,162,YIL094C,0,0.000,0.577,0.000
1054,162,YBR115C,0,0.000,0.577,0.000
1055,162,YAR015W,0,0.000,0.577,0.000
1056,163,YOL071W,0,0.000,0.707,0.000
1057,163,YDR511W,0,0.000,0.707,0.000
1058,164,YMR246W,3,0.000,0.216,0.333
1059,164,YOR221C,3,0.000,0.218,0.333
1060,164,YOR317W,3,0.000,0.216,0.333
1061,164,YIL009W,2,0.000,0.175,0.222
1062,165,YOR100C,0,0.000,0.577,0.000
1063,165,YGL080W,0,0.000,0.577,0.000
1064,165,YLR327C,0,0.000,0.577,0.000
1065,166,YKR072C,5,0.000,0.354,0.625
1066,166,YPL148C,1,0.000,0.076,0.125
1067,166,YGL154C,1,0.000,0.076,0.125
1068,166,YDR531W,4,0.000,0.290,0.500
1069,166,YOR054C,5,0.000,0.354,0.625
1070,167,YIL134W,3,0.000,0.482,0.750
1071,167,YPR073C,1,0.000,0.170,0.250
1072,167,YDR236C,3,0.000,0.482,0.750
1073,167,YMR178W,3,0.000,0.482,0.750
1074,168,YMR150C,0,0.000,0.000,0.000
1075,168,YNR045W,1,0.000,0.707,0.500
1076,168,YGR222W,1,0.000,0.707,0.500
1077,169,YER153C,0,0.000,0.707,0.000
1078,169,YMR257C,0,0.000,0.707,0.000
1079,170,YGL143C,0,0.000,0.577,0.000
1080,170,YOR201C,0,0.000,0.577,0.000
1081,170,YHR168W,0,0.000,0.577,0.000
1082,171,YOL114C,0,0.000,1.000,1.000
1083,172,YDR358W,3,0.000,0.058,0.120
1084,172,YLL044W,0,0.000,0.000,0.000
1085,172,YJL207C,3,0.000,0.064,0.120
1086,172,YJL024C,6,0.002,0.115,0.240
1087,172,YIL002C,3,0.000,0.047,0.120
1088,172,YDR348C,0,0.000,0.000,0.000
1089,172,YCR030C,0,0.000,0.000,0.000
1090,173,YCR047C,0,0.000,1.000,1.000
1091,174,YBR143C,3,0.000,0.439,0.600
1092,174,YDR021W,2,0.000,0.307,0.400
1093,174,YKR017C,0,0.000,0.000,0.000
1094,174,YDR172W,3,0.000,0.439,0.600
1095,175,YGR218W,0,0.000,1.000,1.000
1096,176,YGL232W,1,0.000,0.067,0.100
1097,176,YGL243W,0,0.000,0.000,0.000
1098,176,YMR259C,1,0.000,0.053,0.100
1099,176,YNR015W,1,0.000,0.067,0.100
1100,176,YML080W,5,0.000,0.354,0.500
1101,177,YOR032C,0,0.000,0.000,0.000
1102,177,YPR129W,1,0.000,0.167,0.053
1103,177,YGL094C,2,0.000,0.229,0.105
1104,177,YOR198C,0,0.000,0.000,0.000
1105,177,YHL034C,1,0.000,0.167,0.053
1106,177,YKR059W,3,0.000,0.367,0.158
1107,177,YPR163C,3,0.000,0.367,0.158
1108,177,YOR286W,1,0.000,0.049,0.053
1109,177,YPL119C,0,0.000,0.000,0.000
1110,177,YKL025C,2,0.000,0.229,0.105
1111,177,YJL138C,3,0.000,0.367,0.158
1112,177,YDR515W,1,0.000,0.167,0.053
1113,177,YOR051C,0,0.000,0.000,0.000
1114,177,YNL085W,0,0.000,0.000,0.000
1115,177,YFR023W,0,0.000,0.000,0.000
1116,177,YHR015W,0,0.000,0.000,0.000
1117,177,YNL016W,0,0.000,0.000,0.000
1118,177,YGR250C,0,0.000,0.000,0.000
1119,178,YOL132W,0,0.000,0.408,0.000
1120,178,YLR343W,0,0.000,0.408,0.000
1121,178,YMR215W,0,0.000,0.408,0.000
1122,178,YMR307W,0,0.000,0.408,0.000
1123,178,YLR249W,0,0.000,0.408,0.000
1124,178,YOL030W,0,0.000,0.408,0.000
1125,179,YLL019C,0,0.000,0.707,0.000
1126,179,YDR432W,0,0.000,0.707,0.000
1127,180,YHR157W,4,0.000,0.440,0.800
1128,180,YER044C-A,4,0.000,0.440,0.800
1129,180,YLR329W,4,0.000,0.440,0.800
1130,180,YNL210W,1,0.000,0.114,0.200
1131,180,YMR133W,4,0.000,0.440,0.800
1132,181,YPL157W,0,0.000,1.000,1.000
1133,182,YLR116W,0,0.000,0.707,0.000
1134,182,YKL204W,0,0.000,0.707,0.000
1135,183,YGR102C,2,0.000,0.577,1.000
1136,183,YBL080C,2,0.000,0.577,1.000
1137,183,YMR293C,2,0.000,0.577,1.000
1138,184,YLR124W,0,0.000,0.000,0.000
1139,184,YLR283W,1,0.000,0.707,0.500
1140,184,YLR281C,1,0.000,0.707,0.500
1141,185,YIL114C,0,0.000,0.000,0.000
1142,185,YPL246C,0,0.000,0.000,0.000
1143,185,YBR227C,1,0.000,0.271,0.111
1144,185,YER017C,1,0.000,0.000,0.111
1145,185,YCL044C,2,0.000,0.473,0.222
1146,185,YMR302C,1,0.000,0.271,0.111
1147,185,YKR066C,0,0.000,0.000,0.000
1148,185,YMR115W,2,0.000,0.473,0.222
1149,185,YMR089C,1,0.000,0.000,0.111
1150,186,YJL208C,2,0.000,0.435,0.667
1151,186,YNL305C,2,0.000,0.435,0.667
1152,187,YKR079C,0,0.000,1.000,1.000
1153,188,YNR074C,0,0.000,0.707,0.000
1154,188,YGR016W,0,0.000,0.707,0.000
1155,189,YFR006W,0,0.000,1.000,1.000
1156,190,YDL210W,0,0.000,0.000,0.000
1157,190,YBR006W,1,0.000,0.707,0.333
1158,190,YIR023W,0,0.000,0.000,0.000
1159,190,YGR019W,1,0.000,0.707,0.333
1160,191,YDR256C,2,0.000,0.577,1.000
1161,191,YGR088W,2,0.000,0.577,1.000
1162,191,YJR104C,2,0.000,0.577,1.000
1163,192,YKL067W,0,0.000,1.000,1.000
1164,193,YLR136C,2,0.000,0.240,0.250
1165,193,YKR052C,0,0.000,0.000,0.000
1166,193,YMR058W,3,0.000,0.391,0.375
1167,193,YFL041W,1,0.000,0.116,0.125
1168,193,YHL047C,0,0.000,0.000,0.000
1169,194,YCR010C,0,0.000,0.707,0.000
1170,194,YLR174W,0,0.000,0.707,0.000
1171,195,YLR451W,0,0.000,0.000,0.000
1172,195,YLR355C,1,0.000,0.500,0.250
1173,195,YKL120W,0,0.000,0.000,0.000
1174,195,YOR108W,1,0.000,0.500,0.250
1175,196,YDL181W,0,0.000,0.707,0.000
1176,196,YGR008C,0,0.000,0.707,0.000
1177,197,YBR185C,0,0.000,0.707,0.000
1178,197,YDL107W,0,0.000,0.707,0.000
1179,198,YCR083W,4,0.001,0.149,0.250
1180,198,YBR244W,4,0.002,0.145,0.250
1181,198,YIL010W,4,0.004,0.135,0.250
1182,198,YDL072C,0,0.000,0.000,0.000
1183,198,YBR216C,0,0.000,0.000,0.000
1184,199,YCL056C,0,0.000,0.000,0.000
1185,199,YDR424C,7,0.000,0.120,0.250
1186,199,YOR180C,7,0.000,0.119,0.250
1187,199,YGR028W,6,0.000,0.086,0.214
1188,199,YGR239C,3,0.000,0.040,0.107
1189,199,YPL112C,3,0.000,0.050,0.107
1190,199,YMR163C,0,0.000,0.000,0.000
1191,199,YAL055W,6,0.000,0.089,0.214
1192,200,YLR284C,4,0.000,0.156,0.267
1193,200,YIL043C,0,0.000,0.000,0.000
1194,200,YBR222C,1,0.000,0.035,0.067
1195,200,YAR035W,2,0.000,0.046,0.133
1196,200,YER015W,5,0.000,0.191,0.333
1197,200,YER024W,2,0.000,0.046,0.133
1198,201,YDR428C,4,0.000,0.372,0.667
1199,201,YJL060W,4,0.000,0.372,0.667
1200,201,YGR260W,2,0.000,0.173,0.333
1201,202,YGR257C,2,0.000,0.577,1.000
1202,202,YHR008C,2,0.000,0.577,1.000
1203,202,YHR050W,2,0.000,0.577,1.000
1204,203,YOL067C,3,0.000,0.500,1.000
1205,203,YBL103C,3,0.000,0.500,1.000
1206,203,YNL076W,3,0.000,0.500,1.000
1207,203,YGL252C,3,0.000,0.500,1.000
1208,204,YCL018W,0,0.000,1.000,1.000
1209,205,YBR112C,1,0.000,0.707,0.333
1210,205,YDR277C,0,0.000,0.000,0.000
1211,205,YLR228C,0,0.000,0.000,0.000
1212,205,YPR065W,1,0.000,0.707,0.333
1213,206,YKR036C,5,0.000,0.357,0.714
1214,206,YJL112W,5,0.000,0.357,0.714
1215,206,YDR470C,4,0.000,0.292,0.571
1216,206,YLR368W,1,0.000,0.075,0.143
1217,207,YJL055W,0,0.000,0.000,0.000
1218,207,YDR226W,6,0.001,0.151,0.273
1219,207,YDL166C,6,0.001,0.136,0.273
1220,207,YER170W,6,0.001,0.151,0.273
1221,207,YGL234W,4,0.000,0.109,0.182
1222,207,YDR454C,3,0.000,0.087,0.136
1223,207,YJR133W,3,0.000,0.063,0.136
1224,208,YJR047C,1,0.000,0.707,1.000
1225,208,YJR070C,1,0.000,0.707,1.000
1226,209,YOR011W,1,0.000,0.282,0.250
1227,209,YJR150C,2,0.000,0.523,0.500
1228,209,YIL011W,2,0.000,0.523,0.500
1229,209,YHR068W,0,0.000,0.000,0.000
1230,210,YOR037W,0,0.000,0.500,0.000
1231,210,YER086W,0,0.000,0.500,0.000
1232,210,YDR158W,0,0.000,0.500,0.000
1233,210,YCL064C,0,0.000,0.500,0.000
1234,211,YOR251C,0,0.000,1.000,1.000
1235,212,YKL053C-A,2,0.000,0.577,1.000
1236,212,YLR168C,2,0.000,0.577,1.000
1237,212,YLR193C,2,0.000,0.577,1.000
1238,213,YBR262C,5,0.000,0.408,1.000
1239,213,YCL057C-A,5,0.000,0.408,1.000
1240,213,YGR235C,5,0.000,0.408,1.000
1241,213,YNL100W,5,0.000,0.408,1.000
1242,213,YFR011C,5,0.000,0.408,1.000
1243,213,YKR016W,5,0.000,0.408,1.000
1244,214,YJL130C,0,0.000,1.000,1.000
1245,215,YPR035W,1,0.000,0.707,1.000
1246,215,YDL171C,1,0.000,0.707,1.000
1247,216,YJR109C,1,0.000,0.707,1.000
1248,216,YOR303W,1,0.000,0.707,1.000
1249,217,YMR217W,1,0.000,0.500,0.500
1250,217,YAR075W,1,0.000,0.500,0.500
1251,218,YLR157C,0,0.000,0.500,0.000
1252,218,YLR158C,0,0.000,0.500,0.000
1253,218,YLR160C,0,0.000,0.500,0.000
1254,218,YLR155C,0,0.000,0.500,0.000
1255,219,YOR302W,0,0.000,0.000,0.000
1256,219,YNL192W,0,0.000,0.000,0.000
1257,219,YKL104C,1,0.000,0.707,0.250
1258,219,YMR084W,0,0.000,0.000,0.000
1259,219,YEL058W,1,0.000,0.707,0.250
1260,220,YGL062W,1,0.000,0.707,1.000
1261,220,YBR218C,1,0.000,0.707,1.000
1262,221,YLR044C,2,0.000,0.408,0.286
1263,221,YDL080C,2,0.000,0.408,0.286
1264,221,YDR081C,2,0.000,0.408,0.286
1265,221,YGR087C,2,0.000,0.408,0.286
1266,221,YBR240C,2,0.000,0.408,0.286
1267,221,YLR134W,2,0.000,0.408,0.286
1268,221,YDR380W,0,0.000,0.000,0.000
1269,221,YAL061W,0,0.000,0.000,0.000
1270,222,YDL223C,4,0.000,0.299,0.400
1271,222,YDR345C,1,0.000,0.074,0.100
1272,222,YJL121C,3,0.000,0.198,0.300
1273,222,YMR107W,3,0.000,0.220,0.300
1274,222,YLR070C,1,0.000,0.038,0.100
1275,223,YDR248C,3,0.000,0.386,0.600
1276,223,YKL205W,1,0.000,0.134,0.200
1277,223,YNL241C,3,0.000,0.386,0.600
1278,224,YPL223C,0,0.000,0.707,0.000
1279,224,YDR403W,0,0.000,0.707,0.000
1280,225,YOR034C,0,0.000,0.707,0.000
1281,225,YHR042W,0,0.000,0.707,0.000
1282,226,YDL174C,2,0.000,0.121,0.182
1283,226,YNL134C,1,0.000,0.035,0.091
1284,226,YEL071W,4,0.000,0.234,0.364
1285,226,YDL178W,2,0.000,0.121,0.182
1286,227,YGR207C,1,0.000,0.707,1.000
1287,227,YPR004C,1,0.000,0.707,1.000
1288,228,YOR304W,3,0.000,0.303,0.500
1289,228,YPL216W,0,0.000,0.000,0.000
1290,228,YFR013W,4,0.000,0.392,0.667
1291,228,YMR044W,4,0.000,0.392,0.667
1292,229,YPL158C,0,0.000,0.707,0.000
1293,229,YKR048C,0,0.000,0.707,0.000
1294,230,YGL208W,6,0.000,0.329,0.316
1295,230,YCR084C,1,0.000,0.021,0.053
1296,230,YKL048C,3,0.000,0.176,0.158
1297,230,YBR066C,1,0.000,0.069,0.053
1298,230,YJL089W,1,0.000,0.069,0.053
1299,230,YMR303C,1,0.000,0.013,0.053
1300,230,YER027C,6,0.000,0.329,0.316
1301,230,YOR047C,0,0.000,0.000,0.000
1302,230,YGL209W,2,0.000,0.081,0.105
1303,230,YMR140W,1,0.000,0.069,0.053
1304,230,YMR011W,1,0.000,0.069,0.053
1305,230,YHR094C,2,0.000,0.081,0.105
1306,230,YDR422C,6,0.000,0.329,0.316
1307,231,YCL028W,1,0.000,0.354,0.125
1308,231,YLL060C,0,0.000,0.000,0.000
1309,231,YER040W,1,0.000,0.354,0.125
1310,231,YJL172W,0,0.000,0.000,0.000
1311,231,YGR154C,0,0.000,0.000,0.000
1312,231,YLL015W,0,0.000,0.000,0.000
1313,231,YKR076W,1,0.000,0.271,0.125
1314,232,YPL141C,3,0.000,0.099,0.136
1315,232,YKL116C,1,0.000,0.033,0.045
1316,232,YOL065C,1,0.000,0.023,0.045
1317,232,YGL056C,3,0.000,0.099,0.136
1318,232,YLR386W,7,0.000,0.199,0.318
1319,232,YHR146W,2,0.000,0.067,0.091
1320,232,YNL173C,2,0.000,0.067,0.091
1321,232,YPL150W,3,0.000,0.099,0.136
1322,232,YGR223C,3,0.000,0.067,0.136
1323,233,YLR019W,0,0.000,0.000,0.000
1324,233,YMR123W,1,0.000,0.049,0.059
1325,233,YJL142C,0,0.000,0.000,0.000
1326,233,YAL056W,0,0.000,0.000,0.000
1327,233,YKL062W,5,0.000,0.210,0.294
1328,233,YOR101W,6,0.000,0.263,0.353
1329,233,YMR037C,5,0.000,0.210,0.294
1330,233,YLL010C,0,0.000,0.000,0.000
1331,233,YOR371C,0,0.000,0.000,0.000
1332,233,YMR016C,3,0.000,0.139,0.176
1333,233,YGL248W,4,0.000,0.164,0.235
1334,234,YPR113W,0,0.000,1.000,1.000
1335,235,YDL144C,0,0.000,0.707,0.000
1336,235,YIL160C,0,0.000,0.707,0.000
1337,236,YER081W,1,0.000,0.707,1.000
1338,236,YIL074C,1,0.000,0.707,1.000
1339,237,YKL132C,3,0.000,0.364,0.600
1340,237,YOR241W,2,0.000,0.251,0.400
1341,237,YGR267C,3,0.000,0.364,0.600
1342,238,YNL180C,0,0.000,0.000,0.000
1343,238,YPR075C,0,0.000,0.000,0.000
1344,238,YER149C,4,0.000,0.074,0.089
1345,238,YHR047C,0,0.000,0.000,0.000
1346,238,YLR425W,2,0.000,0.028,0.044
1347,238,YOR188W,2,0.000,0.078,0.044
1348,238,YOR304C-A,0,0.000,0.000,0.000
1349,238,YDR466W,0,0.000,0.000,0.000
1350,238,YBL085W,2,0.000,0.048,0.044
1351,238,YPL115C,5,0.000,0.179,0.111
1352,238,YAL048C,0,0.000,0.000,0.000
1353,238,YKL092C,1,0.000,0.022,0.022
1354,238,YKR055W,0,0.000,0.000,0.000
1355,238,YFL047W,0,0.000,0.000,0.000
1356,238,YEL031W,0,0.000,0.000,0.000
1357,238,YLL007C,0,0.000,0.000,0.000
1358,239,YEL013W,0,0.000,0.577,0.000
1359,239,YAR042W,0,0.000,0.577,0.000
1360,239,YHR117W,0,0.000,0.577,0.000
1361,240,YGL136C,0,0.000,0.000,0.000
1362,240,YMR097C,0,0.000,0.000,0.000
1363,240,YNL022C,2,0.000,0.577,0.286
1364,240,YOR205C,0,0.000,0.000,0.000
1365,240,YGR283C,2,0.000,0.577,0.286
1366,240,YMR310C,2,0.000,0.577,0.286
1367,240,YLR289W,0,0.000,0.000,0.000
1368,240,YBR025C,0,0.000,0.000,0.000
1369,241,YHR072W-A,0,0.000,1.000,1.000
1370,242,YLR318W,0,0.000,0.707,0.000
1371,242,YLR262C-A,0,0.000,0.707,0.000
1372,243,YMR276W,0,0.000,1.000,1.000
1373,244,YMR023C,2,0.000,0.577,1.000
1374,244,YGL236C,2,0.000,0.577,1.000
1375,244,YDL033C,2,0.000,0.577,1.000
1376,245,YIR027C,2,0.000,0.577,0.500
1377,245,YHL016C,0,0.000,0.000,0.000
1378,245,YIR029W,2,0.000,0.577,0.500
1379,245,YIR032C,2,0.000,0.577,0.500
1380,245,YJL126W,0,0.000,0.000,0.000
1381,246,YLL024C,2,0.000,0.485,0.333
1382,246,YBL075C,1,0.000,0.090,0.167
1383,246,YAL005C,2,0.000,0.485,0.333
1384,246,YMR139W,0,0.000,0.000,0.000
1385,247,YPL225W,0,0.000,1.000,1.000
1386,248,YOL143C,4,0.000,0.365,0.800
1387,248,YOL066C,4,0.000,0.365,0.800
1388,249,YOL136C,4,0.000,0.292,0.571
1389,249,YLR345W,5,0.000,0.357,0.714
1390,249,YKL217W,1,0.000,0.075,0.143
1391,249,YIL107C,5,0.000,0.357,0.714
1392,250,YFL045C,1,0.000,0.707,1.000
1393,250,YER003C,1,0.000,0.707,1.000
1394,251,YCR044C,0,0.000,0.577,0.000
1395,251,YIL039W,0,0.000,0.577,0.000
1396,251,YOL122C,0,0.000,0.577,0.000
1397,252,YBR290W,0,0.000,1.000,1.000
1398,253,YDR182W,0,0.000,0.707,0.000
1399,253,YCR017C,0,0.000,0.707,0.000
1400,254,YDR492W,0,0.000,0.000,0.000
1401,254,YOL002C,0,0.000,0.000,0.000
1402,254,YMR319C,3,0.000,0.172,0.250
1403,254,YOL154W,1,0.000,0.055,0.083
1404,254,YOR079C,3,0.000,0.169,0.250
1405,255,YJL225C,3,0.000,0.187,0.250
1406,255,YIL177W-A,0,0.000,0.000,0.000
1407,255,YHR218W-A,4,0.000,0.248,0.333
1408,255,YLL067W-A,0,0.000,0.000,0.000
1409,255,YNL339W-A,2,0.000,0.081,0.167
1410,255,YLR462W,4,0.000,0.248,0.333
1411,255,YNL339W-B,2,0.000,0.081,0.167
1412,256,YMR267W,1,0.000,0.707,1.000
1413,256,YBR011C,1,0.000,0.707,1.000
1414,257,YML060W,5,0.000,0.405,0.714
1415,257,YKL114C,5,0.000,0.405,0.714
1416,257,YOL043C,5,0.000,0.405,0.714
1417,257,YML021C,5,0.000,0.405,0.714
1418,257,YDL200C,0,0.000,0.000,0.000
1419,257,YKL157W,1,0.000,0.083,0.143
1420,257,YAL015C,5,0.000,0.405,0.714
1421,258,YOL152W,0,0.000,0.000,0.000
1422,258,YHR175W,2,0.000,0.435,0.333
1423,258,YKL220C,0,0.000,0.000,0.000
1424,258,YLL051C,0,0.000,0.000,0.000
1425,258,YLR214W,2,0.000,0.435,0.333
1426,259,YCL009C,3,0.000,0.365,0.500
1427,259,YHR002W,0,0.000,0.000,0.000
1428,260,YPL015C,0,0.000,0.000,0.000
1429,260,YGL224C,4,0.000,0.392,0.500
1430,260,YOR155C,4,0.000,0.392,0.500
1431,260,YOR025W,0,0.000,0.000,0.000
1432,260,YNL239W,0,0.000,0.000,0.000
1433,260,YNL129W,3,0.000,0.303,0.375
1434,261,YJR069C,0,0.000,1.000,1.000
1435,262,YJR014W,2,0.000,0.577,1.000
1436,262,YER007C-A,2,0.000,0.577,1.000
1437,262,YDR117C,2,0.000,0.577,1.000
1438,263,YNL258C,7,0.001,0.045,0.233
1439,263,YLR440C,6,0.000,0.039,0.200
1440,263,YDR468C,19,0.002,0.180,0.633
1441,263,YNR049C,14,0.001,0.136,0.467
1442,263,YAL014C,6,0.000,0.056,0.200
1443,263,YOL018C,17,0.001,0.165,0.567
1444,263,YGL145W,7,0.001,0.045,0.233
1445,263,YBL102W,2,0.000,0.018,0.067
1446,264,YOL117W,4,0.000,0.447,1.000
1447,264,YDL216C,4,0.000,0.447,1.000
1448,264,YDR179C,4,0.000,0.447,1.000
1449,264,YMR025W,4,0.000,0.447,1.000
1450,264,YIL071C,4,0.000,0.447,1.000
1451,265,YHR129C,0,0.000,1.000,1.000
1452,266,YMR294W,3,0.000,0.500,1.000
1453,266,YPL174C,3,0.000,0.500,1.000
1454,266,YLL049W,3,0.000,0.500,1.000
1455,266,YDR106W,3,0.000,0.500,1.000
1456,267,YLR020C,0,0.000,0.000,0.000
1457,267,YIL090W,1,0.000,0.015,0.021
1458,267,YGR149W,1,0.000,0.023,0.021
1459,267,YPL206C,1,0.000,0.023,0.021
1460,267,YBR042C,2,0.000,0.031,0.042
1461,267,YKL094W,6,0.000,0.086,0.125
1462,267,YER113C,1,0.000,0.012,0.021
1463,267,YGR110W,1,0.000,0.007,0.021
1464,267,YLL012W,0,0.000,0.000,0.000
1465,267,YGL084C,1,0.000,0.023,0.021
1466,267,YDR018C,0,0.000,0.000,0.000
1467,267,YCL004W,3,0.000,0.037,0.062
1468,267,YHR004C,2,0.000,0.018,0.042
1469,267,YLR133W,1,0.000,0.005,0.021
1470,268,YJR049C,0,0.000,0.500,0.000
1471,268,YDR242W,0,0.000,0.500,0.000
1472,268,YGR205W,0,0.000,0.500,0.000
1473,268,YPL188W,0,0.000,0.500,0.000
1474,269,YDR077W,0,0.000,0.577,0.000
1475,269,YLR110C,0,0.000,0.577,0.000
1476,269,YKL164C,0,0.000,0.577,0.000
1477,270,YHR055C,2,0.000,0.523,0.667
1478,270,YOR031W,1,0.000,0.282,0.333
1479,270,YGL166W,2,0.000,0.523,0.667
1480,271,YLR034C,0,0.000,0.707,0.000
1481,271,YBR207W,0,0.000,0.707,0.000
1482,272,YLR220W,0,0.000,1.000,1.000
1483,273,YHL039W,2,0.000,0.205,0.182
1484,273,YDR465C,1,0.000,0.056,0.091
1485,273,YOR021C,0,0.000,0.000,0.000
1486,273,YLR063W,0,0.000,0.000,0.000
1487,273,YNL092W,1,0.000,0.104,0.091
1488,274,YGR281W,2,0.000,0.577,0.333
1489,274,YHR178W,0,0.000,0.000,0.000
1490,274,YDR011W,2,0.000,0.577,0.333
1491,274,YHR064C,0,0.000,0.000,0.000
1492,274,YML076C,0,0.000,0.000,0.000
1493,274,YOR162C,0,0.000,0.000,0.000
1494,274,YOR153W,2,0.000,0.577,0.333
1495,275,YOR281C,0,0.000,0.707,0.000
1496,275,YNL313C,0,0.000,0.707,0.000
1497,276,YPL212C,5,0.010,0.329,0.714
1498,276,YDL036C,5,0.010,0.334,0.714
1499,276,YFL001W,3,0.000,0.209,0.429
1500,276,YGR169C,5,0.010,0.334,0.714
1501,277,YOR230W,0,0.000,0.000,0.000
1502,277,YML058W,1,0.000,0.707,0.500
1503,277,YDL101C,1,0.000,0.707,0.500
1504,278,YDR227W,0,0.000,1.000,1.000
1505,279,YJL127C,0,0.000,1.000,1.000
1506,280,YER014W,0,0.000,1.000,1.000
1507,281,YKL112W,3,0.000,0.126,0.231
1508,281,YLR453C,5,0.000,0.360,0.385
1509,281,YBR275C,5,0.000,0.360,0.385
1510,281,YLR233C,3,0.000,0.216,0.231
1511,281,YLR373C,0,0.000,0.000,0.000
1512,281,YLR403W,2,0.000,0.049,0.154
1513,281,YGR071C,0,0.000,0.000,0.000
1514,281,YDR206W,0,0.000,0.000,0.000
1515,282,YGL222C,0,0.000,0.000,0.000
1516,282,YEL015W,1,0.000,0.707,0.500
1517,282,YOL149W,1,0.000,0.707,0.500
1518,283,YNL063W,0,0.000,0.577,0.000
1519,283,YIL096C,0,0.000,0.577,0.000
1520,283,YBR141C,0,0.000,0.577,0.000
1521,284,YIR033W,1,0.000,0.070,0.125
1522,284,YKL020C,1,0.000,0.070,0.125
1523,284,YJL196C,5,0.000,0.337,0.625
1524,284,YLR372W,5,0.000,0.337,0.625
1525,285,YNL295W,0,0.000,1.000,1.000
1526,286,YPR155C,0,0.000,0.707,0.000
1527,286,YIL087C,0,0.000,0.707,0.000
1528,287,YBR101C,0,0.000,0.577,0.000
1529,287,YJL144W,0,0.000,0.577,0.000
1530,287,YPR158W,0,0.000,0.577,0.000
1531,288,YBR109C,0,0.000,0.707,0.000
1532,288,YNL225C,0,0.000,0.707,0.000
1533,289,YJL123C,1,0.000,0.088,0.125
1534,289,YER083C,4,0.000,0.327,0.500
1535,289,YBR137W,3,0.000,0.247,0.375
1536,289,YDR186C,0,0.000,0.000,0.000
1537,290,YBR176W,1,0.000,0.707,1.000
1538,290,YIL145C,1,0.000,0.707,1.000
1539,291,YIL164C,0,0.000,1.000,1.000
1540,292,YGR143W,1,0.000,0.081,0.167
1541,292,YDR367W,4,0.017,0.412,0.667
1542,292,YKL004W,4,0.017,0.412,0.667
1543,293,YMR234W,1,0.000,0.282,0.333
1544,293,YDR279W,2,0.000,0.523,0.667
1545,293,YLR154C,2,0.000,0.523,0.667
1546,294,YOR264W,1,0.000,0.137,0.167
1547,294,YML034W,2,0.000,0.239,0.333
1548,294,YPL204W,3,0.000,0.387,0.500
1549,294,YER106W,3,0.000,0.387,0.500
1550,295,YKR070W,0,0.000,1.000,1.000
1551,296,YMR204C,0,0.000,0.000,0.000
1552,296,YBR130C,1,0.000,0.134,0.125
1553,296,YCL063W,1,0.000,0.151,0.125
1554,296,YBL032W,1,0.000,0.134,0.125
1555,297,YBL007C,1,0.000,0.707,1.000
1556,297,YHR016C,1,0.000,0.707,1.000
1557,298,YKR019C,0,0.000,0.000,0.000
1558,298,YGR241C,1,0.000,0.282,0.125
1559,298,YER060W-A,0,0.000,0.000,0.000
1560,298,YJL083W,0,0.000,0.000,0.000
1561,298,YER060W,0,0.000,0.000,0.000
1562,298,YDR388W,2,0.000,0.523,0.250
1563,298,YMR192W,2,0.000,0.523,0.250
1564,298,YIL095W,0,0.000,0.000,0.000
1565,299,YDL161W,0,0.000,0.707,0.000
1566,299,YLR206W,0,0.000,0.707,0.000
1567,300,YLR319C,0,0.000,1.000,1.000
1568,301,YBR164C,0,0.000,0.707,0.000
1569,301,YOR094W,0,0.000,0.707,0.000
1570,302,YBR038W,2,0.000,0.577,1.000
1571,302,YMR032W,2,0.000,0.577,1.000
1572,302,YDL117W,2,0.000,0.577,1.000
1573,303,YDR056C,7,0.000,0.351,0.778
1574,303,YCL045C,7,0.000,0.351,0.778
1575,303,YJL192C,7,0.000,0.351,0.778
1576,303,YIL027C,7,0.000,0.351,0.778
1577,303,YKL207W,7,0.000,0.351,0.778
1578,303,YGL230C,1,0.000,0.051,0.111
1579,303,YLL014W,7,0.000,0.351,0.778
1580,303,YOR289W,1,0.000,0.051,0.111
1581,304,YOR338W,0,0.000,0.500,0.000
1582,304,YOR359W,0,0.000,0.500,0.000
1583,304,YJL080C,0,0.000,0.500,0.000
1584,304,YBR172C,0,0.000,0.500,0.000
1585,305,YML068W,0,0.000,1.000,1.000
1586,306,YER042W,0,0.000,1.000,1.000
1587,307,YLR114C,2,0.000,0.394,0.400
1588,307,YPR109W,0,0.000,0.000,0.000
1589,307,YKL034W,2,0.000,0.394,0.400
1590,307,YDL219W,2,0.000,0.394,0.400
1591,307,YOR223W,2,0.000,0.394,0.400
1592,308,YPL154C,0,0.000,1.000,1.000
1593,309,YML118W,0,0.000,0.000,0.000
1594,309,YIL137C,1,0.000,0.026,0.067
1595,309,YER068W,9,0.000,0.284,0.600
1596,309,YDR061W,1,0.000,0.032,0.067
1597,309,YDR151C,1,0.000,0.032,0.067
1598,309,YGL178W,2,0.000,0.062,0.133
1599,310,YKL154W,5,0.000,0.296,0.714
1600,310,YKL122C,5,0.000,0.296,0.714
1601,311,YBR113W,5,0.000,0.371,0.556
1602,311,YDR525W,3,0.000,0.227,0.333
1603,311,YMR265C,2,0.000,0.092,0.222
1604,311,YDR415C,2,0.000,0.092,0.222
1605,311,YAL004W,0,0.000,0.000,0.000
1606,311,YPL182C,5,0.000,0.371,0.556
1607,312,YPL083C,2,0.000,0.435,0.667
1608,312,YOL102C,2,0.000,0.435,0.667
1609,313,YBL047C,0,0.000,0.707,0.000
1610,313,YDR320C,0,0.000,0.707,0.000
1611,314,YPR042C,0,0.000,0.707,0.000
1612,314,YDL224C,0,0.000,0.707,0.000
1613,315,YNL197C,0,0.000,0.707,0.000
1614,315,YPL184C,0,0.000,0.707,0.000
1615,316,YPL200W,2,0.000,0.577,1.000
1616,316,YOL104C,2,0.000,0.577,1.000
1617,316,YJL019W,2,0.000,0.577,1.000
1618,317,YBR145W,0,0.000,0.000,0.000
1619,317,YGL258W,2,0.000,0.455,0.333
1620,317,YJL068C,1,0.000,0.135,0.167
1621,317,YOR387C,2,0.000,0.455,0.333
1622,317,YMR083W,1,0.000,0.264,0.167
1623,318,YKL103C,0,0.000,0.707,0.000
1624,318,YHR113W,0,0.000,0.707,0.000
1625,319,YDR430C,0,0.000,0.707,0.000
1626,319,YER078C,0,0.000,0.707,0.000
1627,320,YDL160C-A,2,0.000,0.435,0.667
1628,320,YGR042W,2,0.000,0.435,0.667
1629,321,YJL105W,1,0.000,0.707,1.000
1630,321,YHR207C,1,0.000,0.707,1.000
1631,322,YHR158C,1,0.000,0.707,1.000
1632,322,YGR238C,1,0.000,0.707,1.000
1633,323,YHL024W,0,0.000,0.000,0.000
1634,323,YDR310C,1,0.000,0.707,0.500
1635,323,YHR124W,1,0.000,0.707,0.500
1636,324,YLR017W,2,0.000,0.300,0.400
1637,324,YJR024C,3,0.000,0.425,0.600
1638,324,YEL038W,3,0.000,0.425,0.600
1639,324,YNL010W,1,0.000,0.155,0.200
1640,325,YDL236W,1,0.000,0.129,0.200
1641,325,YEL070W,2,0.000,0.336,0.400
1642,326,YDL052C,0,0.000,0.707,0.000
1643,326,YGR045C,0,0.000,0.707,0.000
1644,327,YHR100C,2,0.000,0.577,1.000
1645,327,YGR046W,2,0.000,0.577,1.000
1646,327,YDL142C,2,0.000,0.577,1.000
1647,328,YOR006C,0,0.000,0.707,0.000
1648,328,YCR051W,0,0.000,0.707,0.000
1649,329,YOR334W,0,0.000,0.707,0.000
1650,329,YPL060W,0,0.000,0.707,0.000
1651,330,YOL130W,0,0.000,0.500,0.000
1652,330,YJL133W,0,0.000,0.500,0.000
1653,330,YFL050C,0,0.000,0.500,0.000
1654,330,YKL064W,0,0.000,0.500,0.000
1655,331,YIL147C,4,0.000,0.357,0.571
1656,331,YLR006C,4,0.000,0.357,0.571
1657,331,YCL032W,1,0.000,0.094,0.143
1658,331,YDR420W,1,0.000,0.094,0.143
1659,332,YMR258C,1,0.000,0.022,0.056
1660,332,YBR131W,3,0.000,0.064,0.167
1661,332,YPL070W,1,0.000,0.022,0.056
1662,332,YNL093W,3,0.000,0.071,0.167
1663,332,YDR229W,1,0.000,0.024,0.056
1664,333,YPL036W,0,0.000,0.707,0.000
1665,333,YGL008C,0,0.000,0.707,0.000
1666,334,YPR131C,0,0.000,1.000,1.000
1667,335,YJL062W,0,0.000,0.000,0.000
1668,335,YCR048W,1,0.000,0.707,0.500
1669,335,YNR019W,1,0.000,0.707,0.500
1670,336,YCL052C,3,0.000,0.081,0.125
1671,336,YHR039C,1,0.000,0.025,0.042
1672,336,YNL149C,0,0.000,0.000,0.000
1673,336,YLR242C,0,0.000,0.000,0.000
1674,336,YFL025C,5,0.000,0.098,0.208
1675,336,YNL038W,6,0.000,0.125,0.250
1676,336,YPL096C-A,6,0.000,0.125,0.250
1677,337,YOR140W,0,0.000,0.378,0.000
1678,337,YMR164C,0,0.000,0.378,0.000
1679,337,YHR211W,0,0.000,0.378,0.000
1680,337,YKR102W,0,0.000,0.378,0.000
1681,337,YAR050W,0,0.000,0.378,0.000
1682,337,YKL043W,0,0.000,0.378,0.000
1683,337,YAL063C,0,0.000,0.378,0.000
1684,338,YIR019C,0,0.000,0.500,0.000
1685,338,YOL116W,0,0.000,0.500,0.000
1686,338,YDL233W,0,0.000,0.500,0.000
1687,338,YER109C,0,0.000,0.500,0.000
1688,339,YJR031C,0,0.000,1.000,1.000
1689,340,YPR044C,1,0.000,0.707,0.500
1690,340,YLR062C,1,0.000,0.707,0.500
1691,340,YLR076C,0,0.000,0.000,0.000
1692,341,YHR212W-A,2,0.000,0.523,0.667
1693,341,YFR056C,1,0.000,0.282,0.333
1694,341,YHR213W,2,0.000,0.523,0.667
1695,342,YMR135C,6,0.000,0.376,0.750
1696,342,YDR255C,6,0.000,0.376,0.750
1697,342,YIL017C,6,0.000,0.376,0.750
1698,342,YKL124W,1,0.000,0.064,0.125
1699,342,YBL048W,0,0.000,0.000,0.000
1700,342,YBR105C,6,0.000,0.376,0.750
1701,342,YIL097W,6,0.000,0.376,0.750
1702,342,YGL227W,6,0.000,0.376,0.750
1703,343,YMR081C,0,0.000,1.000,1.000
1704,344,YDR287W,2,0.000,0.244,0.333
1705,344,YDR123C,3,0.000,0.438,0.500
1706,344,YGL077C,0,0.000,0.000,0.000
1707,344,YOL108C,3,0.000,0.438,0.500
1708,344,YHR046C,2,0.000,0.244,0.333
1709,344,YHL020C,3,0.000,0.438,0.500
1710,345,YLR238W,4,0.000,0.365,0.800
1711,345,YDR200C,4,0.000,0.365,0.800
1712,346,YLR280C,0,0.000,0.707,0.000
1713,346,YLR125W,0,0.000,0.707,0.000
1714,347,YNL314W,0,0.000,0.707,0.000
1715,347,YDL170W,0,0.000,0.707,0.000
1716,348,YML067C,0,0.000,1.000,1.000
1717,349,YKR099W,0,0.000,0.707,0.000
1718,349,YFR034C,0,0.000,0.707,0.000
1719,350,YOL068C,0,0.000,1.000,1.000
1720,351,YFR003C,0,0.000,1.000,1.000
1721,352,YDR436W,2,0.000,0.523,0.400
1722,352,YDR456W,0,0.000,0.000,0.000
1723,352,YJL093C,1,0.000,0.282,0.200
1724,352,YJR054W,0,0.000,0.000,0.000
1725,352,YML016C,2,0.000,0.523,0.400
1726,353,YDL112W,1,0.000,0.245,0.250
1727,353,YPL183C,1,0.000,0.245,0.250
1728,353,YPL030W,2,0.000,0.491,0.500
1729,354,YOL093W,0,0.000,1.000,1.000
1730,355,YLR316C,0,0.000,1.000,1.000
1731,356,YGL114W,0,0.000,0.707,0.000
1732,356,YKR093W,0,0.000,0.707,0.000
1733,357,YJL212C,0,0.000,0.577,0.000
1734,357,YPR194C,0,0.000,0.577,0.000
1735,357,YPL177C,0,0.000,0.577,0.000
1736,358,YNL091W,1,0.000,0.073,0.083
1737,358,YFL058W,4,0.000,0.278,0.333
1738,358,YDL244W,4,0.000,0.278,0.333
1739,358,YNL332W,4,0.000,0.278,0.333
1740,358,YPR121W,1,0.000,0.073,0.083
1741,358,YJR156C,4,0.000,0.278,0.333
1742,358,YDL024C,0,0.000,0.000,0.000
1743,358,YJR142W,1,0.000,0.069,0.083
1744,358,YBR092C,1,0.000,0.073,0.083
1745,359,YOR143C,0,0.000,0.707,0.000
1746,359,YDR481C,0,0.000,0.707,0.000
1747,360,YNR013C,2,0.000,0.096,0.143
1748,360,YER072W,5,0.000,0.270,0.357
1749,360,YDR281C,3,0.000,0.166,0.214
1750,360,YFL004W,0,0.000,0.000,0.000
1751,360,YJL198W,2,0.000,0.096,0.143
1752,360,YBR093C,3,0.000,0.174,0.214
1753,360,YIL047C,0,0.000,0.000,0.000
1754,361,YPL034W,0,0.000,0.707,0.000
1755,361,YCL033C,0,0.000,0.707,0.000
1756,362,YLR126C,0,0.000,0.707,0.000
1757,362,YKL069W,0,0.000,0.707,0.000
1758,363,YDL103C,1,0.000,0.707,0.500
1759,363,YFL017C,1,0.000,0.707,0.500
1760,363,YMR085W,0,0.000,0.000,0.000
1761,364,YOL095C,0,0.000,1.000,1.000
1762,365,YDR538W,0,0.000,1.000,1.000
1763,366,YBL061C,3,0.000,0.281,0.500
1764,366,YMR237W,3,0.000,0.281,0.500
1765,367,YLR342W,0,0.000,1.000,1.000
1766,368,YBR148W,5,0.000,0.213,0.385
1767,368,YCL024W,4,0.000,0.184,0.308
1768,368,YNL166C,4,0.000,0.181,0.308
1769,368,YKL101W,3,0.000,0.140,0.231
1770,368,YDR507C,5,0.000,0.225,0.385
1771,368,YER158C,0,0.000,0.000,0.000
1772,368,YNL233W,3,0.000,0.134,0.231
1773,369,YER039C-A,0,0.000,0.577,0.000
1774,369,YPL244C,0,0.000,0.577,0.000
1775,369,YML038C,0,0.000,0.577,0.000
1776,370,YLR149C,0,0.000,1.000,1.000
1777,371,YFR017C,0,0.000,1.000,1.000
1778,372,YJL184W,4,0.000,0.350,0.667
1779,372,YDL104C,3,0.000,0.260,0.500
1780,372,YKR095W-A,4,0.000,0.350,0.667
1781,373,YBR049C,0,0.000,0.707,0.000
1782,373,YPL128C,0,0.000,0.707,0.000
1783,374,YCR036W,6,0.000,0.335,0.857
1784,374,YBR111C,5,0.000,0.284,0.714
1785,374,YOR095C,6,0.000,0.335,0.857
1786,375,YLL062C,0,0.000,0.707,0.000
1787,375,YPL273W,0,0.000,0.707,0.000
1788,376,YGR142W,0,0.000,1.000,1.000
1789,377,YDL194W,2,0.000,0.577,1.000
1790,377,YKL038W,2,0.000,0.577,1.000
1791,377,YDL138W,2,0.000,0.577,1.000
1792,378,YGR233C,0,0.000,1.000,1.000
1793,379,YFR036W,12,0.000,0.277,1.000
1794,379,YLR127C,12,0.000,0.277,1.000
1795,379,YDL008W,12,0.000,0.277,1.000
1796,379,YDR260C,12,0.000,0.277,1.000
1797,379,YNL172W,12,0.000,0.277,1.000
1798,379,YDR118W,12,0.000,0.277,1.000
1799,379,YHR166C,12,0.000,0.277,1.000
1800,379,YBL084C,12,0.000,0.277,1.000
1801,379,YOR249C,12,0.000,0.277,1.000
1802,379,YGL240W,12,0.000,0.277,1.000
1803,379,YKL022C,12,0.000,0.277,1.000
1804,379,YIR025W,12,0.000,0.277,1.000
1805,379,YLR102C,12,0.000,0.277,1.000
1806,380,YGR017W,1,0.000,0.500,0.333
1807,380,YBR035C,1,0.000,0.500,0.333
1808,380,YLR351C,0,0.000,0.000,0.000
1809,381,YNR027W,0,0.000,0.707,0.000
1810,381,YEL029C,0,0.000,0.707,0.000
1811,382,YJR099W,2,0.000,0.577,1.000
1812,382,YBR058C,2,0.000,0.577,1.000
1813,382,YOR124C,2,0.000,0.577,1.000
1814,383,YGR206W,12,0.000,0.192,0.545
1815,383,YLR073C,1,0.000,0.015,0.045
1816,383,YLR181C,5,0.000,0.069,0.227
1817,383,YLR119W,12,0.000,0.192,0.545
1818,383,YER128W,1,0.000,0.014,0.045
1819,383,YJL049W,8,0.000,0.124,0.364
1820,384,YER136W,2,0.000,0.577,0.667
1821,384,YOR370C,2,0.000,0.577,0.667
1822,384,YLR261C,0,0.000,0.000,0.000
1823,384,YML097C,2,0.000,0.577,0.667
1824,385,YMR304W,0,0.000,1.000,1.000
1825,386,YJL027C,5,0.000,0.405,0.833
1826,386,YJL028W,5,0.000,0.405,0.833
1827,386,YJR056C,5,0.000,0.405,0.833
1828,386,YJL022W,5,0.000,0.405,0.833
1829,386,YPL193W,1,0.000,0.083,0.167
1830,386,YJL161W,5,0.000,0.405,0.833
1831,387,YDL055C,0,0.000,0.577,0.000
1832,387,YBR085C-A,0,0.000,0.577,0.000
1833,387,YGL065C,0,0.000,0.577,0.000
1834,388,YIL030C,0,0.000,1.000,1.000
1835,389,YMR297W,0,0.000,0.500,0.000
1836,389,YBR139W,0,0.000,0.500,0.000
1837,389,YMR174C,0,0.000,0.500,0.000
1838,389,YKR034W,0,0.000,0.500,0.000
1839,390,YGL203C,2,0.000,0.290,0.333
1840,390,YEL060C,0,0.000,0.000,0.000
1841,390,YOR219C,2,0.000,0.290,0.333
1842,390,YGR014W,2,0.000,0.330,0.333
1843,391,YGR121C,2,0.000,0.577,1.000
1844,391,YNL142W,2,0.000,0.577,1.000
1845,391,YPR138C,2,0.000,0.577,1.000
1846,392,YBR281C,0,0.000,0.000,0.000
1847,392,YOL049W,2,0.000,0.435,0.500
1848,392,YKL215C,2,0.000,0.435,0.500
1849,393,YCL035C,0,0.000,0.707,0.000
1850,393,YDR513W,0,0.000,0.707,0.000
1851,394,YGL257C,0,0.000,0.000,0.000
1852,394,YPL050C,5,0.001,0.125,0.294
1853,394,YHR181W,1,0.000,0.035,0.059
1854,394,YJL183W,5,0.001,0.125,0.294
1855,394,YDR307W,2,0.000,0.076,0.118
1856,395,YOR134W,0,0.000,0.000,0.000
1857,395,YDR389W,0,0.000,0.000,0.000
1858,395,YLR310C,0,0.000,0.000,0.000
1859,395,YDL135C,0,0.000,0.000,0.000
1860,395,YMR232W,0,0.000,0.000,0.000
1861,395,YOR107W,1,0.000,0.046,0.067
1862,395,YJR092W,2,0.000,0.179,0.133
1863,395,YJL201W,0,0.000,0.000,0.000
1864,396,YGL067W,1,0.000,0.500,0.333
1865,396,YCL047C,0,0.000,0.000,0.000
1866,396,YLR328W,1,0.000,0.500,0.333
1867,397,YLR107W,2,0.000,0.523,0.667
1868,397,YMR285C,2,0.000,0.523,0.667
1869,397,YGR276C,1,0.000,0.282,0.333
1870,398,YDL184C,0,0.000,1.000,1.000
1871,399,YHR137W,0,0.000,1.000,1.000
1872,400,YDR421W,0,0.000,0.707,0.000
1873,400,YGL202W,0,0.000,0.707,0.000
1874,401,YCR008W,0,0.000,0.000,0.000
1875,401,YBR040W,0,0.000,0.000,0.000
1876,401,YNL321W,2,0.000,0.412,0.333
1877,401,YDR040C,2,0.000,0.412,0.333
1878,401,YKR050W,1,0.000,0.217,0.167
1879,402,YLR143W,0,0.000,1.000,1.000
1880,403,YFR044C,1,0.000,0.707,0.500
1881,403,YNL191W,1,0.000,0.707,0.500
1882,403,YKR074W,0,0.000,0.000,0.000
1883,404,YPR069C,3,0.000,0.482,0.750
1884,404,YPL052W,1,0.000,0.170,0.250
1885,404,YLR146C,3,0.000,0.482,0.750
1886,404,YOL052C,3,0.000,0.482,0.750
1887,405,YPL202C,2,0.000,0.523,0.667
1888,405,YDR098C,2,0.000,0.523,0.667
1889,405,YER174C,1,0.000,0.282,0.333
1890,406,YHR005C,1,0.000,0.354,0.250
1891,406,YER020W,1,0.000,0.354,0.250
1892,406,YBR140C,1,0.000,0.271,0.250
1893,407,YBR223C,0,0.000,1.000,1.000
1894,408,YMR070W,0,0.000,1.000,1.000
1895,409,YKR098C,3,0.000,0.439,0.750
1896,409,YOL087C,2,0.000,0.307,0.500
1897,409,YIL156W,3,0.000,0.439,0.750
1898,410,YML047C,0,0.000,1.000,1.000
1899,411,YDR414C,2,0.000,0.577,1.000
1900,411,YCR075C,2,0.000,0.577,1.000
1901,411,YKR007W,2,0.000,0.577,1.000
1902,412,YGL054C,1,0.000,0.075,0.125
1903,412,YOR016C,4,0.000,0.273,0.500
1904,412,YHR110W,4,0.007,0.263,0.500
1905,413,YMR111C,0,0.000,0.577,0.000
1906,413,YKL047W,0,0.000,0.577,0.000
1907,413,YPL236C,0,0.000,0.577,0.000
1908,414,YDR523C,1,0.000,0.091,0.143
1909,414,YHR102W,4,0.000,0.356,0.571
1910,414,YCL051W,1,0.000,0.078,0.143
1911,415,YJR010C-A,3,0.000,0.500,1.000
1912,415,YIR022W,3,0.000,0.500,1.000
1913,415,YLR066W,3,0.000,0.500,1.000
1914,415,YML055W,3,0.000,0.500,1.000
1915,416,YEL076C,4,0.000,0.447,1.000
1916,416,YEL075W-A,4,0.000,0.447,1.000
1917,416,YEL074W,4,0.000,0.447,1.000
1918,416,YEL077C,4,0.000,0.447,1.000
1919,416,YEL075C,4,0.000,0.447,1.000
1920,417,YGL045W,6,0.000,0.362,0.750
1921,417,YMR063W,6,0.000,0.362,0.750
1922,417,YGR122W,2,0.000,0.125,0.250
1923,417,YNL294C,6,0.000,0.362,0.750
1924,417,YOR030W,6,0.000,0.362,0.750
1925,417,YGR058W,2,0.000,0.125,0.250
1926,418,YDL195W,0,0.000,1.000,1.000
1927,419,YOR385W,1,0.000,0.707,0.500
1928,419,YOL016C,1,0.000,0.707,0.500
1929,419,YBR056W-A,0,0.000,0.000,0.000
1930,420,YBR094W,1,0.000,0.082,0.125
1931,420,YGL168W,0,0.000,0.000,0.000
1932,420,YLR443W,2,0.000,0.188,0.250
1933,421,YIR018W,0,0.000,0.577,0.000
1934,421,YGL167C,0,0.000,0.577,0.000
1935,421,YMR034C,0,0.000,0.577,0.000
1936,422,YDR459C,1,0.000,0.707,0.333
1937,422,YOL003C,0,0.000,0.000,0.000
1938,422,YDR126W,1,0.000,0.707,0.333
1939,422,YNL326C,0,0.000,0.000,0.000
1940,423,YDL240W,0,0.000,1.000,1.000
1941,424,YGR198W,2,0.000,0.435,0.667
1942,424,YDR208W,2,0.000,0.435,0.667
1943,425,YLR422W,0,0.000,0.707,0.000
1944,425,YDR273W,0,0.000,0.707,0.000
1945,426,YOR269W,0,0.000,1.000,1.000
1946,427,YDR517W,0,0.000,0.707,0.000
1947,427,YJR134C,0,0.000,0.707,0.000
1948,428,YIL177C,0,0.000,1.000,1.000
1949,429,YML133C,2,0.000,0.577,1.000
1950,429,YML133W-B,2,0.000,0.577,1.000
1951,429,YML133W-A,2,0.000,0.577,1.000
1952,430,YKL102C,2,0.000,0.523,0.667
1953,430,YDR521W,2,0.000,0.523,0.667
1954,430,YLL066C,1,0.000,0.282,0.333
1955,431,YLL067C,0,0.000,1.000,1.000
1956,432,YDL124W,0,0.000,1.000,1.000
1957,433,YER150W,0,0.000,0.577,0.000
1958,433,YKL096W-A,0,0.000,0.577,0.000
1959,433,YJL159W,0,0.000,0.577,0.000
1960,434,YHR195W,0,0.000,0.447,0.000
1961,434,YML072C,0,0.000,0.447,0.000
1962,434,YKL130C,0,0.000,0.447,0.000
1963,434,YER120W,0,0.000,0.447,0.000
1964,434,YBL091C-A,0,0.000,0.447,0.000
1965,435,YNL160W,0,0.000,1.000,1.000
1966,436,YDR150W,0,0.000,1.000,1.000
1967,437,YDL113C,2,0.000,0.091,0.167
1968,437,YKR078W,3,0.000,0.155,0.250
1969,437,YBL017C,5,0.000,0.244,0.417
1970,437,YJL044C,2,0.000,0.101,0.167
1971,437,YMR004W,5,0.000,0.240,0.417
1972,437,YDR425W,3,0.000,0.145,0.250
1973,438,YBR086C,0,0.000,1.000,1.000
1974,439,YOR216C,1,0.000,0.000,0.143
1975,439,YKR020W,2,0.000,0.330,0.286
1976,439,YLR039C,2,0.000,0.290,0.286
1977,439,YKL179C,1,0.000,0.000,0.143
1978,439,YDR137W,2,0.000,0.290,0.286
1979,440,YMR079W,0,0.000,1.000,1.000
1980,441,YOR086C,0,0.000,0.707,0.000
1981,441,YGR202C,0,0.000,0.707,0.000
1982,442,YPL272C,0,0.000,0.707,0.000
1983,442,YJL145W,0,0.000,0.707,0.000
1984,443,YMR010W,0,0.000,0.000,0.000
1985,443,YNL323W,1,0.000,0.707,0.200
1986,443,YCR094W,1,0.000,0.707,0.200
1987,443,YNR048W,0,0.000,0.000,0.000
1988,443,YCR091W,0,0.000,0.000,0.000
1989,443,YNR047W,0,0.000,0.000,0.000
1990,444,YAL026C,1,0.000,0.500,0.333
1991,444,YDR093W,1,0.000,0.500,0.333
1992,444,YMR162C,0,0.000,0.000,0.000
1993,445,YNL297C,2,0.000,0.577,1.000
1994,445,YDR141C,2,0.000,0.577,1.000
1995,445,YIL048W,2,0.000,0.577,1.000
1996,446,YLR307W,2,0.000,0.067,0.143
1997,446,YNR067C,6,0.000,0.327,0.429
1998,446,YBR158W,5,0.000,0.272,0.357
1999,446,YLR308W,2,0.000,0.067,0.143
2000,446,YOR190W,0,0.000,0.000,0.000
2001,446,YGR189C,2,0.000,0.065,0.143
2002,446,YGR282C,0,0.000,0.000,0.000
2003,446,YJL158C,2,0.000,0.065,0.143
2004,447,YLR097C,1,0.000,0.707,1.000
2005,447,YBR280C,1,0.000,0.707,1.000
2006,448,YGR003W,0,0.000,1.000,1.000
2007,449,YLR380W,0,0.000,0.707,0.000
2008,449,YNL264C,0,0.000,0.707,0.000
2009,450,YNL334C,5,0.000,0.408,1.000
2010,450,YNL333W,5,0.000,0.408,1.000
2011,450,YFL059W,5,0.000,0.408,1.000
2012,450,YMR096W,5,0.000,0.408,1.000
2013,450,YMR095C,5,0.000,0.408,1.000
2014,450,YFL060C,5,0.000,0.408,1.000
2015,451,YNL086W,5,0.000,0.408,1.000
2016,451,YGL079W,5,0.000,0.408,1.000
2017,451,YLR408C,5,0.000,0.408,1.000
2018,451,YDR357C,5,0.000,0.408,1.000
2019,451,YKL061W,5,0.000,0.408,1.000
2020,451,YEL005C,5,0.000,0.408,1.000
2021,452,YDR104C,0,0.000,0.577,0.000
2022,452,YHR105W,0,0.000,0.577,0.000
2023,452,YLR253W,0,0.000,0.577,0.000
2024,453,YOR042W,0,0.000,1.000,1.000
2025,454,YHR192W,3,0.000,0.500,1.000
2026,454,YDR233C,3,0.000,0.500,1.000
2027,454,YPR028W,3,0.000,0.500,1.000
2028,454,YOR165W,3,0.000,0.500,1.000
2029,455,YOR090C,1,0.000,0.707,1.000
2030,455,YCR079W,1,0.000,0.707,1.000
2031,456,YMR247C,0,0.000,1.000,1.000
2032,457,YDR266C,2,0.000,0.351,0.500
2033,457,YGL110C,2,0.000,0.351,0.500
2034,458,YDL198C,0,0.000,1.000,1.000
2035,459,YPL249C,0,0.000,0.707,0.000
2036,459,YGR100W,0,0.000,0.707,0.000
2037,460,YKL209C,4,0.000,0.223,0.333
2038,460,YHR135C,2,0.000,0.093,0.167
2039,460,YJL170C,0,0.000,0.000,0.000
2040,460,YJR004C,4,0.000,0.212,0.333
2041,460,YLR040C,4,0.000,0.212,0.333
2042,461,YIL120W,0,0.000,0.447,0.000
2043,461,YIL121W,0,0.000,0.447,0.000
2044,461,YPR157W,0,0.000,0.447,0.000
2045,461,YNL065W,0,0.000,0.447,0.000
2046,461,YPR008W,0,0.000,0.447,0.000
2047,462,YNL196C,2,0.000,0.497,0.500
2048,462,YBR057C,2,0.000,0.497,0.500
2049,462,YCL027W,1,0.000,0.155,0.250
2050,463,YJR094C,0,0.000,1.000,1.000
2051,464,YFL067W,3,0.000,0.482,0.600
2052,464,YCL012C,0,0.000,0.000,0.000
2053,464,YFL064C,3,0.000,0.482,0.600
2054,464,YHL049C,1,0.000,0.170,0.200
2055,464,YFL065C,3,0.000,0.482,0.600
2056,465,YJL073W,0,0.000,1.000,1.000
2057,466,YJR131W,0,0.000,1.000,1.000
2058,467,YGR225W,0,0.000,1.000,1.000
2059,468,YGL117W,0,0.000,1.000,1.000
2060,469,YOR271C,0,0.000,1.000,1.000
2061,470,YDR221W,0,0.000,0.577,0.000
2062,470,YMR200W,0,0.000,0.577,0.000
2063,470,YNL322C,0,0.000,0.577,0.000
2064,471,YOR066W,0,0.000,1.000,1.000
2065,472,YMR100W,0,0.000,0.577,0.000
2066,472,YKL010C,0,0.000,0.577,0.000
2067,472,YGL141W,0,0.000,0.577,0.000
2068,473,YHR009C,0,0.000,0.707,0.000
2069,473,YDL025C,0,0.000,0.707,0.000
2070,474,YJR089W,0,0.000,1.000,1.000
2071,475,YGL071W,0,0.000,1.000,1.000
2072,476,YCL066W,3,0.033,0.339,0.600
2073,476,YCR039C,3,0.033,0.339,0.600
2074,476,YCR096C,3,0.000,0.365,0.600
2075,477,YKR088C,0,0.000,0.707,0.000
2076,477,YDR084C,0,0.000,0.707,0.000
2077,478,YDR100W,1,0.000,0.707,1.000
2078,478,YMR071C,1,0.000,0.707,1.000
2079,479,YLL028W,0,0.000,0.707,0.000
2080,479,YNR055C,0,0.000,0.707,0.000
2081,480,YBR008C,0,0.000,1.000,1.000
2082,481,YMR086W,2,0.000,0.307,0.400
2083,481,YOL100W,3,0.000,0.439,0.600
2084,481,YDR490C,3,0.000,0.439,0.600
2085,481,YGR130C,0,0.000,0.000,0.000
2086,482,YOL101C,2,0.000,0.577,1.000
2087,482,YLR023C,2,0.000,0.577,1.000
2088,482,YJL056C,2,0.000,0.577,1.000
2089,483,YOR043W,0,0.000,1.000,1.000
2090,484,YDR497C,0,0.000,1.000,1.000
2091,485,YPL092W,0,0.000,1.000,1.000
2092,486,YGR120C,7,0.000,0.335,0.875
2093,486,YNL051W,7,0.000,0.335,0.875
2094,486,YJL029C,4,0.000,0.197,0.500
2095,486,YGL005C,7,0.000,0.335,0.875
2096,486,YGL223C,7,0.000,0.335,0.875
2097,487,YGL038C,0,0.000,1.000,1.000
2098,488,YGL032C,0,0.000,0.577,0.000
2099,488,YCR089W,0,0.000,0.577,0.000
2100,488,YLR452C,0,0.000,0.577,0.000
2101,489,YMR216C,0,0.000,1.000,1.000
2102,490,YNR059W,0,0.000,0.000,0.000
2103,490,YIL014W,1,0.000,0.217,0.200
2104,490,YJL186W,2,0.000,0.412,0.400
2105,490,YKL201C,2,0.000,0.412,0.400
2106,491,YPL053C,0,0.000,1.000,1.000
2107,492,YDR089W,0,0.000,1.000,1.000
2108,493,YOR220W,0,0.000,0.707,0.000
2109,493,YMR316W,0,0.000,0.707,0.000
2110,494,YBR260C,0,0.000,1.000,1.000
2111,495,YGR004W,0,0.000,0.577,0.000
2112,495,YDR479C,0,0.000,0.577,0.000
2113,495,YBR168W,0,0.000,0.577,0.000
2114,496,YLR324W,0,0.000,0.707,0.000
2115,496,YHR150W,0,0.000,0.707,0.000
2116,497,YGR184C,0,0.000,1.000,1.000
2117,498,YNL008C,1,0.000,0.707,1.000
2118,498,YMR119W,1,0.000,0.707,1.000
2119,499,YKR039W,0,0.000,0.707,0.000
2120,499,YJR152W,0,0.000,0.707,0.000
2121,500,YLL038C,0,0.000,0.577,0.000
2122,500,YGL217C,0,0.000,0.577,0.000
2123,500,YGL102C,0,0.000,0.577,0.000
2124,501,YFL048C,0,0.000,1.000,1.000
2125,502,YGL161C,2,0.000,0.435,0.667
2126,502,YNL263C,2,0.000,0.435,0.667
2127,503,YDR264C,0,0.000,0.707,0.000
2128,503,YLR246W,0,0.000,0.707,0.000
2129,504,YBR187W,0,0.000,1.000,1.000
2130,505,YER123W,0,0.000,0.707,0.000
2131,505,YPL199C,0,0.000,0.707,0.000
2132,506,YJL151C,0,0.000,1.000,1.000
2133,507,YOL073C,0,0.000,1.000,1.000
2134,508,YOL042W,0,0.000,1.000,1.000
2135,509,YDR135C,0,0.000,0.707,0.000
2136,509,YLL048C,0,0.000,0.707,0.000
2137,510,YBR053C,0,0.000,1.000,1.000
2138,511,YMR041C,0,0.000,0.500,0.000
2139,511,YBR149W,0,0.000,0.500,0.000
2140,511,YAL008W,0,0.000,0.500,0.000
2141,511,YBR056W,0,0.000,0.500,0.000
2142,512,YOR163W,1,0.000,0.160,0.200
2143,512,YML099C,1,0.000,0.160,0.200
2144,512,YLR410W,3,0.000,0.467,0.600
2145,512,YDR315C,3,0.000,0.467,0.600
2146,513,YPR201W,2,0.000,0.577,1.000
2147,513,YPR199C,2,0.000,0.577,1.000
2148,513,YPR200C,2,0.000,0.577,1.000
2149,514,YBR030W,3,0.000,0.500,1.000
2150,514,YPL208W,3,0.000,0.500,1.000
2151,514,YDR198C,3,0.000,0.500,1.000
2152,514,YDR257C,3,0.000,0.500,1.000
2153,515,YDR406W,0,0.000,0.577,0.000
2154,515,YGL013C,0,0.000,0.577,0.000
2155,515,YOR328W,0,0.000,0.577,0.000
2156,516,YER049W,0,0.000,1.000,1.000
2157,517,YNL078W,1,0.000,0.707,1.000
2158,517,YOL070C,1,0.000,0.707,1.000
2159,518,YFL056C,2,0.000,0.577,1.000
2160,518,YDL243C,2,0.000,0.577,1.000
2161,518,YFL057C,2,0.000,0.577,1.000
2162,519,YOR053W,0,0.000,1.000,1.000
2163,520,YOR394C-A,0,0.000,0.577,0.000
2164,520,YOR396W,0,0.000,0.577,0.000
2165,520,YDR545W,0,0.000,0.577,0.000
2166,521,YDR545C-A,0,0.000,1.000,1.000
2167,522,YOR396C-A,0,0.000,1.000,1.000
2168,523,YPL058C,0,0.000,1.000,1.000
2169,524,YOR386W,0,0.000,0.707,0.000
2170,524,YBR078W,0,0.000,0.707,0.000
2171,525,YOR252W,0,0.000,1.000,1.000
2172,526,YOL110W,0,0.000,1.000,1.000
2173,527,YIR003W,0,0.000,1.000,1.000
2174,528,YKL142W,0,0.000,0.500,0.000
2175,528,YML052W,0,0.000,0.500,0.000
2176,528,YPR149W,0,0.000,0.500,0.000
2177,528,YMR031C,0,0.000,0.500,0.000
2178,529,YBL005W,0,0.000,1.000,1.000
2179,530,YFR018C,0,0.000,1.000,1.000
2180,531,YOR242C,0,0.000,1.000,1.000
2181,532,YJL059W,0,0.000,1.000,1.000
2182,533,YCL042W,2,0.000,0.577,1.000
2183,533,YCR024C-B,2,0.000,0.577,1.000
2184,533,YCL001W-A,2,0.000,0.577,1.000
2185,534,YBL049W,0,0.000,1.000,1.000
2186,535,YGL139W,0,0.000,0.707,0.000
2187,535,YGL146C,0,0.000,0.707,0.000
2188,536,YGL140C,0,0.000,1.000,1.000
2189,537,YML086C,0,0.000,1.000,1.000
2190,538,YOR193W,0,0.000,1.000,1.000
2191,539,YLR065C,0,0.000,1.000,1.000
2192,540,YPL075W,0,0.000,0.577,0.000
2193,540,YOR344C,0,0.000,0.577,0.000
2194,540,YDL046W,0,0.000,0.577,0.000
2195,541,YOR383C,0,0.000,1.000,1.000
2196,542,YAL068C,17,0.000,0.219,0.850
2197,542,YOL161C,17,0.000,0.219,0.850
2198,542,YGL261C,17,0.000,0.219,0.850
2199,542,YHL046C,17,0.000,0.219,0.850
2200,542,YAR020C,8,0.000,0.106,0.400
2201,542,YDR542W,17,0.000,0.219,0.850
2202,543,YLR047C,0,0.000,1.000,1.000
2203,544,YNL158W,0,0.000,1.000,1.000
2204,545,YNR044W,0,0.000,1.000,1.000
2205,546,YDR250C,0,0.000,0.707,0.000
2206,546,YBR294W,0,0.000,0.707,0.000
2207,547,YGR125W,0,0.000,1.000,1.000
2208,548,YER035W,0,0.000,1.000,1.000
2209,549,YHR139C,0,0.000,0.707,0.000
2210,549,YDR402C,0,0.000,0.707,0.000
2211,550,YML131W,0,0.000,0.707,0.000
2212,550,YLL059C,0,0.000,0.707,0.000
2213,551,YLL056C,0,0.000,1.000,1.000
2214,552,YNL199C,0,0.000,0.707,0.000
2215,552,YPL006W,0,0.000,0.707,0.000
2216,553,YER039C,0,0.000,1.000,1.000
2217,554,YBL111C,3,0.000,0.500,1.000
2218,554,YBL109W,3,0.000,0.500,1.000
2219,554,YBL113C,3,0.000,0.500,1.000
2220,554,YBL113W-A,3,0.000,0.500,1.000
2221,555,YEL004W,0,0.000,1.000,1.000
2222,556,YDR085C,0,0.000,1.000,1.000
2223,557,YLR467C-A,0,0.000,0.000,0.000
2224,557,YLR463C,1,0.000,0.707,0.500
2225,557,YLR465C,1,0.000,0.707,0.500
2226,558,YLR466C-B,0,0.000,1.000,1.000
2227,559,YBR293W,0,0.000,0.577,0.000
2228,559,YKL146W,0,0.000,0.577,0.000
2229,559,YNL101W,0,0.000,0.577,0.000
2230,560,YER119C,0,0.000,0.577,0.000
2231,560,YIL088C,0,0.000,0.577,0.000
2232,560,YCL038C,0,0.000,0.577,0.000
2233,561,YPR156C,1,0.000,0.707,0.500
2234,561,YGR138C,1,0.000,0.707,0.500
2235,561,YHR048W,0,0.000,0.000,0.000
2236,562,YLR156W,0,0.000,1.000,1.000
2237,563,YBL108W,0,0.000,0.000,0.000
2238,563,YJR162C,1,0.000,0.707,0.200
2239,563,YDR544C,0,0.000,0.000,0.000
2240,563,YER190W,0,0.000,0.000,0.000
2241,563,YHR217C,0,0.000,0.000,0.000
2242,563,YNL337W,1,0.000,0.707,0.200
2243,564,YHR219W,0,0.000,1.000,1.000
2244,565,YFL063W,0,0.000,0.000,0.000
2245,565,YKL225W,1,0.000,0.500,0.250
2246,565,YNR077C,1,0.000,0.500,0.250
2247,565,YNL338W,0,0.000,0.000,0.000
2248,566,YER188C-A,1,0.000,0.707,1.000
2249,566,YER189W,1,0.000,0.707,1.000
2250,567,YHL050W-A,0,0.000,1.000,1.000
2251,568,YNL034W,0,0.000,0.577,0.000
2252,568,YNL018C,0,0.000,0.577,0.000
2253,568,YFL051C,0,0.000,0.577,0.000
2254,569,YNL033W,0,0.000,0.707,0.000
2255,569,YNL019C,0,0.000,0.707,0.000
