,cluster,protein,degree,degree_centrality,eigenvector_centrality,betweenness_centrality
0,0,Q0143,6,0.857,0.417,0.119
1,0,Q0010,6,0.857,0.417,0.119
2,0,Q0297,6,0.857,0.403,0.286
3,1,YER048W-A,14,0.875,0.266,0.008
4,1,YGL018C,14,0.875,0.266,0.008
5,1,YLL027W,14,0.875,0.261,0.016
6,1,YPR067W,16,1.000,0.283,0.042
7,1,YCL017C,14,0.875,0.266,0.008
8,1,YPL059W,16,1.000,0.283,0.042
9,1,YKL040C,16,1.000,0.283,0.042
10,1,YJR122W,14,0.875,0.255,0.025
11,1,YPL252C,14,0.875,0.266,0.008
12,2,YFL016C,4,0.800,0.510,0.100
13,2,YOR232W,4,0.800,0.510,0.100
14,3,YGL127C,38,0.427,0.144,0.017
15,3,YDL140C,66,0.742,0.212,0.169
16,3,YHR143W-A,38,0.427,0.165,0.012
17,3,YHR058C,36,0.404,0.139,0.012
18,3,YML010W,36,0.404,0.113,0.046
19,3,YOR224C,39,0.438,0.167,0.013
20,3,YOR151C,48,0.539,0.185,0.032
21,3,YOL005C,42,0.472,0.178,0.011
22,3,YPR086W,46,0.517,0.186,0.026
23,3,YPR187W,43,0.483,0.176,0.018
24,3,YOR210W,42,0.472,0.173,0.017
25,3,YDR404C,43,0.483,0.178,0.015
26,3,YOL135C,40,0.449,0.152,0.027
27,3,YIL143C,35,0.393,0.141,0.018
28,3,YGL043W,38,0.427,0.144,0.022
29,3,YMR112C,34,0.382,0.140,0.010
30,3,YER022W,36,0.404,0.144,0.012
31,3,YLR071C,39,0.438,0.147,0.020
32,3,YBR154C,43,0.483,0.174,0.022
33,3,YJL140W,45,0.506,0.186,0.019
34,3,YER171W,34,0.382,0.136,0.013
35,3,YIL021W,49,0.551,0.189,0.032
36,3,YGL070C,41,0.461,0.172,0.021
37,3,YDR308C,37,0.416,0.140,0.015
38,4,YGR231C,1,0.250,0.707,0.000
39,4,YGR132C,1,0.250,0.707,0.000
40,5,YOR116C,19,0.396,0.131,0.027
41,5,YMR236W,22,0.458,0.223,0.015
42,5,YDR392W,16,0.333,0.169,0.011
43,5,YBR198C,22,0.458,0.223,0.015
44,5,YGL112C,22,0.458,0.223,0.015
45,5,YDR167W,23,0.479,0.228,0.028
46,5,YPR190C,16,0.333,0.122,0.002
47,5,YOR207C,17,0.354,0.122,0.021
48,5,YDR145W,22,0.458,0.223,0.015
49,5,YGR246C,22,0.458,0.143,0.024
50,5,YNL039W,21,0.438,0.140,0.015
51,5,YDL150W,16,0.333,0.122,0.002
52,5,YER148W,44,0.917,0.334,0.546
53,6,YPL003W,7,0.212,0.229,0.000
54,6,YLR306W,8,0.242,0.242,0.003
55,6,YPR066W,9,0.273,0.269,0.004
56,6,YDR054C,10,0.303,0.281,0.009
57,6,YDL132W,16,0.485,0.347,0.090
58,6,YOL133W,17,0.515,0.364,0.135
59,6,YIL046W,7,0.212,0.189,0.025
60,6,YDR139C,10,0.303,0.277,0.018
61,6,YDR328C,22,0.667,0.372,0.370
62,6,YJL047C,9,0.273,0.227,0.032
63,6,YLR128W,7,0.212,0.193,0.005
64,6,YFL009W,7,0.212,0.189,0.025
65,7,YGL211W,11,0.550,0.296,0.014
66,7,YIL008W,10,0.500,0.275,0.009
67,7,YHR111W,10,0.500,0.281,0.007
68,7,YGR200C,15,0.750,0.342,0.190
69,7,YPL101W,10,0.500,0.275,0.020
70,7,YPL086C,13,0.650,0.333,0.046
71,7,YBL071W-A,13,0.650,0.228,0.264
72,7,YLR384C,11,0.550,0.298,0.027
73,8,YOR027W,16,0.696,0.298,0.161
74,8,YMR186W,17,0.739,0.324,0.070
75,8,YPL240C,17,0.739,0.324,0.070
76,8,YLR216C,13,0.565,0.281,0.017
77,8,YDR214W,15,0.652,0.307,0.031
78,8,YKL117W,14,0.609,0.281,0.037
79,9,YJR082C,25,0.229,0.137,0.015
80,9,YFL039C,72,0.661,0.273,0.479
81,9,YFL024C,24,0.220,0.150,0.003
82,9,YGR002C,34,0.312,0.218,0.008
83,9,YLR399C,20,0.183,0.145,0.000
84,9,YOR244W,24,0.220,0.149,0.005
85,9,YFL013C,22,0.202,0.152,0.000
86,9,YLR052W,23,0.211,0.157,0.000
87,9,YGR252W,24,0.220,0.131,0.012
88,9,YDL002C,23,0.211,0.152,0.005
89,9,YJL081C,38,0.349,0.236,0.013
90,9,YDL029W,30,0.275,0.037,0.041
91,9,YPR023C,26,0.239,0.159,0.005
92,9,YHR099W,28,0.257,0.159,0.022
93,9,YDR485C,24,0.220,0.167,0.001
94,9,YOR189W,22,0.202,0.151,0.000
95,9,YDR176W,22,0.202,0.127,0.007
96,9,YML041C,20,0.183,0.145,0.000
97,9,YDR129C,23,0.211,0.033,0.009
98,9,YPL129W,29,0.266,0.169,0.028
99,9,YNL107W,38,0.349,0.234,0.016
100,9,YGL150C,25,0.229,0.159,0.006
101,9,YPL235W,37,0.339,0.202,0.045
102,9,YLR085C,20,0.183,0.143,0.000
103,9,YOR181W,28,0.257,0.035,0.047
104,9,YHR090C,23,0.211,0.129,0.007
105,9,YLL050C,20,0.183,0.030,0.010
106,9,YDR190C,38,0.349,0.202,0.061
107,9,YDR334W,27,0.248,0.182,0.003
108,9,YNL059C,20,0.183,0.134,0.001
109,9,YCR088W,22,0.202,0.032,0.028
110,10,YBL003C,15,0.357,0.204,0.004
111,10,YML069W,16,0.381,0.203,0.011
112,10,YGL207W,15,0.357,0.197,0.010
113,10,YBR009C,26,0.619,0.288,0.051
114,10,YNL030W,18,0.429,0.224,0.014
115,10,YNL206C,16,0.381,0.168,0.020
116,10,YNL031C,31,0.738,0.301,0.175
117,10,YJL115W,25,0.595,0.269,0.076
118,10,YJL168C,17,0.405,0.185,0.065
119,10,YDR224C,18,0.429,0.222,0.053
120,10,YOL012C,15,0.357,0.189,0.048
121,10,YDR225W,16,0.381,0.213,0.006
122,10,YBR010W,31,0.738,0.307,0.141
123,11,YOL145C,0,1.000,1.000,0.000
124,12,YJR035W,0,1.000,1.000,0.000
125,13,YPL217C,149,0.723,0.095,0.005
126,13,YCL059C,138,0.670,0.090,0.003
127,13,YER082C,142,0.689,0.093,0.003
128,13,YLR222C,150,0.728,0.096,0.007
129,13,YPL093W,145,0.704,0.092,0.005
130,13,YLR276C,142,0.689,0.092,0.005
131,13,YOR206W,158,0.767,0.098,0.007
132,13,YOR310C,145,0.704,0.093,0.007
133,13,YMR229C,144,0.699,0.093,0.003
134,13,YDL060W,144,0.699,0.093,0.004
135,13,YDR449C,146,0.709,0.096,0.003
136,13,YLR197W,145,0.704,0.093,0.007
137,13,YDR496C,163,0.791,0.098,0.030
138,13,YDR398W,146,0.709,0.095,0.004
139,13,YCL054W,161,0.782,0.098,0.011
140,13,YKL009W,149,0.723,0.094,0.006
141,13,YNL132W,145,0.704,0.094,0.004
142,13,YJL033W,149,0.723,0.096,0.004
143,13,YKL172W,154,0.748,0.096,0.006
144,13,YHR052W,155,0.752,0.096,0.008
145,13,YNL110C,158,0.767,0.097,0.006
146,13,YPL211W,139,0.675,0.088,0.007
147,13,YGR245C,146,0.709,0.094,0.007
148,13,YNL061W,152,0.738,0.096,0.005
149,13,YNL308C,142,0.689,0.093,0.003
150,13,YLR409C,144,0.699,0.092,0.004
151,13,YHR170W,141,0.684,0.090,0.008
152,13,YLR009W,144,0.699,0.091,0.009
153,13,YGL171W,140,0.680,0.093,0.002
154,13,YGR145W,153,0.743,0.098,0.004
155,13,YMR290C,158,0.767,0.098,0.006
156,13,YMR049C,166,0.806,0.101,0.021
157,13,YOL077C,155,0.752,0.095,0.016
158,13,YGL078C,148,0.718,0.091,0.009
159,13,YOR145C,138,0.670,0.090,0.003
160,13,YDR299W,144,0.699,0.093,0.006
161,13,YAL025C,144,0.699,0.090,0.008
162,13,YLR002C,138,0.670,0.089,0.003
163,13,YOR294W,154,0.748,0.096,0.006
164,13,YPR144C,139,0.675,0.091,0.003
165,13,YDL148C,148,0.718,0.096,0.004
166,13,YLL008W,152,0.738,0.095,0.010
167,13,YCR057C,154,0.748,0.097,0.015
168,13,YPL043W,162,0.786,0.099,0.008
169,13,YGR103W,171,0.830,0.103,0.012
170,13,YOR272W,165,0.801,0.101,0.008
171,13,YBR247C,153,0.743,0.097,0.005
172,13,YPL012W,143,0.694,0.093,0.004
173,13,YKR081C,163,0.791,0.101,0.006
174,13,YPR137W,149,0.723,0.095,0.007
175,13,YNL075W,146,0.709,0.094,0.004
176,13,YLR129W,149,0.723,0.096,0.004
177,13,YER006W,153,0.743,0.096,0.005
178,14,YOL142W,19,0.655,0.249,0.015
179,14,YGR158C,18,0.621,0.246,0.005
180,14,YOL021C,22,0.759,0.262,0.052
181,14,YJL050W,21,0.724,0.241,0.063
182,14,YGR095C,18,0.621,0.246,0.005
183,14,YGR195W,18,0.621,0.246,0.005
184,14,YNL232W,19,0.655,0.249,0.015
185,14,YOR001W,27,0.931,0.273,0.250
186,15,YGL050W,4,0.444,0.447,0.000
187,15,YML005W,4,0.444,0.447,0.000
188,15,YPL207W,4,0.444,0.447,0.000
189,15,YOL141W,4,0.444,0.447,0.000
190,15,YHR070W,4,0.444,0.447,0.000
191,16,YKL024C,7,0.538,0.360,0.071
192,16,YKL216W,6,0.462,0.346,0.013
193,16,YML106W,6,0.462,0.346,0.013
194,16,YLR420W,6,0.462,0.320,0.097
195,16,YEL021W,11,0.846,0.468,0.400
196,17,YPR062W,6,1.000,0.508,0.489
197,17,YLR245C,4,0.667,0.411,0.067
198,17,YDR400W,4,0.667,0.435,0.022
199,17,YLR209C,4,0.667,0.435,0.022
200,18,YLR340W,154,0.928,0.084,0.003
201,18,YKR057W,152,0.916,0.084,0.002
202,18,YIL069C,154,0.928,0.085,0.002
203,18,YCR031C,155,0.934,0.085,0.002
204,18,YMR116C,160,0.964,0.086,0.005
205,18,YGL189C,153,0.922,0.084,0.002
206,18,YML026C,156,0.940,0.085,0.002
207,18,YPL131W,153,0.922,0.084,0.001
208,18,YPL081W,154,0.928,0.085,0.001
209,18,YDR447C,155,0.934,0.085,0.002
210,18,YDR450W,152,0.916,0.084,0.001
211,18,YOR167C,154,0.928,0.085,0.002
212,18,YJR123W,159,0.958,0.085,0.009
213,18,YOR293W,155,0.934,0.085,0.002
214,18,YBL072C,157,0.946,0.085,0.002
215,18,YBR181C,155,0.934,0.085,0.002
216,18,YGR214W,156,0.940,0.085,0.002
217,18,YOR369C,157,0.946,0.085,0.014
218,18,YJR145C,157,0.946,0.085,0.002
219,18,YGL123W,159,0.958,0.085,0.004
220,18,YML063W,153,0.922,0.084,0.001
221,18,YER074W,156,0.940,0.085,0.002
222,18,YDR064W,157,0.946,0.085,0.002
223,18,YBR048W,154,0.928,0.084,0.002
224,18,YHL015W,159,0.958,0.086,0.003
225,18,YOL040C,159,0.958,0.086,0.003
226,18,YNL178W,160,0.964,0.086,0.005
227,18,YHR203C,154,0.928,0.085,0.002
228,18,YJL190C,156,0.940,0.085,0.002
229,18,YER102W,158,0.952,0.086,0.002
230,18,YDR025W,152,0.916,0.084,0.001
231,18,YLR388W,153,0.922,0.084,0.002
232,18,YOR096W,155,0.934,0.085,0.002
233,18,YMR143W,156,0.940,0.085,0.002
234,18,YDL083C,156,0.940,0.085,0.002
235,18,YBR031W,152,0.916,0.084,0.002
236,18,YGR118W,156,0.940,0.085,0.002
237,18,YGR027C,153,0.922,0.084,0.002
238,18,YJL191W,152,0.916,0.084,0.001
239,18,YPR132W,154,0.928,0.085,0.002
240,18,YML024W,157,0.946,0.085,0.002
241,18,YLR264W,155,0.934,0.085,0.002
242,18,YLR441C,158,0.952,0.085,0.002
243,18,YPL090C,156,0.940,0.085,0.002
244,18,YOL121C,152,0.916,0.084,0.001
245,18,YOR063W,154,0.928,0.084,0.004
246,19,YBR118W,0,1.000,1.000,0.000
247,20,YEL050C,70,0.843,0.131,0.006
248,20,YNL005C,70,0.843,0.130,0.006
249,20,YMR158W,72,0.867,0.133,0.008
250,20,YJR113C,70,0.843,0.131,0.005
251,20,YOR150W,69,0.831,0.131,0.004
252,20,YBR146W,74,0.892,0.136,0.008
253,20,YCR046C,70,0.843,0.130,0.007
254,20,YNR037C,71,0.855,0.132,0.006
255,20,YBR251W,75,0.904,0.136,0.033
256,20,YLR439W,68,0.819,0.129,0.005
257,20,YGR220C,71,0.855,0.132,0.016
258,20,YDR041W,68,0.819,0.127,0.006
259,20,YDR337W,74,0.892,0.136,0.008
260,20,YCR003W,68,0.819,0.129,0.004
261,20,YJL063C,71,0.855,0.132,0.006
262,20,YGL129C,73,0.880,0.135,0.007
263,20,YPR166C,72,0.867,0.135,0.006
264,20,YPL183W-A,68,0.819,0.128,0.007
265,20,YNL306W,69,0.831,0.131,0.004
266,20,YPL013C,75,0.904,0.137,0.010
267,20,YBL038W,70,0.843,0.131,0.007
268,20,YKL003C,75,0.904,0.137,0.009
269,20,YNL137C,69,0.831,0.129,0.007
270,20,YER050C,70,0.843,0.132,0.005
271,21,YER025W,8,0.800,0.333,0.000
272,21,YLR291C,8,0.800,0.333,0.000
273,21,YDR211W,8,0.800,0.333,0.000
274,21,YOR260W,8,0.800,0.333,0.000
275,21,YPL237W,8,0.800,0.333,0.000
276,21,YGR083C,8,0.800,0.333,0.000
277,21,YKR026C,8,0.800,0.333,0.000
278,21,YDR283C,8,0.800,0.333,0.000
279,21,YJR007W,8,0.800,0.333,0.000
280,22,YLL039C,3,0.500,0.557,0.033
281,22,YDR177W,3,0.500,0.557,0.033
282,23,YGL190C,19,0.826,0.315,0.374
283,23,YDL134C,16,0.696,0.319,0.105
284,23,YPL152W,12,0.522,0.288,0.016
285,23,YAL016W,16,0.696,0.324,0.097
286,23,YIL153W,12,0.522,0.288,0.016
287,23,YDL188C,14,0.609,0.299,0.053
288,24,YPR080W,0,1.000,1.000,0.000
289,25,YGR078C,6,0.429,0.294,0.011
290,25,YDR212W,8,0.571,0.355,0.299
291,25,YML094W,8,0.571,0.382,0.183
292,25,YNL153C,6,0.429,0.321,0.044
293,25,YJL008C,6,0.429,0.259,0.070
294,25,YLR200W,8,0.571,0.354,0.207
295,26,Q0250,36,0.621,0.183,0.032
296,26,Q0120,31,0.534,0.163,0.017
297,26,YMR145C,31,0.534,0.174,0.007
298,26,Q0105,39,0.672,0.195,0.044
299,26,YGL187C,35,0.603,0.188,0.016
300,26,YGR183C,35,0.603,0.195,0.008
301,26,YDR529C,38,0.655,0.199,0.024
302,26,YHR051W,35,0.603,0.180,0.035
303,26,YFR033C,36,0.621,0.197,0.010
304,26,Q0275,32,0.552,0.170,0.021
305,26,YPR191W,40,0.690,0.204,0.025
306,26,YJL166W,39,0.672,0.201,0.036
307,26,YBL045C,38,0.655,0.194,0.033
308,26,YOR065W,40,0.690,0.202,0.040
309,26,YLR038C,32,0.552,0.178,0.024
310,26,YEL024W,41,0.707,0.203,0.083
311,27,YER141W,1,0.500,0.707,0.000
312,27,YPL172C,1,0.500,0.707,0.000
313,28,YFL036W,2,1.000,0.577,0.000
314,28,YLR067C,2,1.000,0.577,0.000
315,28,YDL044C,2,1.000,0.577,0.000
316,29,YIL157C,4,0.500,0.426,0.000
317,29,YLR203C,5,0.625,0.446,0.214
318,29,YJL062W-A,4,0.500,0.426,0.000
319,29,YML129C,4,0.500,0.426,0.000
320,29,YGR112W,6,0.750,0.469,0.393
321,30,YKL016C,22,0.733,0.239,0.016
322,30,YPL078C,23,0.767,0.245,0.021
323,30,YML081C-A,21,0.700,0.228,0.015
324,30,YBR039W,21,0.700,0.231,0.013
325,30,YPL271W,23,0.767,0.245,0.021
326,30,YJR121W,24,0.800,0.246,0.051
327,30,YBL099W,23,0.767,0.240,0.043
328,30,YDL004W,22,0.733,0.237,0.018
329,30,YDR298C,22,0.733,0.239,0.016
330,31,Q0110,0,1.000,1.000,0.000
331,32,Q0115,1,1.000,0.707,0.000
332,32,Q0075,1,1.000,0.707,0.000
333,33,YLL018C-A,14,0.824,0.294,0.034
334,33,YGR029W,13,0.765,0.286,0.014
335,33,YLL009C,14,0.824,0.294,0.034
336,33,YEL020W-A,14,0.824,0.294,0.034
337,33,YKL195W,15,0.882,0.295,0.144
338,34,YDR197W,0,1.000,1.000,0.000
339,35,YPL215W,0,1.000,1.000,0.000
340,36,YOR266W,1,1.000,0.707,0.000
341,36,YGR062C,1,1.000,0.707,0.000
342,37,YDR231C,0,1.000,1.000,0.000
343,38,YDR296W,0,1.000,1.000,0.000
344,39,YBR248C,9,0.409,0.261,0.014
345,39,YKL211C,20,0.909,0.425,0.395
346,39,YIL116W,9,0.409,0.227,0.053
347,39,YGL148W,9,0.409,0.222,0.017
348,39,YGL026C,15,0.682,0.364,0.116
349,39,YCL030C,9,0.409,0.247,0.047
350,39,YPR060C,10,0.455,0.238,0.027
351,40,YLR357W,20,0.769,0.239,0.014
352,40,YCR052W,19,0.731,0.231,0.010
353,40,YIL126W,19,0.731,0.230,0.011
354,40,YMR033W,26,1.000,0.262,0.172
355,40,YPR034W,25,0.962,0.261,0.095
356,40,YGR056W,20,0.769,0.239,0.014
357,40,YFR037C,19,0.731,0.230,0.011
358,40,YGR275W,24,0.923,0.260,0.059
359,41,YCR053W,0,1.000,1.000,0.000
360,42,YLR277C,18,0.474,0.239,0.006
361,42,YER133W,32,0.842,0.238,0.517
362,42,YLR115W,18,0.474,0.239,0.006
363,42,YKR002W,17,0.447,0.229,0.003
364,42,YGL044C,18,0.474,0.239,0.006
365,42,YKL059C,18,0.474,0.239,0.006
366,42,YPR107C,18,0.474,0.239,0.006
367,42,YDR301W,18,0.474,0.239,0.006
368,42,YKL018W,17,0.447,0.231,0.002
369,42,YDR195W,17,0.447,0.231,0.002
370,42,YJR093C,17,0.447,0.231,0.002
371,42,YNL317W,17,0.447,0.229,0.003
372,42,YDR228C,18,0.474,0.239,0.006
373,42,YOR179C,17,0.447,0.231,0.002
374,42,YAL043C,18,0.474,0.239,0.006
375,42,YNL222W,17,0.447,0.231,0.002
376,43,YPL138C,6,0.857,0.378,0.000
377,43,YLR015W,6,0.857,0.378,0.000
378,43,YDR469W,6,0.857,0.378,0.000
379,43,YBR175W,6,0.857,0.378,0.000
380,43,YAR003W,6,0.857,0.378,0.000
381,43,YHR119W,6,0.857,0.378,0.000
382,43,YBR258C,6,0.857,0.378,0.000
383,44,YOR159C,76,0.784,0.154,0.017
384,44,YDL030W,62,0.639,0.133,0.007
385,44,YMR240C,69,0.711,0.144,0.010
386,44,YER029C,77,0.794,0.154,0.019
387,44,YDR416W,61,0.629,0.130,0.009
388,44,YKL173W,78,0.804,0.155,0.031
389,44,YLR147C,79,0.814,0.159,0.019
390,44,YLR275W,79,0.814,0.159,0.018
391,44,YOR308C,65,0.670,0.130,0.020
392,44,YMR288W,73,0.753,0.151,0.013
393,44,YLR117C,69,0.711,0.141,0.016
394,44,YER172C,73,0.753,0.148,0.019
395,44,YPR094W,61,0.629,0.131,0.007
396,44,YFL017W-A,80,0.825,0.160,0.020
397,44,YDL043C,71,0.732,0.148,0.011
398,44,YPL213W,79,0.814,0.158,0.028
399,44,YHR165C,74,0.763,0.149,0.020
400,44,YJL203W,66,0.680,0.138,0.010
401,44,YMR213W,62,0.639,0.126,0.031
402,44,YOR319W,64,0.660,0.135,0.008
403,44,YIR009W,65,0.670,0.137,0.009
404,44,YML049C,69,0.711,0.144,0.010
405,44,YGR074W,71,0.732,0.145,0.032
406,44,YPR182W,79,0.814,0.159,0.018
407,44,YLL036C,58,0.598,0.123,0.017
408,45,YGR208W,1,1.000,0.707,0.000
409,45,YOR184W,1,1.000,0.707,0.000
410,46,YPL178W,1,0.500,0.707,0.000
411,46,YMR125W,1,0.500,0.707,0.000
412,47,YPL167C,22,0.338,0.141,0.041
413,47,YBR136W,35,0.538,0.212,0.032
414,47,YOR033C,35,0.538,0.217,0.044
415,47,YJL092W,30,0.462,0.184,0.027
416,47,YHR164C,25,0.385,0.161,0.020
417,47,YBR088C,25,0.385,0.157,0.018
418,47,YML032C,41,0.631,0.246,0.043
419,47,YER095W,45,0.692,0.256,0.089
420,47,YAR007C,31,0.477,0.188,0.054
421,47,YMR190C,47,0.723,0.257,0.110
422,47,YPL022W,32,0.492,0.189,0.052
423,47,YDR004W,23,0.354,0.160,0.009
424,47,YDR386W,35,0.538,0.204,0.046
425,47,YDR217C,27,0.415,0.166,0.035
426,47,YKL113C,29,0.446,0.191,0.014
427,47,YGL163C,29,0.446,0.192,0.014
428,47,YPL153C,26,0.400,0.160,0.014
429,48,YIR001C,0,0.000,0.707,0.000
430,48,YMR061W,0,0.000,0.707,0.000
431,49,YOR048C,1,0.500,0.707,0.000
432,49,YGL246C,1,0.500,0.707,0.000
433,50,YLR142W,7,0.875,0.399,0.321
434,50,YHR037W,7,0.875,0.422,0.155
435,50,YLR438W,6,0.750,0.399,0.048
436,50,YOR323C,6,0.750,0.399,0.048
437,51,YER125W,15,0.750,0.575,0.505
438,51,YOR322C,8,0.400,0.425,0.113
439,51,YKR021W,3,0.150,0.252,0.000
440,51,YMR275C,3,0.150,0.259,0.000
441,51,YJL084C,4,0.200,0.288,0.008
442,51,YOR018W,3,0.150,0.252,0.000
443,52,YDL074C,1,0.250,0.707,0.000
444,52,YGL058W,1,0.250,0.707,0.000
445,53,YER151C,0,1.000,1.000,0.000
446,54,YAL058W,18,0.409,0.256,0.077
447,54,YJL002C,12,0.273,0.208,0.004
448,54,YJL034W,27,0.614,0.264,0.295
449,54,YER087C-B,15,0.341,0.249,0.022
450,54,YKL073W,13,0.295,0.180,0.027
451,54,YER019C-A,15,0.341,0.250,0.028
452,54,YEL002C,18,0.409,0.284,0.075
453,54,YOR085W,13,0.295,0.203,0.014
454,54,YOR103C,12,0.273,0.200,0.004
455,54,YGL022W,13,0.295,0.215,0.006
456,54,YCL043C,17,0.386,0.182,0.116
457,54,YLR378C,22,0.500,0.327,0.098
458,54,YOR254C,14,0.318,0.214,0.020
459,55,YER007W,7,0.700,0.352,0.008
460,55,YNL148C,7,0.700,0.352,0.008
461,55,YFL037W,7,0.700,0.352,0.008
462,55,YML124C,7,0.700,0.340,0.024
463,55,YOR265W,8,0.800,0.378,0.032
464,55,YOR349W,8,0.800,0.378,0.032
465,56,YLR243W,0,0.000,0.707,0.000
466,56,YOR262W,0,0.000,0.707,0.000
467,57,YKL008C,12,0.857,0.343,0.100
468,57,YOR171C,10,0.714,0.318,0.036
469,57,YDR297W,11,0.786,0.330,0.067
470,57,YLR260W,10,0.714,0.318,0.036
471,57,YHL003C,12,0.857,0.343,0.100
472,58,YDL114W,0,1.000,1.000,0.000
473,59,YOR109W,7,0.389,0.322,0.001
474,59,YNL106C,7,0.389,0.322,0.001
475,59,YKL212W,15,0.833,0.437,0.449
476,59,YNL267W,8,0.444,0.336,0.021
477,59,YJL100W,7,0.389,0.322,0.001
478,59,YPL268W,7,0.389,0.322,0.001
479,60,YBR283C,0,1.000,1.000,0.000
480,61,YIR037W,1,0.500,0.707,0.000
481,61,YML007W,1,0.500,0.707,0.000
482,62,YGR253C,40,0.465,0.157,0.008
483,62,YOR117W,44,0.512,0.169,0.015
484,62,YER012W,41,0.477,0.161,0.008
485,62,YER021W,41,0.477,0.164,0.007
486,62,YGR135W,42,0.488,0.162,0.028
487,62,YDL097C,40,0.465,0.163,0.005
488,62,YDL126C,52,0.605,0.120,0.327
489,62,YKL145W,43,0.500,0.168,0.010
490,62,YIL075C,41,0.477,0.164,0.007
491,62,YDR427W,40,0.465,0.163,0.005
492,62,YFR004W,40,0.465,0.162,0.005
493,62,YFR010W,40,0.465,0.156,0.022
494,62,YDR394W,43,0.500,0.166,0.013
495,62,YDL147W,41,0.477,0.165,0.007
496,62,YOR259C,43,0.500,0.168,0.010
497,62,YDL007W,44,0.512,0.169,0.018
498,62,YOR261C,41,0.477,0.164,0.006
499,62,YHR027C,42,0.488,0.166,0.008
500,62,YHR200W,46,0.535,0.170,0.044
501,62,YFR052W,40,0.465,0.163,0.005
502,62,YGL048C,42,0.488,0.167,0.007
503,62,YLR421C,41,0.477,0.164,0.006
504,62,YOR362C,40,0.465,0.161,0.009
505,63,YLR024C,0,1.000,1.000,0.000
506,64,YKL203C,10,0.714,0.328,0.027
507,64,YHR186C,10,0.714,0.328,0.027
508,64,YOL078W,9,0.643,0.316,0.001
509,64,YJR066W,10,0.714,0.328,0.027
510,64,YMR068W,9,0.643,0.316,0.001
511,64,YNL006W,9,0.643,0.316,0.001
512,64,YER093C,9,0.643,0.316,0.001
513,64,YJL058C,9,0.643,0.316,0.001
514,65,YBL105C,0,0.000,0.577,0.000
515,65,YGR229C,0,0.000,0.577,0.000
516,65,YER155C,0,0.000,0.577,0.000
517,66,YNL270C,2,1.000,0.577,0.000
518,66,YCR021C,2,1.000,0.577,0.000
519,66,YCR027C,2,1.000,0.577,0.000
520,67,YDL047W,0,1.000,1.000,0.000
521,68,YGL073W,0,0.000,0.500,0.000
522,68,YGR249W,0,0.000,0.500,0.000
523,68,YJR147W,0,0.000,0.500,0.000
524,68,YHR206W,0,0.000,0.500,0.000
525,69,YGL180W,17,0.607,0.337,0.080
526,69,YPL149W,12,0.429,0.272,0.023
527,69,YPR049C,16,0.571,0.304,0.095
528,69,YBL078C,19,0.679,0.304,0.278
529,69,YDL149W,15,0.536,0.308,0.048
530,69,YNL223W,11,0.393,0.257,0.013
531,69,YOL082W,12,0.429,0.224,0.075
532,69,YBR217W,11,0.393,0.260,0.008
533,70,YGR163W,4,1.000,0.510,0.167
534,70,YML121W,4,1.000,0.510,0.167
535,71,YKL126W,0,0.000,0.707,0.000
536,71,YHR205W,0,0.000,0.707,0.000
537,72,YIL105C,0,1.000,1.000,0.000
538,73,YGR162W,5,0.833,0.473,0.078
539,73,YOL139C,5,0.833,0.473,0.078
540,74,YMR104C,0,1.000,1.000,0.000
541,75,YOR005C,6,0.857,0.403,0.048
542,75,YMR284W,6,0.857,0.403,0.048
543,75,YCR014C,6,0.857,0.403,0.048
544,75,YMR106C,6,0.857,0.403,0.048
545,76,YNL135C,0,1.000,1.000,0.000
546,77,YGR040W,14,0.350,0.311,0.078
547,77,YDL159W,9,0.225,0.221,0.072
548,77,YDL006W,8,0.200,0.196,0.019
549,77,YHR030C,12,0.300,0.269,0.038
550,77,YNL167C,9,0.225,0.232,0.044
551,77,YOR231W,9,0.225,0.186,0.024
552,77,YHR084W,8,0.200,0.173,0.014
553,77,YOR208W,9,0.225,0.245,0.044
554,77,YLR113W,18,0.450,0.279,0.308
555,77,YBL016W,15,0.375,0.319,0.094
556,77,YJL128C,11,0.275,0.290,0.057
557,78,YNR056C,6,0.857,0.486,0.222
558,78,YNR058W,6,0.857,0.486,0.222
559,79,YDR047W,6,0.750,0.376,0.000
560,79,YDL205C,6,0.750,0.376,0.000
561,79,YDR232W,6,0.750,0.376,0.000
562,79,YOR278W,6,0.750,0.376,0.000
563,79,YGL040C,6,0.750,0.376,0.000
564,79,YOR176W,6,0.750,0.376,0.000
565,79,YDR044W,7,0.875,0.385,0.214
566,80,YHR122W,7,0.875,0.373,0.014
567,80,YIL003W,7,0.875,0.373,0.014
568,80,YNL240C,7,0.875,0.373,0.014
569,80,YIL128W,7,0.875,0.373,0.014
570,80,YGL091C,7,0.875,0.373,0.014
571,81,YJL025W,7,1.000,0.381,0.036
572,81,YLR141W,7,1.000,0.381,0.036
573,81,YBL014C,7,1.000,0.381,0.036
574,81,YML043C,7,1.000,0.381,0.036
575,82,YFL021W,0,0.000,0.577,0.000
576,82,YDL106C,0,0.000,0.577,0.000
577,82,YEL009C,0,0.000,0.577,0.000
578,83,YNL189W,12,0.600,0.239,0.025
579,83,YMR308C,13,0.650,0.269,0.019
580,83,YER110C,13,0.650,0.269,0.019
581,83,YLR347C,17,0.850,0.324,0.071
582,83,YLR293C,18,0.900,0.318,0.190
583,83,YBR017C,14,0.700,0.285,0.028
584,83,YOR185C,12,0.600,0.225,0.041
585,84,YML051W,6,1.000,0.405,0.033
586,84,YBR020W,6,1.000,0.405,0.033
587,84,YBR019C,6,1.000,0.405,0.033
588,84,YDR009W,6,1.000,0.405,0.033
589,85,YBL091C,1,1.000,0.707,0.000
590,85,YLR244C,1,1.000,0.707,0.000
591,86,YPR051W,7,0.583,0.391,0.059
592,86,YEL053C,7,0.583,0.391,0.059
593,86,YOR253W,7,0.583,0.381,0.056
594,86,YHR013C,7,0.583,0.381,0.056
595,87,YDR152W,5,0.714,0.554,0.286
596,87,YGL195W,4,0.571,0.428,0.262
597,88,YGR106C,8,0.800,0.358,0.037
598,88,YOR270C,10,1.000,0.372,0.393
599,88,YLR447C,8,0.800,0.358,0.037
600,89,YJL180C,0,0.000,0.707,0.000
601,89,YLR393W,0,0.000,0.707,0.000
602,90,YER154W,1,1.000,0.707,0.000
603,90,YOL027C,1,1.000,0.707,0.000
604,91,YGR175C,22,0.846,0.261,0.036
605,91,YHR072W,21,0.808,0.255,0.026
606,91,YGR060W,20,0.769,0.244,0.022
607,91,YHR007C,22,0.846,0.239,0.174
608,91,YGL001C,18,0.692,0.228,0.011
609,91,YML126C,21,0.808,0.249,0.032
610,91,YHR190W,23,0.885,0.268,0.044
611,92,YMR274C,6,0.545,0.329,0.044
612,92,YKL019W,9,0.818,0.451,0.298
613,92,YDL090C,8,0.727,0.406,0.248
614,93,YLR201C,9,0.692,0.321,0.004
615,93,YML110C,9,0.692,0.321,0.004
616,93,YOL096C,10,0.769,0.325,0.145
617,93,YDR204W,9,0.692,0.321,0.004
618,93,YOR125C,10,0.769,0.332,0.051
619,93,YNR041C,9,0.692,0.305,0.034
620,93,YGR255C,10,0.769,0.325,0.145
621,93,YGL119W,9,0.692,0.305,0.034
622,93,YBR003W,9,0.692,0.321,0.004
623,94,YPL020C,10,0.625,0.296,0.134
624,94,YDR510W,12,0.750,0.346,0.107
625,94,YOR156C,10,0.625,0.296,0.134
626,94,YDL064W,11,0.688,0.329,0.067
627,94,YEL019C,13,0.812,0.351,0.219
628,95,YJL039C,29,0.518,0.198,0.010
629,95,YGL100W,32,0.571,0.185,0.095
630,95,YLR208W,32,0.571,0.145,0.241
631,95,YJR042W,28,0.500,0.193,0.007
632,95,YGR119C,29,0.518,0.199,0.010
633,95,YGL172W,28,0.500,0.197,0.007
634,95,YDL116W,29,0.518,0.196,0.010
635,95,YFR002W,31,0.554,0.207,0.013
636,95,YJL041W,29,0.518,0.190,0.024
637,95,YKR082W,32,0.571,0.210,0.017
638,95,YGL092W,30,0.536,0.203,0.012
639,95,YDL088C,28,0.500,0.191,0.007
640,95,YBL079W,29,0.518,0.196,0.019
641,95,YOR098C,31,0.554,0.207,0.013
642,95,YLR335W,31,0.554,0.202,0.027
643,96,YBR082C,0,1.000,1.000,0.000
644,97,YDR451C,3,0.600,0.470,0.050
645,97,YMR043W,4,0.800,0.559,0.200
646,97,YML027W,3,0.600,0.470,0.050
647,98,YFR027W,10,0.909,0.325,0.022
648,98,YJL074C,11,1.000,0.336,0.073
649,98,YMR076C,10,0.909,0.325,0.022
650,98,YIL026C,11,1.000,0.336,0.073
651,98,YDL003W,10,0.909,0.325,0.022
652,98,YFL008W,10,0.909,0.315,0.052
653,99,YJL141C,0,1.000,1.000,0.000
654,100,YNL330C,23,0.852,0.255,0.130
655,100,YDR207C,21,0.778,0.251,0.036
656,100,YCR033W,19,0.704,0.213,0.054
657,100,YPL139C,20,0.741,0.248,0.017
658,100,YGL194C,20,0.741,0.223,0.064
659,100,YPL181W,19,0.704,0.242,0.010
660,100,YDL076C,19,0.704,0.242,0.010
661,100,YOL004W,21,0.778,0.240,0.069
662,100,YIL084C,19,0.704,0.241,0.012
663,100,YNL097C,19,0.704,0.241,0.012
664,100,YKR029C,19,0.704,0.226,0.047
665,101,YKL210W,0,0.000,0.707,0.000
666,101,YGL087C,0,0.000,0.707,0.000
667,102,YHL022C,16,0.842,0.409,0.436
668,102,YIL073C,8,0.421,0.262,0.042
669,102,YER179W,8,0.421,0.256,0.032
670,102,YDL154W,10,0.526,0.334,0.047
671,102,YDR285W,8,0.421,0.230,0.097
672,102,YFL003C,11,0.579,0.360,0.066
673,103,YPR019W,54,0.900,0.196,0.035
674,103,YJL194W,46,0.767,0.177,0.016
675,103,YPR135W,42,0.700,0.161,0.027
676,103,YKL045W,40,0.667,0.158,0.013
677,103,YLR103C,48,0.800,0.183,0.019
678,103,YBL023C,52,0.867,0.191,0.028
679,103,YGL201C,48,0.800,0.184,0.018
680,103,YNL102W,48,0.800,0.175,0.031
681,103,YBR202W,54,0.900,0.196,0.033
682,103,YPR175W,41,0.683,0.166,0.011
683,103,YEL032W,54,0.900,0.196,0.033
684,103,YDR013W,37,0.617,0.152,0.007
685,103,YIR008C,41,0.683,0.162,0.014
686,103,YBL035C,45,0.750,0.171,0.022
687,103,YLR274W,54,0.900,0.196,0.033
688,103,YNL262W,46,0.767,0.174,0.023
689,104,YLR215C,0,0.000,0.707,0.000
690,104,YDR092W,0,0.000,0.707,0.000
691,105,YDR314C,0,1.000,1.000,0.000
692,106,YDR295C,2,1.000,0.577,0.000
693,106,YPR179C,2,1.000,0.577,0.000
694,106,YNL021W,2,1.000,0.577,0.000
695,107,YDL160C,4,0.800,0.533,0.600
696,107,YGR178C,3,0.600,0.469,0.150
697,107,YHR121W,3,0.600,0.469,0.150
698,108,YLR027C,9,0.692,0.373,0.137
699,108,YDR111C,6,0.462,0.316,0.001
700,108,YOR375C,6,0.462,0.316,0.001
701,108,YKL106W,10,0.769,0.399,0.207
702,108,YDL215C,6,0.462,0.316,0.001
703,108,YOL058W,6,0.462,0.237,0.021
704,108,YLR089C,6,0.462,0.316,0.001
705,108,YAL062W,6,0.462,0.316,0.001
706,109,YDR050C,17,0.895,0.260,0.028
707,109,YKL152C,18,0.947,0.273,0.030
708,109,YBR196C,18,0.947,0.273,0.030
709,109,YKL060C,17,0.895,0.263,0.024
710,109,YCR012W,18,0.947,0.270,0.036
711,110,YEL046C,1,0.333,0.707,0.000
712,110,YFL030W,1,0.333,0.707,0.000
713,111,YHR018C,7,0.875,0.410,0.065
714,111,YMR062C,7,0.875,0.410,0.065
715,111,YER069W,7,0.875,0.410,0.065
716,112,YPL262W,1,1.000,0.707,0.000
717,112,YDL078C,1,1.000,0.707,0.000
718,113,YMR300C,0,1.000,1.000,0.000
719,114,YGL237C,3,1.000,0.500,0.000
720,114,YOR358W,3,1.000,0.500,0.000
721,114,YKL109W,3,1.000,0.500,0.000
722,114,YBL021C,3,1.000,0.500,0.000
723,115,YMR292W,0,0.000,0.577,0.000
724,115,YIR028W,0,0.000,0.577,0.000
725,115,YBR208C,0,0.000,0.577,0.000
726,116,YGL173C,2,0.667,0.577,0.000
727,116,YNL118C,2,0.667,0.577,0.000
728,116,YMR080C,2,0.667,0.577,0.000
729,117,YKR069W,7,0.583,0.354,0.015
730,117,YPR167C,8,0.667,0.375,0.043
731,117,YFR030W,7,0.583,0.354,0.015
732,117,YJR137C,7,0.583,0.354,0.015
733,117,YJR010W,10,0.833,0.364,0.414
734,117,YKL001C,8,0.667,0.375,0.043
735,118,YJR060W,4,1.000,0.479,0.056
736,118,YNL103W,4,1.000,0.479,0.056
737,118,YIR017C,4,1.000,0.479,0.056
738,119,YGL184C,10,0.625,0.289,0.013
739,119,YER091C,13,0.812,0.316,0.112
740,119,YLR303W,10,0.625,0.295,0.004
741,119,YLL058W,10,0.625,0.295,0.004
742,119,YAL012W,13,0.812,0.331,0.076
743,119,YER043C,13,0.812,0.315,0.185
744,119,YML082W,10,0.625,0.295,0.004
745,119,YGR155W,10,0.625,0.289,0.013
746,119,YJR130C,11,0.688,0.299,0.035
747,120,YLR092W,0,1.000,1.000,0.000
748,121,YIL162W,1,0.333,0.707,0.000
749,121,YLR300W,1,0.333,0.707,0.000
750,122,YBR297W,3,0.375,0.439,0.000
751,122,YBR299W,4,0.500,0.510,0.036
752,122,YGR292W,4,0.500,0.510,0.036
753,122,YBR298C,3,0.375,0.439,0.000
754,123,YMR099C,5,0.556,0.429,0.019
755,123,YFR053C,7,0.778,0.477,0.296
756,123,YCL040W,5,0.556,0.429,0.019
757,124,YML100W,23,0.329,0.212,0.027
758,124,YOL052C-A,20,0.286,0.187,0.029
759,124,YDR171W,16,0.229,0.169,0.004
760,124,YGR248W,34,0.486,0.269,0.051
761,124,YOR173W,32,0.457,0.256,0.042
762,124,YDL204W,18,0.257,0.173,0.012
763,124,YMR105C,31,0.443,0.247,0.070
764,124,YHR087W,21,0.300,0.213,0.008
765,124,YLR178C,33,0.471,0.263,0.067
766,124,YGL037C,17,0.243,0.175,0.010
767,124,YBR126C,17,0.243,0.161,0.011
768,124,YEL011W,21,0.300,0.186,0.026
769,124,YML128C,38,0.543,0.281,0.105
770,124,YMR250W,38,0.543,0.277,0.140
771,124,YDR074W,17,0.243,0.163,0.014
772,124,YIL136W,17,0.243,0.170,0.029
773,124,YMR169C,16,0.229,0.157,0.008
774,124,YDR070C,16,0.229,0.160,0.005
775,125,YGR044C,0,0.000,0.577,0.000
776,125,YOR279C,0,0.000,0.577,0.000
777,125,YJL106W,0,0.000,0.577,0.000
778,126,YHL012W,8,0.727,0.416,0.118
779,126,YKL035W,10,0.909,0.438,0.464
780,126,YFR015C,7,0.636,0.375,0.191
781,127,YLR166C,12,0.545,0.283,0.003
782,127,YJL085W,12,0.545,0.277,0.010
783,127,YGR009C,13,0.591,0.285,0.077
784,127,YIL068C,12,0.545,0.279,0.009
785,127,YFL005W,16,0.727,0.293,0.246
786,127,YGL233W,13,0.591,0.295,0.013
787,127,YBR102C,12,0.545,0.277,0.010
788,127,YER008C,12,0.545,0.283,0.003
789,127,YDR166C,12,0.545,0.279,0.009
790,127,YPR055W,13,0.591,0.295,0.013
791,128,YOR336W,3,0.429,0.400,0.024
792,128,YGL027C,5,0.714,0.566,0.214
793,128,YPR159W,3,0.429,0.424,0.024
794,128,YFR042W,3,0.429,0.400,0.024
795,129,YIL109C,2,1.000,0.577,0.000
796,129,YHR098C,2,1.000,0.577,0.000
797,129,YNL049C,2,1.000,0.577,0.000
798,130,YDL145C,11,0.440,0.309,0.014
799,130,YER122C,10,0.400,0.278,0.016
800,130,YDL192W,17,0.680,0.358,0.220
801,130,YDR238C,12,0.480,0.328,0.029
802,130,YNL287W,12,0.480,0.333,0.022
803,130,YGL137W,10,0.400,0.292,0.013
804,130,YDL137W,11,0.440,0.250,0.086
805,131,YDR407C,13,0.591,0.290,0.012
806,131,YFL038C,16,0.727,0.267,0.324
807,131,YKR068C,14,0.636,0.297,0.026
808,131,YOR115C,13,0.591,0.290,0.012
809,131,YML077W,13,0.591,0.286,0.019
810,131,YMR218C,13,0.591,0.290,0.012
811,132,YOR002W,10,0.556,0.329,0.016
812,132,YPL227C,10,0.556,0.292,0.055
813,132,YBR243C,10,0.556,0.283,0.074
814,132,YNL048W,10,0.556,0.300,0.095
815,132,YBR110W,11,0.611,0.349,0.023
816,133,YEL061C,10,0.625,0.326,0.024
817,133,YER016W,11,0.688,0.345,0.040
818,133,YLR045C,12,0.750,0.350,0.149
819,133,YKR054C,11,0.688,0.311,0.172
820,133,YOR058C,9,0.562,0.295,0.014
821,133,YCL029C,9,0.562,0.302,0.014
822,134,YMR001C,18,0.316,0.226,0.013
823,134,YGL116W,26,0.456,0.279,0.063
824,134,YJL187C,16,0.281,0.185,0.027
825,134,YGR098C,15,0.263,0.184,0.008
826,134,YGL003C,20,0.351,0.226,0.048
827,134,YDL028C,13,0.228,0.149,0.003
828,134,YLR182W,13,0.228,0.085,0.025
829,134,YBR160W,39,0.684,0.335,0.301
830,134,YER111C,13,0.228,0.096,0.015
831,134,YPR119W,22,0.386,0.237,0.059
832,134,YJL030W,17,0.298,0.203,0.013
833,134,YBR135W,22,0.386,0.234,0.069
834,134,YPL031C,20,0.351,0.171,0.062
835,134,YOL001W,13,0.228,0.106,0.015
836,134,YPL209C,13,0.228,0.146,0.035
837,134,YMR036C,15,0.263,0.164,0.053
838,134,YGR108W,17,0.298,0.200,0.022
839,134,YPL256C,13,0.228,0.121,0.013
840,134,YLR079W,14,0.246,0.160,0.008
841,135,YDR121W,1,0.500,0.707,0.000
842,135,YJL065C,1,0.500,0.707,0.000
843,136,YJL026W,4,0.800,0.447,0.000
844,136,YER070W,4,0.800,0.447,0.000
845,136,YIL066C,4,0.800,0.447,0.000
846,136,YJR057W,4,0.800,0.447,0.000
847,136,YGR180C,4,0.800,0.447,0.000
848,137,YIL106W,10,0.588,0.310,0.029
849,137,YFR028C,14,0.824,0.345,0.262
850,137,YML064C,12,0.706,0.349,0.073
851,137,YAL024C,10,0.588,0.304,0.046
852,137,YAR019C,11,0.647,0.331,0.044
853,137,YGR092W,10,0.588,0.313,0.021
854,138,YPL018W,15,0.441,0.229,0.012
855,138,YGR179C,15,0.441,0.223,0.014
856,138,YLR381W,16,0.471,0.230,0.024
857,138,YKL049C,16,0.471,0.232,0.018
858,138,YIR010W,24,0.706,0.280,0.158
859,138,YBR211C,18,0.529,0.245,0.031
860,138,YBR107C,23,0.676,0.284,0.130
861,138,YPR046W,15,0.441,0.220,0.021
862,138,YDR318W,15,0.441,0.227,0.008
863,138,YAL034W-A,16,0.471,0.197,0.029
864,138,YDR254W,24,0.706,0.297,0.136
865,139,YGR204W,11,0.688,0.299,0.022
866,139,YBR263W,11,0.688,0.294,0.036
867,139,YDR019C,12,0.750,0.323,0.037
868,139,YLR058C,12,0.750,0.312,0.048
869,139,YKR080W,12,0.750,0.322,0.033
870,139,YBR084W,11,0.688,0.299,0.022
871,140,YDL042C,1,0.500,0.707,0.000
872,140,YLR442C,1,0.500,0.707,0.000
873,141,YOL059W,6,0.600,0.325,0.050
874,141,YOR120W,7,0.700,0.364,0.157
875,141,YDL022W,6,0.600,0.325,0.050
876,141,YIL053W,6,0.600,0.355,0.076
877,141,YER062C,6,0.600,0.355,0.076
878,141,YHL032C,6,0.600,0.333,0.078
879,142,YOR136W,11,0.846,0.309,0.045
880,142,YIL125W,12,0.923,0.330,0.064
881,142,YNL037C,11,0.846,0.309,0.045
882,142,YLR304C,13,1.000,0.337,0.154
883,143,YOR187W,0,1.000,1.000,0.000
884,144,YER178W,6,0.545,0.405,0.164
885,144,YBR221C,6,0.545,0.436,0.073
886,144,YDR148C,6,0.545,0.436,0.082
887,145,YKR087C,1,0.500,0.707,0.000
888,145,YGR101W,1,0.500,0.707,0.000
889,146,YMR241W,0,0.000,0.707,0.000
890,146,YJR077C,0,0.000,0.707,0.000
891,147,YNL070W,22,0.564,0.237,0.030
892,147,YJL143W,17,0.436,0.188,0.014
893,147,YDL217C,17,0.436,0.193,0.013
894,147,YJL054W,23,0.590,0.242,0.035
895,147,YGR082W,22,0.564,0.239,0.026
896,147,YNR017W,20,0.513,0.205,0.036
897,147,YPL063W,20,0.513,0.207,0.040
898,147,YNL131W,27,0.692,0.277,0.060
899,147,YNL121C,26,0.667,0.253,0.111
900,147,YIL022W,18,0.462,0.198,0.016
901,147,YMR203W,31,0.795,0.293,0.158
902,148,YOR168W,28,0.700,0.245,0.085
903,148,YGL245W,24,0.600,0.232,0.021
904,148,YLR382C,25,0.625,0.206,0.042
905,148,YIL078W,20,0.500,0.190,0.022
906,148,YGR185C,29,0.725,0.254,0.048
907,148,YGR264C,23,0.575,0.221,0.023
908,148,YDR023W,21,0.525,0.197,0.028
909,148,YHR020W,20,0.500,0.199,0.010
910,148,YBL076C,26,0.650,0.232,0.045
911,148,YPL160W,29,0.725,0.257,0.047
912,148,YDR037W,26,0.650,0.236,0.032
913,149,YLR153C,10,0.588,0.319,0.024
914,149,YDL131W,12,0.706,0.337,0.101
915,149,YAL054C,11,0.647,0.333,0.048
916,149,YDL182W,13,0.765,0.343,0.184
917,149,YNL117W,10,0.588,0.289,0.095
918,150,YMR228W,0,0.000,0.577,0.000
919,150,YPL029W,0,0.000,0.577,0.000
920,150,YOR330C,0,0.000,0.577,0.000
921,151,YOR257W,1,0.333,0.707,0.000
922,151,YOL072W,1,0.333,0.707,0.000
923,152,YDL084W,10,0.833,0.364,0.053
924,152,YNL139C,10,0.833,0.364,0.053
925,152,YDR138W,10,0.833,0.364,0.053
926,152,YDR381W,12,1.000,0.382,0.311
927,153,YGR258C,5,1.000,0.408,0.000
928,153,YHL006C,5,1.000,0.408,0.000
929,153,YLR376C,5,1.000,0.408,0.000
930,153,YIL132C,5,1.000,0.408,0.000
931,153,YDR078C,5,1.000,0.408,0.000
932,153,YER162C,5,1.000,0.408,0.000
933,154,YAL047C,5,0.833,0.412,0.017
934,154,YKL042W,5,0.833,0.382,0.100
935,154,YHR172W,5,0.833,0.412,0.017
936,154,YNL126W,5,0.833,0.412,0.017
937,154,YDR356W,6,1.000,0.441,0.183
938,155,YJR084W,0,1.000,1.000,0.000
939,156,YLR457C,3,0.750,0.470,0.083
940,156,YPL255W,4,1.000,0.559,0.333
941,156,YLL003W,3,0.750,0.470,0.083
942,157,YLL040C,1,0.333,0.707,0.000
943,157,YOR228C,1,0.333,0.707,0.000
944,158,YKL192C,0,0.000,0.707,0.000
945,158,YDR493W,0,0.000,0.707,0.000
946,159,YAL039C,0,0.000,0.707,0.000
947,159,YKL087C,0,0.000,0.707,0.000
948,160,YIR015W,12,0.923,0.290,0.040
949,160,YGR030C,13,1.000,0.310,0.051
950,160,YNL221C,13,1.000,0.310,0.051
951,160,YAL033W,12,0.923,0.300,0.025
952,160,YBR257W,13,1.000,0.310,0.051
953,161,YNL259C,1,0.500,0.707,0.000
954,161,YDR270W,1,0.500,0.707,0.000
955,162,YIL094C,0,0.000,0.577,0.000
956,162,YBR115C,0,0.000,0.577,0.000
957,162,YAR015W,0,0.000,0.577,0.000
958,163,YOL071W,0,0.000,0.707,0.000
959,163,YDR511W,0,0.000,0.707,0.000
960,164,YKL182W,8,0.889,0.445,0.208
961,164,YPL231W,9,1.000,0.480,0.329
962,164,YKL055C,5,0.556,0.336,0.030
963,164,YER061C,5,0.556,0.336,0.030
964,165,YOR100C,0,0.000,0.577,0.000
965,165,YGL080W,0,0.000,0.577,0.000
966,165,YLR327C,0,0.000,0.577,0.000
967,166,YKL088W,6,0.750,0.398,0.018
968,166,YIL083C,6,0.750,0.398,0.018
969,166,YDR196C,8,1.000,0.421,0.482
970,166,YGR277C,6,0.750,0.398,0.018
971,167,YIL134W,3,0.750,0.482,0.000
972,167,YDL045C,4,1.000,0.524,0.500
973,167,YDR236C,3,0.750,0.482,0.000
974,167,YMR178W,3,0.750,0.482,0.000
975,168,YNR045W,1,0.500,0.707,0.000
976,168,YGR222W,1,0.500,0.707,0.000
977,169,YER153C,0,0.000,0.707,0.000
978,169,YMR257C,0,0.000,0.707,0.000
979,170,YGL143C,0,0.000,0.577,0.000
980,170,YOR201C,0,0.000,0.577,0.000
981,170,YHR168W,0,0.000,0.577,0.000
982,171,YOL114C,0,1.000,1.000,0.000
983,172,YBL037W,15,0.600,0.281,0.077
984,172,YJR005W,14,0.560,0.281,0.023
985,172,YPR029C,18,0.720,0.315,0.120
986,172,YGL206C,14,0.560,0.276,0.030
987,172,YOL062C,16,0.640,0.297,0.067
988,172,YJR058C,14,0.560,0.282,0.026
989,172,YGR167W,13,0.520,0.260,0.023
990,173,YCR047C,0,1.000,1.000,0.000
991,174,YGR072W,4,0.800,0.510,0.100
992,174,YHR077C,4,0.800,0.510,0.100
993,175,YGR218W,0,1.000,1.000,0.000
994,176,YJL125C,6,0.600,0.399,0.044
995,176,YDL201W,6,0.600,0.399,0.044
996,176,YBL024W,6,0.600,0.399,0.044
997,176,YOL124C,6,0.600,0.399,0.044
998,176,YDR120C,7,0.700,0.374,0.333
999,177,YER165W,9,0.474,0.611,0.234
1000,177,YGL094C,2,0.105,0.229,0.000
1001,177,YKR059W,3,0.158,0.367,0.000
1002,177,YPR163C,3,0.158,0.367,0.000
1003,177,YKL025C,2,0.105,0.229,0.000
1004,177,YJL138C,3,0.158,0.367,0.000
1005,177,YLL013C,2,0.105,0.180,0.053
1006,178,YOL132W,0,0.000,0.408,0.000
1007,178,YLR343W,0,0.000,0.408,0.000
1008,178,YMR215W,0,0.000,0.408,0.000
1009,178,YMR307W,0,0.000,0.408,0.000
1010,178,YLR249W,0,0.000,0.408,0.000
1011,178,YOL030W,0,0.000,0.408,0.000
1012,179,YLL019C,0,0.000,0.707,0.000
1013,179,YDR432W,0,0.000,0.707,0.000
1014,180,YHR157W,4,0.800,0.440,0.000
1015,180,YJR021C,5,1.000,0.462,0.400
1016,180,YER044C-A,4,0.800,0.440,0.000
1017,180,YLR329W,4,0.800,0.440,0.000
1018,180,YMR133W,4,0.800,0.440,0.000
1019,181,YPL157W,0,1.000,1.000,0.000
1020,182,YLR116W,0,0.000,0.707,0.000
1021,182,YKL204W,0,0.000,0.707,0.000
1022,183,YGR102C,2,1.000,0.577,0.000
1023,183,YBL080C,2,1.000,0.577,0.000
1024,183,YMR293C,2,1.000,0.577,0.000
1025,184,YLR283W,1,0.500,0.707,0.000
1026,184,YLR281C,1,0.500,0.707,0.000
1027,185,YCL044C,2,0.222,0.473,0.000
1028,185,YMR115W,2,0.222,0.473,0.000
1029,185,YPR024W,4,0.444,0.636,0.139
1030,186,YNL123W,3,1.000,0.557,0.167
1031,186,YOR197W,3,1.000,0.557,0.167
1032,187,YKR079C,0,1.000,1.000,0.000
1033,188,YNR074C,0,0.000,0.707,0.000
1034,188,YGR016W,0,0.000,0.707,0.000
1035,189,YFR006W,0,1.000,1.000,0.000
1036,190,YBR006W,1,0.333,0.707,0.000
1037,190,YGR019W,1,0.333,0.707,0.000
1038,191,YDR256C,2,1.000,0.577,0.000
1039,191,YGR088W,2,1.000,0.577,0.000
1040,191,YJR104C,2,1.000,0.577,0.000
1041,192,YKL067W,0,1.000,1.000,0.000
1042,193,YEL065W,5,0.625,0.518,0.179
1043,193,YER145C,4,0.500,0.417,0.179
1044,193,YHL040C,4,0.500,0.466,0.054
1045,194,YCR010C,0,0.000,0.707,0.000
1046,194,YLR174W,0,0.000,0.707,0.000
1047,195,YNL104C,2,0.500,0.707,0.167
1048,195,YLR355C,1,0.250,0.500,0.000
1049,195,YOR108W,1,0.250,0.500,0.000
1050,196,YDL181W,0,0.000,0.707,0.000
1051,196,YGR008C,0,0.000,0.707,0.000
1052,197,YBR185C,0,0.000,0.707,0.000
1053,197,YDL107W,0,0.000,0.707,0.000
1054,198,YGR209C,11,0.688,0.355,0.061
1055,198,YDR353W,9,0.562,0.293,0.039
1056,198,YHR106W,9,0.562,0.305,0.025
1057,198,YLR109W,9,0.562,0.289,0.030
1058,198,YML028W,10,0.625,0.316,0.064
1059,198,YPL091W,11,0.688,0.339,0.079
1060,198,YBL064C,9,0.562,0.280,0.052
1061,199,YDR244W,18,0.643,0.257,0.021
1062,199,YDR329C,17,0.607,0.233,0.039
1063,199,YMR026C,17,0.607,0.245,0.020
1064,199,YOL147C,21,0.750,0.263,0.082
1065,199,YNL214W,17,0.607,0.248,0.017
1066,199,YDL065C,19,0.679,0.257,0.053
1067,199,YGL153W,21,0.750,0.273,0.054
1068,199,YLR191W,24,0.857,0.290,0.127
1069,199,YDR265W,17,0.607,0.250,0.015
1070,200,YKR009C,10,0.667,0.332,0.040
1071,200,YML042W,12,0.800,0.349,0.256
1072,200,YGL205W,10,0.667,0.332,0.040
1073,200,YNL202W,11,0.733,0.355,0.055
1074,201,YBL098W,6,1.000,0.462,0.244
1075,201,YLR231C,5,0.833,0.431,0.044
1076,201,YJR078W,5,0.833,0.431,0.044
1077,202,YGR257C,2,1.000,0.577,0.000
1078,202,YHR008C,2,1.000,0.577,0.000
1079,202,YHR050W,2,1.000,0.577,0.000
1080,203,YOL067C,3,1.000,0.500,0.000
1081,203,YBL103C,3,1.000,0.500,0.000
1082,203,YNL076W,3,1.000,0.500,0.000
1083,203,YGL252C,3,1.000,0.500,0.000
1084,204,YCL018W,0,1.000,1.000,0.000
1085,205,YBR112C,1,0.333,0.707,0.000
1086,205,YPR065W,1,0.333,0.707,0.000
1087,206,YLL001W,6,0.857,0.402,0.024
1088,206,YBR179C,7,1.000,0.413,0.310
1089,206,YOR211C,6,0.857,0.402,0.024
1090,206,YIL065C,6,0.857,0.402,0.024
1091,207,YML035C,14,0.636,0.317,0.071
1092,207,YLR359W,14,0.636,0.304,0.073
1093,207,YML022W,14,0.636,0.302,0.066
1094,207,YDR441C,14,0.636,0.302,0.066
1095,207,YDR399W,14,0.636,0.298,0.107
1096,207,YNL220W,14,0.636,0.306,0.091
1097,208,YJR047C,1,1.000,0.707,0.000
1098,208,YJR070C,1,1.000,0.707,0.000
1099,209,YJR150C,2,0.500,0.523,0.000
1100,209,YIL011W,2,0.500,0.523,0.000
1101,209,YOR009W,3,0.750,0.612,0.333
1102,210,YOR037W,0,0.000,0.500,0.000
1103,210,YER086W,0,0.000,0.500,0.000
1104,210,YDR158W,0,0.000,0.500,0.000
1105,210,YCL064C,0,0.000,0.500,0.000
1106,211,YOR251C,0,1.000,1.000,0.000
1107,212,YKL053C-A,2,1.000,0.577,0.000
1108,212,YLR168C,2,1.000,0.577,0.000
1109,212,YLR193C,2,1.000,0.577,0.000
1110,213,YBR262C,5,1.000,0.408,0.000
1111,213,YCL057C-A,5,1.000,0.408,0.000
1112,213,YGR235C,5,1.000,0.408,0.000
1113,213,YNL100W,5,1.000,0.408,0.000
1114,213,YFR011C,5,1.000,0.408,0.000
1115,213,YKR016W,5,1.000,0.408,0.000
1116,214,YJL130C,0,1.000,1.000,0.000
1117,215,YPR035W,1,1.000,0.707,0.000
1118,215,YDL171C,1,1.000,0.707,0.000
1119,216,YJR109C,1,1.000,0.707,0.000
1120,216,YOR303W,1,1.000,0.707,0.000
1121,217,YAR073W,2,1.000,0.707,1.000
1122,218,YLR157C,0,0.000,0.500,0.000
1123,218,YLR158C,0,0.000,0.500,0.000
1124,218,YLR160C,0,0.000,0.500,0.000
1125,218,YLR155C,0,0.000,0.500,0.000
1126,219,YKL104C,1,0.250,0.707,0.000
1127,219,YEL058W,1,0.250,0.707,0.000
1128,220,YGL062W,1,1.000,0.707,0.000
1129,220,YBR218C,1,1.000,0.707,0.000
1130,221,YLR044C,2,0.286,0.408,0.000
1131,221,YDL080C,2,0.286,0.408,0.000
1132,221,YDR081C,2,0.286,0.408,0.000
1133,221,YGR087C,2,0.286,0.408,0.000
1134,221,YBR240C,2,0.286,0.408,0.000
1135,221,YLR134W,2,0.286,0.408,0.000
1136,222,YGR043C,8,0.800,0.450,0.265
1137,222,YBR117C,7,0.700,0.415,0.172
1138,222,YHR096C,7,0.700,0.399,0.231
1139,223,YHR183W,4,0.800,0.468,0.033
1140,223,YGR256W,4,0.800,0.468,0.033
1141,223,YHR163W,5,1.000,0.496,0.433
1142,224,YPL223C,0,0.000,0.707,0.000
1143,224,YDR403W,0,0.000,0.707,0.000
1144,225,YOR034C,0,0.000,0.707,0.000
1145,225,YHR042W,0,0.000,0.707,0.000
1146,226,YOR040W,9,0.818,0.389,0.209
1147,226,YML004C,7,0.636,0.359,0.042
1148,226,YDR272W,9,0.818,0.389,0.209
1149,226,YMR322C,7,0.636,0.361,0.033
1150,226,YOR391C,7,0.636,0.361,0.033
1151,227,YGR207C,1,1.000,0.707,0.000
1152,227,YPR004C,1,1.000,0.707,0.000
1153,228,YLR095C,5,0.833,0.448,0.044
1154,228,YBR245C,5,0.833,0.448,0.044
1155,228,YGL133W,5,0.833,0.448,0.044
1156,229,YPL158C,0,0.000,0.707,0.000
1157,229,YKR048C,0,0.000,0.707,0.000
1158,230,YGL208W,6,0.316,0.329,0.000
1159,230,YER129W,7,0.368,0.352,0.008
1160,230,YDR477W,16,0.842,0.453,0.683
1161,230,YER027C,6,0.316,0.329,0.000
1162,230,YGL179C,7,0.368,0.352,0.008
1163,230,YDR422C,6,0.316,0.329,0.000
1164,230,YGL115W,7,0.368,0.347,0.029
1165,231,YCL028W,1,0.125,0.354,0.000
1166,231,YER040W,1,0.125,0.354,0.000
1167,231,YIR038C,2,0.250,0.500,0.107
1168,231,YNL229C,3,0.375,0.653,0.179
1169,231,YKR076W,1,0.125,0.271,0.000
1170,232,YFR019W,10,0.455,0.261,0.004
1171,232,YLR240W,19,0.864,0.348,0.246
1172,232,YFR021W,13,0.591,0.308,0.028
1173,232,YNL325C,10,0.455,0.243,0.092
1174,232,YBR097W,16,0.727,0.333,0.084
1175,232,YPL120W,20,0.909,0.359,0.272
1176,233,YJL005W,8,0.471,0.313,0.009
1177,233,YJL164C,12,0.706,0.382,0.144
1178,233,YNL098C,9,0.529,0.342,0.016
1179,233,YPL203W,10,0.588,0.358,0.033
1180,233,YIL033C,8,0.471,0.313,0.009
1181,233,YKL166C,10,0.588,0.358,0.033
1182,234,YPR113W,0,1.000,1.000,0.000
1183,235,YDL144C,0,0.000,0.707,0.000
1184,235,YIL160C,0,0.000,0.707,0.000
1185,236,YER081W,1,1.000,0.707,0.000
1186,236,YIL074C,1,1.000,0.707,0.000
1187,237,YNL256W,5,1.000,0.490,0.183
1188,237,YOR236W,5,1.000,0.490,0.183
1189,238,YLR371W,7,0.156,0.040,0.039
1190,238,YBR200W,15,0.333,0.312,0.061
1191,238,YGR070W,8,0.178,0.043,0.044
1192,238,YLL021W,7,0.156,0.176,0.008
1193,238,YOR127W,7,0.156,0.194,0.011
1194,238,YAL041W,14,0.311,0.332,0.051
1195,238,YPR165W,11,0.244,0.214,0.239
1196,238,YGR152C,7,0.156,0.199,0.035
1197,238,YNL298W,14,0.311,0.328,0.058
1198,238,YLR229C,21,0.467,0.407,0.179
1199,238,YHL007C,10,0.222,0.244,0.036
1200,238,YLR332W,7,0.156,0.043,0.023
1201,238,YNL271C,12,0.267,0.276,0.059
1202,239,YEL013W,0,0.000,0.577,0.000
1203,239,YAR042W,0,0.000,0.577,0.000
1204,239,YHR117W,0,0.000,0.577,0.000
1205,240,YNL022C,2,0.286,0.577,0.000
1206,240,YGR283C,2,0.286,0.577,0.000
1207,240,YMR310C,2,0.286,0.577,0.000
1208,241,YHR072W-A,0,1.000,1.000,0.000
1209,242,YLR318W,0,0.000,0.707,0.000
1210,242,YLR262C-A,0,0.000,0.707,0.000
1211,243,YMR276W,0,1.000,1.000,0.000
1212,244,YMR023C,2,1.000,0.577,0.000
1213,244,YGL236C,2,1.000,0.577,0.000
1214,244,YDL033C,2,1.000,0.577,0.000
1215,245,YIR027C,2,0.500,0.577,0.000
1216,245,YIR029W,2,0.500,0.577,0.000
1217,245,YIR032C,2,0.500,0.577,0.000
1218,246,YBR169C,2,0.333,0.357,0.400
1219,246,YLL024C,2,0.333,0.485,0.000
1220,246,YER103W,2,0.333,0.201,0.267
1221,246,YAL005C,2,0.333,0.485,0.000
1222,246,YPL106C,3,0.500,0.595,0.400
1223,247,YPL225W,0,1.000,1.000,0.000
1224,248,YBL033C,5,1.000,0.428,0.025
1225,248,YBR256C,5,1.000,0.428,0.025
1226,248,YDR487C,5,1.000,0.428,0.025
1227,248,YBR153W,5,1.000,0.428,0.025
1228,249,YMR205C,6,0.857,0.402,0.024
1229,249,YGR240C,6,0.857,0.402,0.024
1230,249,YLR377C,7,1.000,0.413,0.310
1231,249,YJL155C,6,0.857,0.402,0.024
1232,250,YFL045C,1,1.000,0.707,0.000
1233,250,YER003C,1,1.000,0.707,0.000
1234,251,YCR044C,0,0.000,0.577,0.000
1235,251,YIL039W,0,0.000,0.577,0.000
1236,251,YOL122C,0,0.000,0.577,0.000
1237,252,YBR290W,0,1.000,1.000,0.000
1238,253,YDR182W,0,0.000,0.707,0.000
1239,253,YCR017C,0,0.000,0.707,0.000
1240,254,YKL175W,9,0.750,0.409,0.101
1241,254,YLR130C,7,0.583,0.351,0.026
1242,254,YGL255W,8,0.667,0.358,0.163
1243,254,YIL023C,8,0.667,0.386,0.051
1244,255,YEL076C-A,6,0.500,0.342,0.008
1245,255,YLR466W,8,0.667,0.402,0.051
1246,255,YHR218W,7,0.583,0.376,0.020
1247,255,YLR467W,6,0.500,0.333,0.015
1248,255,YNL339C,10,0.833,0.425,0.293
1249,255,YHL050C,6,0.500,0.342,0.008
1250,256,YMR267W,1,1.000,0.707,0.000
1251,256,YBR011C,1,1.000,0.707,0.000
1252,257,YBL019W,6,0.857,0.418,0.238
1253,257,YML060W,5,0.714,0.405,0.000
1254,257,YKL114C,5,0.714,0.405,0.000
1255,257,YOL043C,5,0.714,0.405,0.000
1256,257,YML021C,5,0.714,0.405,0.000
1257,257,YAL015C,5,0.714,0.405,0.000
1258,258,YLR411W,3,0.500,0.557,0.033
1259,258,YMR021C,3,0.500,0.557,0.033
1260,259,YMR108W,4,0.667,0.436,0.056
1261,259,YJR148W,4,0.667,0.436,0.056
1262,259,YJR016C,5,0.833,0.507,0.111
1263,260,YFR047C,5,0.625,0.448,0.024
1264,260,YGR010W,5,0.625,0.448,0.024
1265,260,YOR209C,5,0.625,0.448,0.024
1266,261,YJR069C,0,1.000,1.000,0.000
1267,262,YJR014W,2,1.000,0.577,0.000
1268,262,YER007C-A,2,1.000,0.577,0.000
1269,262,YDR117C,2,1.000,0.577,0.000
1270,263,YMR197C,24,0.800,0.213,0.016
1271,263,YLR268W,27,0.900,0.223,0.060
1272,263,YAL030W,24,0.800,0.212,0.017
1273,263,YLR078C,25,0.833,0.224,0.009
1274,263,YPL232W,25,0.833,0.224,0.009
1275,263,YOR106W,24,0.800,0.213,0.016
1276,263,YOR075W,26,0.867,0.214,0.054
1277,263,YKL196C,26,0.867,0.226,0.021
1278,263,YLR026C,26,0.867,0.224,0.050
1279,263,YIL004C,24,0.800,0.216,0.008
1280,264,YOL117W,4,1.000,0.447,0.000
1281,264,YDL216C,4,1.000,0.447,0.000
1282,264,YDR179C,4,1.000,0.447,0.000
1283,264,YMR025W,4,1.000,0.447,0.000
1284,264,YIL071C,4,1.000,0.447,0.000
1285,265,YHR129C,0,1.000,1.000,0.000
1286,266,YMR294W,3,1.000,0.500,0.000
1287,266,YPL174C,3,1.000,0.500,0.000
1288,266,YLL049W,3,1.000,0.500,0.000
1289,266,YDR106W,3,1.000,0.500,0.000
1290,267,YNR008W,12,0.250,0.176,0.010
1291,267,YOR081C,26,0.542,0.303,0.081
1292,267,YKR089C,27,0.562,0.316,0.104
1293,267,YNL130C,13,0.271,0.185,0.029
1294,267,YOR175C,30,0.625,0.322,0.230
1295,267,YMR165C,18,0.375,0.220,0.100
1296,267,YNL169C,13,0.271,0.172,0.029
1297,267,YOR245C,13,0.271,0.175,0.018
1298,267,YDR284C,12,0.250,0.149,0.019
1299,267,YBR029C,15,0.312,0.211,0.034
1300,267,YDR503C,13,0.271,0.160,0.049
1301,267,YHR123W,17,0.354,0.226,0.042
1302,267,YOR311C,14,0.292,0.206,0.045
1303,267,YMR313C,12,0.250,0.159,0.014
1304,267,YKR031C,17,0.354,0.239,0.037
1305,268,YJR049C,0,0.000,0.500,0.000
1306,268,YDR242W,0,0.000,0.500,0.000
1307,268,YGR205W,0,0.000,0.500,0.000
1308,268,YPL188W,0,0.000,0.500,0.000
1309,269,YDR077W,0,0.000,0.577,0.000
1310,269,YLR110C,0,0.000,0.577,0.000
1311,269,YKL164C,0,0.000,0.577,0.000
1312,270,YHR053C,3,1.000,0.612,0.667
1313,271,YLR034C,0,0.000,0.707,0.000
1314,271,YBR207W,0,0.000,0.707,0.000
1315,272,YLR220W,0,1.000,1.000,0.000
1316,273,YBR271W,4,0.364,0.360,0.027
1317,273,YIL110W,4,0.364,0.374,0.021
1318,273,YIL064W,7,0.636,0.513,0.227
1319,273,YJR129C,6,0.545,0.441,0.215
1320,274,YGR281W,2,0.333,0.577,0.000
1321,274,YDR011W,2,0.333,0.577,0.000
1322,274,YOR153W,2,0.333,0.577,0.000
1323,275,YOR281C,0,0.000,0.707,0.000
1324,275,YNL313C,0,0.000,0.707,0.000
1325,276,YNL292W,7,1.000,0.415,0.090
1326,276,YOR243C,7,1.000,0.415,0.090
1327,277,YML058W,1,0.500,0.707,0.000
1328,277,YDL101C,1,0.500,0.707,0.000
1329,278,YDR227W,0,1.000,1.000,0.000
1330,279,YJL127C,0,1.000,1.000,0.000
1331,280,YER014W,0,1.000,1.000,0.000
1332,281,YDR082W,6,0.462,0.393,0.030
1333,281,YLR010C,6,0.462,0.393,0.030
1334,281,YDL220C,6,0.462,0.393,0.030
1335,281,YNL216W,8,0.615,0.421,0.308
1336,282,YEL015W,1,0.500,0.707,0.000
1337,282,YOL149W,1,0.500,0.707,0.000
1338,283,YNL063W,0,0.000,0.577,0.000
1339,283,YIL096C,0,0.000,0.577,0.000
1340,283,YBR141C,0,0.000,0.577,0.000
1341,284,YCR034W,6,0.750,0.386,0.007
1342,284,YBR159W,6,0.750,0.386,0.007
1343,284,YJL097W,6,0.750,0.386,0.007
1344,284,YGL055W,8,1.000,0.407,0.471
1345,284,YDL015C,6,0.750,0.386,0.007
1346,285,YNL295W,0,1.000,1.000,0.000
1347,286,YPR155C,0,0.000,0.707,0.000
1348,286,YIL087C,0,0.000,0.707,0.000
1349,287,YBR101C,0,0.000,0.577,0.000
1350,287,YJL144W,0,0.000,0.577,0.000
1351,287,YPR158W,0,0.000,0.577,0.000
1352,288,YBR109C,0,0.000,0.707,0.000
1353,288,YNL225C,0,0.000,0.707,0.000
1354,289,YGL020C,5,0.625,0.389,0.009
1355,289,YOR164C,7,0.875,0.444,0.265
1356,289,YOR007C,5,0.625,0.375,0.024
1357,289,YOL111C,6,0.750,0.429,0.051
1358,289,YDL100C,5,0.625,0.389,0.009
1359,290,YBR176W,1,1.000,0.707,0.000
1360,290,YIL145C,1,1.000,0.707,0.000
1361,291,YIL164C,0,1.000,1.000,0.000
1362,292,YBR161W,4,0.667,0.398,0.089
1363,292,YBR036C,4,0.667,0.398,0.089
1364,292,YDR367W,4,0.667,0.412,0.017
1365,292,YKL004W,4,0.667,0.412,0.017
1366,292,YDR072C,4,0.667,0.331,0.350
1367,292,YPL057C,5,0.833,0.477,0.106
1368,293,YNL072W,3,1.000,0.612,0.667
1369,294,YDR439W,5,0.833,0.514,0.267
1370,294,YCR086W,5,0.833,0.492,0.400
1371,295,YKR070W,0,1.000,1.000,0.000
1372,296,YAL029C,5,0.625,0.460,0.405
1373,296,YOR326W,5,0.625,0.520,0.262
1374,296,YLR190W,3,0.375,0.382,0.012
1375,296,YGL210W,3,0.375,0.396,0.036
1376,296,YNL304W,3,0.375,0.396,0.036
1377,297,YBL007C,1,1.000,0.707,0.000
1378,297,YHR016C,1,1.000,0.707,0.000
1379,298,YCR009C,3,0.375,0.612,0.071
1380,298,YDR388W,2,0.250,0.523,0.000
1381,298,YMR192W,2,0.250,0.523,0.000
1382,299,YDL161W,0,0.000,0.707,0.000
1383,299,YLR206W,0,0.000,0.707,0.000
1384,300,YLR319C,0,1.000,1.000,0.000
1385,301,YBR164C,0,0.000,0.707,0.000
1386,301,YOR094W,0,0.000,0.707,0.000
1387,302,YBR038W,2,1.000,0.577,0.000
1388,302,YMR032W,2,1.000,0.577,0.000
1389,302,YDL117W,2,1.000,0.577,0.000
1390,303,YDR056C,7,0.778,0.351,0.000
1391,303,YCL045C,7,0.778,0.351,0.000
1392,303,YJL192C,7,0.778,0.351,0.000
1393,303,YJR088C,8,0.889,0.357,0.222
1394,303,YIL027C,7,0.778,0.351,0.000
1395,303,YKL207W,7,0.778,0.351,0.000
1396,303,YLL014W,7,0.778,0.351,0.000
1397,303,YGL231C,8,0.889,0.357,0.222
1398,304,YOR338W,0,0.000,0.500,0.000
1399,304,YOR359W,0,0.000,0.500,0.000
1400,304,YJL080C,0,0.000,0.500,0.000
1401,304,YBR172C,0,0.000,0.500,0.000
1402,305,YML068W,0,1.000,1.000,0.000
1403,306,YER042W,0,1.000,1.000,0.000
1404,307,YDL091C,4,0.800,0.615,0.400
1405,307,YLR114C,2,0.400,0.394,0.000
1406,307,YKL034W,2,0.400,0.394,0.000
1407,307,YDL219W,2,0.400,0.394,0.000
1408,307,YOR223W,2,0.400,0.394,0.000
1409,308,YPL154C,0,1.000,1.000,0.000
1410,309,YIL038C,10,0.667,0.307,0.005
1411,309,YPR072W,10,0.667,0.307,0.005
1412,309,YNL288W,10,0.667,0.307,0.005
1413,309,YAL021C,11,0.733,0.313,0.071
1414,309,YFL028C,11,0.733,0.310,0.129
1415,309,YDL165W,10,0.667,0.307,0.005
1416,309,YNR052C,10,0.667,0.289,0.048
1417,309,YCR093W,11,0.733,0.310,0.129
1418,309,YGR134W,10,0.667,0.307,0.005
1419,310,YDL092W,7,1.000,0.384,0.031
1420,310,YPL243W,7,1.000,0.384,0.031
1421,310,YPL210C,7,1.000,0.384,0.031
1422,310,YPR088C,7,1.000,0.384,0.031
1423,311,YGR182C,7,0.778,0.400,0.333
1424,311,YMR245W,6,0.667,0.407,0.046
1425,311,YJL199C,6,0.667,0.407,0.046
1426,311,YER121W,6,0.667,0.407,0.046
1427,312,YAR008W,3,1.000,0.557,0.167
1428,312,YJL087C,3,1.000,0.557,0.167
1429,313,YBL047C,0,0.000,0.707,0.000
1430,313,YDR320C,0,0.000,0.707,0.000
1431,314,YPR042C,0,0.000,0.707,0.000
1432,314,YDL224C,0,0.000,0.707,0.000
1433,315,YNL197C,0,0.000,0.707,0.000
1434,315,YPL184C,0,0.000,0.707,0.000
1435,316,YPL200W,2,1.000,0.577,0.000
1436,316,YOL104C,2,1.000,0.577,0.000
1437,316,YJL019W,2,1.000,0.577,0.000
1438,317,YGL256W,4,0.667,0.628,0.533
1439,317,YGL258W,2,0.333,0.455,0.000
1440,317,YDL168W,2,0.333,0.321,0.267
1441,317,YOR387C,2,0.333,0.455,0.000
1442,318,YKL103C,0,0.000,0.707,0.000
1443,318,YHR113W,0,0.000,0.707,0.000
1444,319,YDR430C,0,0.000,0.707,0.000
1445,319,YER078C,0,0.000,0.707,0.000
1446,320,YOL086W-A,3,1.000,0.557,0.167
1447,320,YIR002C,3,1.000,0.557,0.167
1448,321,YJL105W,1,1.000,0.707,0.000
1449,321,YHR207C,1,1.000,0.707,0.000
1450,322,YHR158C,1,1.000,0.707,0.000
1451,322,YGR238C,1,1.000,0.707,0.000
1452,323,YDR310C,1,0.500,0.707,0.000
1453,323,YHR124W,1,0.500,0.707,0.000
1454,324,YPR118W,5,1.000,0.529,0.500
1455,324,YMR009W,4,0.800,0.494,0.100
1456,325,YHR104W,3,0.600,0.465,0.100
1457,325,YGR194C,3,0.600,0.383,0.400
1458,325,YDL246C,3,0.600,0.453,0.050
1459,325,YJR159W,4,0.800,0.549,0.350
1460,326,YDL052C,0,0.000,0.707,0.000
1461,326,YGR045C,0,0.000,0.707,0.000
1462,327,YHR100C,2,1.000,0.577,0.000
1463,327,YGR046W,2,1.000,0.577,0.000
1464,327,YDL142C,2,1.000,0.577,0.000
1465,328,YOR006C,0,0.000,0.707,0.000
1466,328,YCR051W,0,0.000,0.707,0.000
1467,329,YOR334W,0,0.000,0.707,0.000
1468,329,YPL060W,0,0.000,0.707,0.000
1469,330,YOL130W,0,0.000,0.500,0.000
1470,330,YJL133W,0,0.000,0.500,0.000
1471,330,YFL050C,0,0.000,0.500,0.000
1472,330,YKL064W,0,0.000,0.500,0.000
1473,331,YNR031C,5,0.714,0.418,0.012
1474,331,YDL235C,5,0.714,0.418,0.012
1475,331,YER118C,7,1.000,0.451,0.536
1476,331,YCR073C,5,0.714,0.418,0.012
1477,332,YAL002W,14,0.778,0.299,0.053
1478,332,YKR014C,13,0.722,0.259,0.220
1479,332,YML001W,14,0.778,0.280,0.155
1480,332,YMR231W,13,0.722,0.293,0.015
1481,332,YLR396C,13,0.722,0.282,0.046
1482,332,YLR148W,13,0.722,0.293,0.015
1483,332,YDR495C,13,0.722,0.293,0.015
1484,333,YPL036W,0,0.000,0.707,0.000
1485,333,YGL008C,0,0.000,0.707,0.000
1486,334,YPR131C,0,1.000,1.000,0.000
1487,335,YCR048W,1,0.500,0.707,0.000
1488,335,YNR019W,1,0.500,0.707,0.000
1489,336,YJR013W,15,0.625,0.304,0.079
1490,336,YDR331W,12,0.500,0.261,0.039
1491,336,YPL175W,14,0.583,0.282,0.066
1492,336,YHR188C,12,0.500,0.249,0.040
1493,336,YLR088W,14,0.583,0.288,0.059
1494,336,YMR281W,14,0.583,0.296,0.053
1495,336,YGL142C,15,0.625,0.301,0.071
1496,336,YBR004C,14,0.583,0.272,0.118
1497,336,YLL031C,12,0.500,0.264,0.025
1498,337,YOR140W,0,0.000,0.378,0.000
1499,337,YMR164C,0,0.000,0.378,0.000
1500,337,YHR211W,0,0.000,0.378,0.000
1501,337,YKR102W,0,0.000,0.378,0.000
1502,337,YAR050W,0,0.000,0.378,0.000
1503,337,YKL043W,0,0.000,0.378,0.000
1504,337,YAL063C,0,0.000,0.378,0.000
1505,338,YIR019C,0,0.000,0.500,0.000
1506,338,YOL116W,0,0.000,0.500,0.000
1507,338,YDL233W,0,0.000,0.500,0.000
1508,338,YER109C,0,0.000,0.500,0.000
1509,339,YJR031C,0,1.000,1.000,0.000
1510,340,YPR044C,1,0.500,0.707,0.000
1511,340,YLR062C,1,0.500,0.707,0.000
1512,341,YAL065C,3,1.000,0.612,0.667
1513,342,YMR135C,6,0.750,0.376,0.000
1514,342,YDR255C,6,0.750,0.376,0.000
1515,342,YCL039W,7,0.875,0.385,0.214
1516,342,YIL017C,6,0.750,0.376,0.000
1517,342,YBR105C,6,0.750,0.376,0.000
1518,342,YIL097W,6,0.750,0.376,0.000
1519,342,YGL227W,6,0.750,0.376,0.000
1520,343,YMR081C,0,1.000,1.000,0.000
1521,344,YDR123C,3,0.500,0.438,0.000
1522,344,YJL153C,5,0.833,0.553,0.400
1523,344,YOL108C,3,0.500,0.438,0.000
1524,344,YHL020C,3,0.500,0.438,0.000
1525,345,YMR029C,5,1.000,0.428,0.025
1526,345,YNL127W,5,1.000,0.428,0.025
1527,345,YFR008W,5,1.000,0.428,0.025
1528,345,YMR052W,5,1.000,0.428,0.025
1529,346,YLR280C,0,0.000,0.707,0.000
1530,346,YLR125W,0,0.000,0.707,0.000
1531,347,YNL314W,0,0.000,0.707,0.000
1532,347,YDL170W,0,0.000,0.707,0.000
1533,348,YML067C,0,1.000,1.000,0.000
1534,349,YKR099W,0,0.000,0.707,0.000
1535,349,YFR034C,0,0.000,0.707,0.000
1536,350,YOL068C,0,1.000,1.000,0.000
1537,351,YFR003C,0,1.000,1.000,0.000
1538,352,YJL129C,3,0.600,0.612,0.200
1539,352,YDR436W,2,0.400,0.523,0.000
1540,352,YML016C,2,0.400,0.523,0.000
1541,353,YBR061C,3,0.750,0.565,0.500
1542,353,YOL125W,3,0.750,0.565,0.500
1543,354,YOL093W,0,1.000,1.000,0.000
1544,355,YLR316C,0,1.000,1.000,0.000
1545,356,YGL114W,0,0.000,0.707,0.000
1546,356,YKR093W,0,0.000,0.707,0.000
1547,357,YJL212C,0,0.000,0.577,0.000
1548,357,YPR194C,0,0.000,0.577,0.000
1549,357,YPL177C,0,0.000,0.577,0.000
1550,358,YPL214C,10,0.833,0.431,0.432
1551,358,YGR144W,8,0.667,0.409,0.174
1552,358,YPL258C,7,0.583,0.399,0.023
1553,358,YOL055C,7,0.583,0.399,0.023
1554,359,YOR143C,0,0.000,0.707,0.000
1555,359,YDR481C,0,0.000,0.707,0.000
1556,360,YHR215W,9,0.643,0.390,0.074
1557,360,YML123C,11,0.786,0.413,0.234
1558,360,YAR071W,8,0.571,0.355,0.055
1559,360,YHR136C,8,0.571,0.358,0.058
1560,361,YPL034W,0,0.000,0.707,0.000
1561,361,YCL033C,0,0.000,0.707,0.000
1562,362,YLR126C,0,0.000,0.707,0.000
1563,362,YKL069W,0,0.000,0.707,0.000
1564,363,YDL103C,1,0.500,0.707,0.000
1565,363,YFL017C,1,0.500,0.707,0.000
1566,364,YOL095C,0,1.000,1.000,0.000
1567,365,YDR538W,0,1.000,1.000,0.000
1568,366,YBR023C,5,0.833,0.424,0.078
1569,366,YLR330W,6,1.000,0.475,0.200
1570,366,YJL099W,5,0.833,0.424,0.078
1571,367,YLR342W,0,1.000,1.000,0.000
1572,368,YCR002C,10,0.769,0.349,0.066
1573,368,YHR107C,11,0.846,0.370,0.091
1574,368,YLR314C,10,0.769,0.346,0.065
1575,368,YJR076C,12,0.923,0.385,0.145
1576,369,YER039C-A,0,0.000,0.577,0.000
1577,369,YPL244C,0,0.000,0.577,0.000
1578,369,YML038C,0,0.000,0.577,0.000
1579,370,YLR149C,0,1.000,1.000,0.000
1580,371,YFR017C,0,1.000,1.000,0.000
1581,372,YGR262C,6,1.000,0.453,0.133
1582,372,YML036W,6,1.000,0.453,0.133
1583,373,YBR049C,0,0.000,0.707,0.000
1584,373,YPL128C,0,0.000,0.707,0.000
1585,374,YBL068W,7,1.000,0.373,0.019
1586,374,YER099C,7,1.000,0.373,0.019
1587,374,YOL061W,7,1.000,0.373,0.019
1588,374,YHL011C,7,1.000,0.373,0.019
1589,374,YKL181W,7,1.000,0.373,0.019
1590,375,YLL062C,0,0.000,0.707,0.000
1591,375,YPL273W,0,0.000,0.707,0.000
1592,376,YGR142W,0,1.000,1.000,0.000
1593,377,YDL194W,2,1.000,0.577,0.000
1594,377,YKL038W,2,1.000,0.577,0.000
1595,377,YDL138W,2,1.000,0.577,0.000
1596,378,YGR233C,0,1.000,1.000,0.000
1597,379,YFR036W,12,1.000,0.277,0.000
1598,379,YLR127C,12,1.000,0.277,0.000
1599,379,YDL008W,12,1.000,0.277,0.000
1600,379,YDR260C,12,1.000,0.277,0.000
1601,379,YNL172W,12,1.000,0.277,0.000
1602,379,YDR118W,12,1.000,0.277,0.000
1603,379,YHR166C,12,1.000,0.277,0.000
1604,379,YBL084C,12,1.000,0.277,0.000
1605,379,YOR249C,12,1.000,0.277,0.000
1606,379,YGL240W,12,1.000,0.277,0.000
1607,379,YKL022C,12,1.000,0.277,0.000
1608,379,YIR025W,12,1.000,0.277,0.000
1609,379,YLR102C,12,1.000,0.277,0.000
1610,380,YPR127W,2,0.667,0.707,0.333
1611,381,YNR027W,0,0.000,0.707,0.000
1612,381,YEL029C,0,0.000,0.707,0.000
1613,382,YJR099W,2,1.000,0.577,0.000
1614,382,YBR058C,2,1.000,0.577,0.000
1615,382,YOR124C,2,1.000,0.577,0.000
1616,383,YPL065W,17,0.773,0.254,0.015
1617,383,YLR025W,20,0.909,0.274,0.062
1618,383,YMR077C,19,0.864,0.270,0.031
1619,383,YJR102C,17,0.773,0.251,0.019
1620,383,YKL041W,19,0.864,0.270,0.031
1621,383,YKL002W,19,0.864,0.270,0.031
1622,384,YER136W,2,0.667,0.577,0.000
1623,384,YOR370C,2,0.667,0.577,0.000
1624,384,YML097C,2,0.667,0.577,0.000
1625,385,YMR304W,0,1.000,1.000,0.000
1626,386,YJL027C,5,0.833,0.405,0.000
1627,386,YJL028W,5,0.833,0.405,0.000
1628,386,YJR056C,5,0.833,0.405,0.000
1629,386,YJL022W,5,0.833,0.405,0.000
1630,386,YJR055W,6,1.000,0.418,0.333
1631,386,YJL161W,5,0.833,0.405,0.000
1632,387,YDL055C,0,0.000,0.577,0.000
1633,387,YBR085C-A,0,0.000,0.577,0.000
1634,387,YGL065C,0,0.000,0.577,0.000
1635,388,YIL030C,0,1.000,1.000,0.000
1636,389,YMR297W,0,0.000,0.500,0.000
1637,389,YBR139W,0,0.000,0.500,0.000
1638,389,YMR174C,0,0.000,0.500,0.000
1639,389,YKR034W,0,0.000,0.500,0.000
1640,390,YNL238W,4,0.667,0.533,0.400
1641,390,YDR144C,3,0.500,0.469,0.100
1642,390,YLR120C,3,0.500,0.469,0.100
1643,391,YGR121C,2,1.000,0.577,0.000
1644,391,YNL142W,2,1.000,0.577,0.000
1645,391,YPR138C,2,1.000,0.577,0.000
1646,392,YLR299W,3,0.750,0.557,0.083
1647,392,YER163C,3,0.750,0.557,0.083
1648,393,YCL035C,0,0.000,0.707,0.000
1649,393,YDR513W,0,0.000,0.707,0.000
1650,394,YOR321W,9,0.529,0.345,0.061
1651,394,YDR483W,9,0.529,0.305,0.089
1652,394,YDL095W,8,0.471,0.316,0.029
1653,394,YAL023C,11,0.647,0.380,0.206
1654,394,YDR245W,8,0.471,0.245,0.063
1655,394,YDL093W,8,0.471,0.316,0.049
1656,394,YBR205W,8,0.471,0.269,0.138
1657,394,YJR075W,9,0.529,0.282,0.099
1658,394,YOR099W,8,0.471,0.274,0.072
1659,395,YLR084C,3,0.200,0.376,0.003
1660,395,YGR041W,3,0.200,0.385,0.076
1661,395,YCR038C,4,0.267,0.424,0.175
1662,395,YIL140W,3,0.200,0.281,0.033
1663,395,YOR301W,4,0.267,0.411,0.137
1664,395,YCL014W,3,0.200,0.281,0.033
1665,395,YLR353W,3,0.200,0.385,0.076
1666,396,YHR074W,2,0.667,0.707,0.333
1667,397,YLR059C,3,1.000,0.612,0.667
1668,398,YDL184C,0,1.000,1.000,0.000
1669,399,YHR137W,0,1.000,1.000,0.000
1670,400,YDR421W,0,0.000,0.707,0.000
1671,400,YGL202W,0,0.000,0.707,0.000
1672,401,YLR138W,4,0.667,0.583,0.233
1673,401,YJL094C,3,0.500,0.524,0.033
1674,402,YLR143W,0,1.000,1.000,0.000
1675,403,YFR044C,1,0.500,0.707,0.000
1676,403,YNL191W,1,0.500,0.707,0.000
1677,404,YKL184W,4,1.000,0.524,0.500
1678,404,YPR069C,3,0.750,0.482,0.000
1679,404,YLR146C,3,0.750,0.482,0.000
1680,404,YOL052C,3,0.750,0.482,0.000
1681,405,YGL220W,3,1.000,0.612,0.667
1682,406,YOL081W,2,0.500,0.500,0.500
1683,406,YDL035C,3,0.750,0.653,0.833
1684,407,YBR223C,0,1.000,1.000,0.000
1685,408,YMR070W,0,1.000,1.000,0.000
1686,409,YER098W,4,1.000,0.510,0.167
1687,409,YBL067C,4,1.000,0.510,0.167
1688,410,YML047C,0,1.000,1.000,0.000
1689,411,YDR414C,2,1.000,0.577,0.000
1690,411,YCR075C,2,1.000,0.577,0.000
1691,411,YKR007W,2,1.000,0.577,0.000
1692,412,YML012W,8,1.000,0.429,0.314
1693,412,YGL200C,6,0.750,0.376,0.025
1694,412,YGL002W,6,0.750,0.378,0.028
1695,412,YAL007C,6,0.750,0.369,0.045
1696,412,YAR002C-A,6,0.750,0.378,0.028
1697,413,YMR111C,0,0.000,0.577,0.000
1698,413,YKL047W,0,0.000,0.577,0.000
1699,413,YPL236C,0,0.000,0.577,0.000
1700,414,YOR353C,5,0.714,0.420,0.024
1701,414,YFL034C-B,5,0.714,0.420,0.024
1702,414,YNL161W,5,0.714,0.372,0.286
1703,414,YKL189W,6,0.857,0.436,0.310
1704,414,YIL129C,5,0.714,0.420,0.024
1705,415,YJR010C-A,3,1.000,0.500,0.000
1706,415,YIR022W,3,1.000,0.500,0.000
1707,415,YLR066W,3,1.000,0.500,0.000
1708,415,YML055W,3,1.000,0.500,0.000
1709,416,YEL076C,4,1.000,0.447,0.000
1710,416,YEL075W-A,4,1.000,0.447,0.000
1711,416,YEL074W,4,1.000,0.447,0.000
1712,416,YEL077C,4,1.000,0.447,0.000
1713,416,YEL075C,4,1.000,0.447,0.000
1714,417,YMR154C,7,0.875,0.379,0.089
1715,417,YHL027W,7,0.875,0.379,0.089
1716,417,YOR275C,8,1.000,0.397,0.214
1717,418,YDL195W,0,1.000,1.000,0.000
1718,419,YOR385W,1,0.500,0.707,0.000
1719,419,YOL016C,1,0.500,0.707,0.000
1720,420,YGL006W,5,0.625,0.372,0.223
1721,420,YGR217W,6,0.750,0.463,0.152
1722,420,YNL291C,5,0.625,0.396,0.062
1723,420,YDL128W,5,0.625,0.429,0.027
1724,421,YIR018W,0,0.000,0.577,0.000
1725,421,YGL167C,0,0.000,0.577,0.000
1726,421,YMR034C,0,0.000,0.577,0.000
1727,422,YDR459C,1,0.333,0.707,0.000
1728,422,YDR126W,1,0.333,0.707,0.000
1729,423,YDL240W,0,1.000,1.000,0.000
1730,424,YLR305C,3,1.000,0.557,0.167
1731,424,YMR212C,3,1.000,0.557,0.167
1732,425,YLR422W,0,0.000,0.707,0.000
1733,425,YDR273W,0,0.000,0.707,0.000
1734,426,YOR269W,0,1.000,1.000,0.000
1735,427,YDR517W,0,0.000,0.707,0.000
1736,427,YJR134C,0,0.000,0.707,0.000
1737,428,YIL177C,0,1.000,1.000,0.000
1738,429,YML133C,2,1.000,0.577,0.000
1739,429,YML133W-B,2,1.000,0.577,0.000
1740,429,YML133W-A,2,1.000,0.577,0.000
1741,430,YLL066W-A,3,1.000,0.612,0.667
1742,431,YLL067C,0,1.000,1.000,0.000
1743,432,YDL124W,0,1.000,1.000,0.000
1744,433,YER150W,0,0.000,0.577,0.000
1745,433,YKL096W-A,0,0.000,0.577,0.000
1746,433,YJL159W,0,0.000,0.577,0.000
1747,434,YHR195W,0,0.000,0.447,0.000
1748,434,YML072C,0,0.000,0.447,0.000
1749,434,YKL130C,0,0.000,0.447,0.000
1750,434,YER120W,0,0.000,0.447,0.000
1751,434,YBL091C-A,0,0.000,0.447,0.000
1752,435,YNL160W,0,1.000,1.000,0.000
1753,436,YDR150W,0,1.000,1.000,0.000
1754,437,YOR132W,8,0.667,0.344,0.020
1755,437,YJL053W,9,0.750,0.346,0.096
1756,437,YHR012W,11,0.917,0.393,0.190
1757,437,YJL154C,11,0.917,0.392,0.205
1758,438,YBR086C,0,1.000,1.000,0.000
1759,439,YDR027C,3,0.429,0.469,0.071
1760,439,YLR262C,4,0.571,0.533,0.286
1761,439,YDR484W,3,0.429,0.469,0.071
1762,440,YMR079W,0,1.000,1.000,0.000
1763,441,YOR086C,0,0.000,0.707,0.000
1764,441,YGR202C,0,0.000,0.707,0.000
1765,442,YPL272C,0,0.000,0.707,0.000
1766,442,YJL145W,0,0.000,0.707,0.000
1767,443,YNL323W,1,0.200,0.707,0.000
1768,443,YCR094W,1,0.200,0.707,0.000
1769,444,YER166W,2,0.667,0.707,0.333
1770,445,YNL297C,2,1.000,0.577,0.000
1771,445,YDR141C,2,1.000,0.577,0.000
1772,445,YIL048W,2,1.000,0.577,0.000
1773,446,YLR286C,11,0.786,0.372,0.456
1774,446,YER124C,7,0.500,0.363,0.015
1775,446,YNL327W,7,0.500,0.363,0.015
1776,446,YHR143W,7,0.500,0.363,0.015
1777,446,YNL066W,7,0.500,0.363,0.015
1778,446,YGL028C,7,0.500,0.363,0.015
1779,447,YLR097C,1,1.000,0.707,0.000
1780,447,YBR280C,1,1.000,0.707,0.000
1781,448,YGR003W,0,1.000,1.000,0.000
1782,449,YLR380W,0,0.000,0.707,0.000
1783,449,YNL264C,0,0.000,0.707,0.000
1784,450,YNL334C,5,1.000,0.408,0.000
1785,450,YNL333W,5,1.000,0.408,0.000
1786,450,YFL059W,5,1.000,0.408,0.000
1787,450,YMR096W,5,1.000,0.408,0.000
1788,450,YMR095C,5,1.000,0.408,0.000
1789,450,YFL060C,5,1.000,0.408,0.000
1790,451,YNL086W,5,1.000,0.408,0.000
1791,451,YGL079W,5,1.000,0.408,0.000
1792,451,YLR408C,5,1.000,0.408,0.000
1793,451,YDR357C,5,1.000,0.408,0.000
1794,451,YKL061W,5,1.000,0.408,0.000
1795,451,YEL005C,5,1.000,0.408,0.000
1796,452,YDR104C,0,0.000,0.577,0.000
1797,452,YHR105W,0,0.000,0.577,0.000
1798,452,YLR253W,0,0.000,0.577,0.000
1799,453,YOR042W,0,1.000,1.000,0.000
1800,454,YHR192W,3,1.000,0.500,0.000
1801,454,YDR233C,3,1.000,0.500,0.000
1802,454,YPR028W,3,1.000,0.500,0.000
1803,454,YOR165W,3,1.000,0.500,0.000
1804,455,YOR090C,1,1.000,0.707,0.000
1805,455,YCR079W,1,1.000,0.707,0.000
1806,456,YMR247C,0,1.000,1.000,0.000
1807,457,YGR271W,4,1.000,0.559,0.333
1808,457,YPL009C,3,0.750,0.470,0.083
1809,457,YKR023W,3,0.750,0.470,0.083
1810,458,YDL198C,0,1.000,1.000,0.000
1811,459,YPL249C,0,0.000,0.707,0.000
1812,459,YGR100W,0,0.000,0.707,0.000
1813,460,YDR461W,6,0.500,0.329,0.024
1814,460,YGL089C,6,0.500,0.316,0.043
1815,460,YFL026W,9,0.750,0.409,0.227
1816,460,YIL015W,6,0.500,0.320,0.033
1817,460,YKL178C,8,0.667,0.378,0.155
1818,460,YPL187W,7,0.583,0.364,0.066
1819,461,YIL120W,0,0.000,0.447,0.000
1820,461,YIL121W,0,0.000,0.447,0.000
1821,461,YPR157W,0,0.000,0.447,0.000
1822,461,YNL065W,0,0.000,0.447,0.000
1823,461,YPR008W,0,0.000,0.447,0.000
1824,462,YNL196C,2,0.500,0.497,0.000
1825,462,YCL055W,2,0.500,0.342,0.500
1826,462,YBR057C,2,0.500,0.497,0.000
1827,462,YGL192W,3,0.750,0.604,0.667
1828,463,YJR094C,0,1.000,1.000,0.000
1829,464,YFL067W,3,0.600,0.482,0.000
1830,464,YFL064C,3,0.600,0.482,0.000
1831,464,YFL065C,3,0.600,0.482,0.000
1832,464,YFL066C,4,0.800,0.524,0.300
1833,465,YJL073W,0,1.000,1.000,0.000
1834,466,YJR131W,0,1.000,1.000,0.000
1835,467,YGR225W,0,1.000,1.000,0.000
1836,468,YGL117W,0,1.000,1.000,0.000
1837,469,YOR271C,0,1.000,1.000,0.000
1838,470,YDR221W,0,0.000,0.577,0.000
1839,470,YMR200W,0,0.000,0.577,0.000
1840,470,YNL322C,0,0.000,0.577,0.000
1841,471,YOR066W,0,1.000,1.000,0.000
1842,472,YMR100W,0,0.000,0.577,0.000
1843,472,YKL010C,0,0.000,0.577,0.000
1844,472,YGL141W,0,0.000,0.577,0.000
1845,473,YHR009C,0,0.000,0.707,0.000
1846,473,YDL025C,0,0.000,0.707,0.000
1847,474,YJR089W,0,1.000,1.000,0.000
1848,475,YGL071W,0,1.000,1.000,0.000
1849,476,YCR097W,5,1.000,0.507,0.167
1850,476,YCR040W,4,0.800,0.436,0.083
1851,476,YCL067C,4,0.800,0.436,0.083
1852,477,YKR088C,0,0.000,0.707,0.000
1853,477,YDR084C,0,0.000,0.707,0.000
1854,478,YDR100W,1,1.000,0.707,0.000
1855,478,YMR071C,1,1.000,0.707,0.000
1856,479,YLL028W,0,0.000,0.707,0.000
1857,479,YNR055C,0,0.000,0.707,0.000
1858,480,YBR008C,0,1.000,1.000,0.000
1859,481,YGR086C,4,0.800,0.510,0.100
1860,481,YPL004C,4,0.800,0.510,0.100
1861,482,YOL101C,2,1.000,0.577,0.000
1862,482,YLR023C,2,1.000,0.577,0.000
1863,482,YJL056C,2,1.000,0.577,0.000
1864,483,YOR043W,0,1.000,1.000,0.000
1865,484,YDR497C,0,1.000,1.000,0.000
1866,485,YPL092W,0,1.000,1.000,0.000
1867,486,YPR105C,8,1.000,0.358,0.036
1868,486,YNL041C,8,1.000,0.358,0.036
1869,486,YER157W,8,1.000,0.358,0.036
1870,486,YML071C,8,1.000,0.358,0.036
1871,487,YGL038C,0,1.000,1.000,0.000
1872,488,YGL032C,0,0.000,0.577,0.000
1873,488,YCR089W,0,0.000,0.577,0.000
1874,488,YLR452C,0,0.000,0.577,0.000
1875,489,YMR216C,0,1.000,1.000,0.000
1876,490,YER001W,4,0.800,0.583,0.350
1877,490,YBR015C,3,0.600,0.524,0.050
1878,491,YPL053C,0,1.000,1.000,0.000
1879,492,YDR089W,0,1.000,1.000,0.000
1880,493,YOR220W,0,0.000,0.707,0.000
1881,493,YMR316W,0,0.000,0.707,0.000
1882,494,YBR260C,0,1.000,1.000,0.000
1883,495,YGR004W,0,0.000,0.577,0.000
1884,495,YDR479C,0,0.000,0.577,0.000
1885,495,YBR168W,0,0.000,0.577,0.000
1886,496,YLR324W,0,0.000,0.707,0.000
1887,496,YHR150W,0,0.000,0.707,0.000
1888,497,YGR184C,0,1.000,1.000,0.000
1889,498,YNL008C,1,1.000,0.707,0.000
1890,498,YMR119W,1,1.000,0.707,0.000
1891,499,YKR039W,0,0.000,0.707,0.000
1892,499,YJR152W,0,0.000,0.707,0.000
1893,500,YLL038C,0,0.000,0.577,0.000
1894,500,YGL217C,0,0.000,0.577,0.000
1895,500,YGL102C,0,0.000,0.577,0.000
1896,501,YFL048C,0,1.000,1.000,0.000
1897,502,YGR172C,3,1.000,0.557,0.167
1898,502,YGL198W,3,1.000,0.557,0.167
1899,503,YDR264C,0,0.000,0.707,0.000
1900,503,YLR246W,0,0.000,0.707,0.000
1901,504,YBR187W,0,1.000,1.000,0.000
1902,505,YER123W,0,0.000,0.707,0.000
1903,505,YPL199C,0,0.000,0.707,0.000
1904,506,YJL151C,0,1.000,1.000,0.000
1905,507,YOL073C,0,1.000,1.000,0.000
1906,508,YOL042W,0,1.000,1.000,0.000
1907,509,YDR135C,0,0.000,0.707,0.000
1908,509,YLL048C,0,0.000,0.707,0.000
1909,510,YBR053C,0,1.000,1.000,0.000
1910,511,YMR041C,0,0.000,0.500,0.000
1911,511,YBR149W,0,0.000,0.500,0.000
1912,511,YAL008W,0,0.000,0.500,0.000
1913,511,YBR056W,0,0.000,0.500,0.000
1914,512,YDR173C,4,0.800,0.506,0.400
1915,512,YDR017C,4,0.800,0.506,0.400
1916,513,YPR201W,2,1.000,0.577,0.000
1917,513,YPR199C,2,1.000,0.577,0.000
1918,513,YPR200C,2,1.000,0.577,0.000
1919,514,YBR030W,3,1.000,0.500,0.000
1920,514,YPL208W,3,1.000,0.500,0.000
1921,514,YDR198C,3,1.000,0.500,0.000
1922,514,YDR257C,3,1.000,0.500,0.000
1923,515,YDR406W,0,0.000,0.577,0.000
1924,515,YGL013C,0,0.000,0.577,0.000
1925,515,YOR328W,0,0.000,0.577,0.000
1926,516,YER049W,0,1.000,1.000,0.000
1927,517,YNL078W,1,1.000,0.707,0.000
1928,517,YOL070C,1,1.000,0.707,0.000
1929,518,YFL056C,2,1.000,0.577,0.000
1930,518,YDL243C,2,1.000,0.577,0.000
1931,518,YFL057C,2,1.000,0.577,0.000
1932,519,YOR053W,0,1.000,1.000,0.000
1933,520,YOR394C-A,0,0.000,0.577,0.000
1934,520,YOR396W,0,0.000,0.577,0.000
1935,520,YDR545W,0,0.000,0.577,0.000
1936,521,YDR545C-A,0,1.000,1.000,0.000
1937,522,YOR396C-A,0,1.000,1.000,0.000
1938,523,YPL058C,0,1.000,1.000,0.000
1939,524,YOR386W,0,0.000,0.707,0.000
1940,524,YBR078W,0,0.000,0.707,0.000
1941,525,YOR252W,0,1.000,1.000,0.000
1942,526,YOL110W,0,1.000,1.000,0.000
1943,527,YIR003W,0,1.000,1.000,0.000
1944,528,YKL142W,0,0.000,0.500,0.000
1945,528,YML052W,0,0.000,0.500,0.000
1946,528,YPR149W,0,0.000,0.500,0.000
1947,528,YMR031C,0,0.000,0.500,0.000
1948,529,YBL005W,0,1.000,1.000,0.000
1949,530,YFR018C,0,1.000,1.000,0.000
1950,531,YOR242C,0,1.000,1.000,0.000
1951,532,YJL059W,0,1.000,1.000,0.000
1952,533,YCL042W,2,1.000,0.577,0.000
1953,533,YCR024C-B,2,1.000,0.577,0.000
1954,533,YCL001W-A,2,1.000,0.577,0.000
1955,534,YBL049W,0,1.000,1.000,0.000
1956,535,YGL139W,0,0.000,0.707,0.000
1957,535,YGL146C,0,0.000,0.707,0.000
1958,536,YGL140C,0,1.000,1.000,0.000
1959,537,YML086C,0,1.000,1.000,0.000
1960,538,YOR193W,0,1.000,1.000,0.000
1961,539,YLR065C,0,1.000,1.000,0.000
1962,540,YPL075W,0,0.000,0.577,0.000
1963,540,YOR344C,0,0.000,0.577,0.000
1964,540,YDL046W,0,0.000,0.577,0.000
1965,541,YOR383C,0,1.000,1.000,0.000
1966,542,YMR325W,20,1.000,0.239,0.016
1967,542,YIL176C,20,1.000,0.239,0.016
1968,542,YCR104W,20,1.000,0.239,0.016
1969,542,YIR041W,20,1.000,0.239,0.016
1970,542,YFL020C,20,1.000,0.239,0.016
1971,542,YJL223C,20,1.000,0.239,0.016
1972,543,YLR047C,0,1.000,1.000,0.000
1973,544,YNL158W,0,1.000,1.000,0.000
1974,545,YNR044W,0,1.000,1.000,0.000
1975,546,YDR250C,0,0.000,0.707,0.000
1976,546,YBR294W,0,0.000,0.707,0.000
1977,547,YGR125W,0,1.000,1.000,0.000
1978,548,YER035W,0,1.000,1.000,0.000
1979,549,YHR139C,0,0.000,0.707,0.000
1980,549,YDR402C,0,0.000,0.707,0.000
1981,550,YML131W,0,0.000,0.707,0.000
1982,550,YLL059C,0,0.000,0.707,0.000
1983,551,YLL056C,0,1.000,1.000,0.000
1984,552,YNL199C,0,0.000,0.707,0.000
1985,552,YPL006W,0,0.000,0.707,0.000
1986,553,YER039C,0,1.000,1.000,0.000
1987,554,YBL111C,3,1.000,0.500,0.000
1988,554,YBL109W,3,1.000,0.500,0.000
1989,554,YBL113C,3,1.000,0.500,0.000
1990,554,YBL113W-A,3,1.000,0.500,0.000
1991,555,YEL004W,0,1.000,1.000,0.000
1992,556,YDR085C,0,1.000,1.000,0.000
1993,557,YLR463C,1,0.500,0.707,0.000
1994,557,YLR465C,1,0.500,0.707,0.000
1995,558,YLR466C-B,0,1.000,1.000,0.000
1996,559,YBR293W,0,0.000,0.577,0.000
1997,559,YKL146W,0,0.000,0.577,0.000
1998,559,YNL101W,0,0.000,0.577,0.000
1999,560,YER119C,0,0.000,0.577,0.000
2000,560,YIL088C,0,0.000,0.577,0.000
2001,560,YCL038C,0,0.000,0.577,0.000
2002,561,YPR156C,1,0.500,0.707,0.000
2003,561,YGR138C,1,0.500,0.707,0.000
2004,562,YLR156W,0,1.000,1.000,0.000
2005,563,YJR162C,1,0.200,0.707,0.000
2006,563,YNL337W,1,0.200,0.707,0.000
2007,564,YHR219W,0,1.000,1.000,0.000
2008,565,YDR543C,2,0.500,0.707,0.167
2009,565,YKL225W,1,0.250,0.500,0.000
2010,565,YNR077C,1,0.250,0.500,0.000
2011,566,YER188C-A,1,1.000,0.707,0.000
2012,566,YER189W,1,1.000,0.707,0.000
2013,567,YHL050W-A,0,1.000,1.000,0.000
2014,568,YNL034W,0,0.000,0.577,0.000
2015,568,YNL018C,0,0.000,0.577,0.000
2016,568,YFL051C,0,0.000,0.577,0.000
2017,569,YNL033W,0,0.000,0.707,0.000
2018,569,YNL019C,0,0.000,0.707,0.000
