,cluster,protein,degree,degree_centrality,eigenvector_centrality,betweenness_centrality
0,0,Q0092,2,0.286,0.161,0.000
1,0,Q0142,1,0.143,0.078,0.000
2,1,YJR122W,10,0.909,0.283,0.002
3,1,YLR369W,8,0.727,0.229,0.002
4,1,YPL135W,10,0.909,0.279,0.007
5,1,YLL027W,10,0.909,0.283,0.002
6,1,YOR226C,10,0.909,0.279,0.007
7,1,YOR196C,10,0.909,0.283,0.002
8,2,YDL120W,2,1.000,0.577,0.000
9,2,YGL018C,2,1.000,0.577,0.000
10,2,YMR301C,2,1.000,0.577,0.000
11,3,YHR024C,1,0.167,0.146,0.000
12,3,YNL310C,2,0.333,0.267,0.000
13,3,YEL030W,2,0.333,0.267,0.000
14,4,YPL202C,2,0.333,0.220,0.000
15,4,YLL029W,2,0.333,0.220,0.000
16,5,YJR017C,4,0.066,0.017,0.000
17,5,YPR133C,9,0.148,0.040,0.000
18,5,YDL115C,7,0.115,0.042,0.001
19,5,YDR156W,7,0.115,0.036,0.000
20,5,YML112W,5,0.082,0.021,0.000
21,5,YKL005C,3,0.049,0.015,0.000
22,5,YDR289C,5,0.082,0.029,0.000
23,5,YPL228W,3,0.049,0.006,0.000
24,5,YMR039C,3,0.049,0.019,0.000
25,5,YJR072C,5,0.082,0.025,0.001
26,5,YGL130W,4,0.066,0.014,0.001
27,5,YBR236C,5,0.082,0.018,0.002
28,5,YFR016C,1,0.016,0.002,0.000
29,5,YLR243W,5,0.082,0.022,0.000
30,5,YJL148W,7,0.115,0.036,0.000
31,5,YPR161C,9,0.148,0.037,0.001
32,6,YBL022C,0,1.000,1.000,0.000
33,7,YDR397C,3,0.077,0.026,0.000
34,7,YDR362C,11,0.282,0.134,0.003
35,7,YER159C,3,0.077,0.026,0.000
36,7,YPL082C,5,0.128,0.047,0.005
37,7,YPR186C,7,0.179,0.094,0.000
38,7,YAL001C,9,0.231,0.100,0.001
39,7,YDL070W,2,0.051,0.012,0.000
40,7,YOR110W,8,0.205,0.094,0.000
41,7,YKL125W,4,0.103,0.064,0.000
42,7,YPL007C,8,0.205,0.094,0.000
43,8,YOR174W,20,0.833,0.198,0.000
44,8,YGL025C,20,0.833,0.198,0.000
45,8,YNL025C,13,0.542,0.123,0.001
46,8,YCR081W,12,0.500,0.113,0.001
47,8,YPR070W,20,0.833,0.198,0.000
48,8,YHR041C,20,0.833,0.198,0.000
49,8,YMR112C,19,0.792,0.189,0.000
50,8,YPL042C,17,0.708,0.160,0.004
51,8,YDR443C,14,0.583,0.132,0.001
52,8,YBR253W,20,0.833,0.198,0.000
53,8,YBR193C,20,0.833,0.198,0.000
54,9,YLR055C,14,0.875,0.252,0.000
55,9,YMR223W,14,0.875,0.252,0.000
56,9,YER164W,14,0.875,0.252,0.000
57,9,YOR023C,7,0.438,0.115,0.006
58,9,YPL047W,14,0.875,0.252,0.000
59,9,YBR081C,14,0.875,0.252,0.000
60,9,YDR392W,14,0.875,0.252,0.000
61,9,YOL148C,14,0.875,0.252,0.000
62,9,YGL066W,14,0.875,0.252,0.000
63,9,YCR082W,4,0.250,0.064,0.000
64,9,YBR111W-A,14,0.875,0.252,0.000
65,10,YDR202C,2,0.071,0.048,0.000
66,10,YMR168C,2,0.071,0.048,0.000
67,10,YMR094W,2,0.071,0.048,0.000
68,10,YOR080W,2,0.071,0.081,0.000
69,10,YNL230C,2,0.071,0.055,0.000
70,10,YJL149W,1,0.036,0.042,0.000
71,10,YMR258C,1,0.036,0.042,0.000
72,10,YJR033C,2,0.071,0.048,0.000
73,10,YLR368W,1,0.036,0.042,0.000
74,10,YNL311C,1,0.036,0.042,0.000
75,10,YLR352W,2,0.071,0.081,0.000
76,10,YER143W,1,0.036,0.009,0.000
77,11,YHR187W,6,0.545,0.199,0.003
78,11,YML014W,6,0.545,0.206,0.000
79,11,YKL110C,7,0.636,0.233,0.006
80,12,YBR155W,7,0.583,0.233,0.004
81,12,YGR123C,3,0.250,0.109,0.000
82,12,YOR057W,6,0.500,0.209,0.000
83,12,YJR032W,7,0.583,0.235,0.004
84,12,YOR298C-A,6,0.500,0.206,0.000
85,13,YPR031W,3,0.750,0.482,0.000
86,13,YKL017C,1,0.250,0.170,0.000
87,13,YLR455W,3,0.750,0.482,0.000
88,13,YOR064C,3,0.750,0.482,0.000
89,14,YBR089C-A,2,0.667,0.435,0.000
90,14,YPR052C,2,0.667,0.435,0.000
91,15,YKL054C,1,0.500,0.500,0.000
92,15,YDR030C,1,0.500,0.500,0.000
93,16,YPR204W,1,0.005,0.001,0.000
94,16,YOR119C,28,0.139,0.019,0.000
95,16,YDR361C,47,0.234,0.033,0.000
96,16,YLR336C,46,0.229,0.032,0.000
97,16,YLR022C,7,0.035,0.004,0.000
98,16,YLR401C,1,0.005,0.001,0.000
99,16,YDR161W,39,0.194,0.027,0.000
100,16,YOR046C,43,0.214,0.030,0.000
101,16,YJR041C,22,0.109,0.015,0.000
102,16,YIL127C,61,0.303,0.041,0.000
103,16,YAL059W,57,0.284,0.037,0.000
104,16,YBR034C,37,0.184,0.027,0.000
105,16,YOR061W,57,0.284,0.040,0.000
106,16,YLR449W,51,0.254,0.037,0.000
107,16,YDR412W,19,0.095,0.014,0.000
108,16,YNL163C,4,0.020,0.002,0.000
109,16,YGL019W,58,0.289,0.040,0.000
110,16,YLR068W,3,0.015,0.002,0.000
111,16,YKR056W,25,0.124,0.019,0.000
112,16,YIR012W,61,0.303,0.040,0.000
113,16,YBL028C,58,0.289,0.037,0.000
114,16,YKL014C,46,0.229,0.032,0.001
115,16,YDL167C,9,0.045,0.006,0.000
116,16,YNL227C,52,0.259,0.033,0.000
117,16,YOR309C,11,0.055,0.009,0.000
118,16,YGR187C,12,0.060,0.009,0.000
119,16,YER036C,53,0.264,0.035,0.000
120,16,YDR184C,5,0.025,0.003,0.000
121,16,YJL122W,45,0.224,0.029,0.000
122,16,YNL175C,54,0.269,0.040,0.000
123,16,YOL144W,9,0.045,0.005,0.000
124,16,YIR026C,53,0.264,0.034,0.000
125,16,YML074C,26,0.129,0.019,0.000
126,16,YPL263C,3,0.015,0.002,0.000
127,16,YMR269W,4,0.020,0.003,0.000
128,16,YLR221C,57,0.284,0.036,0.001
129,16,YDL063C,57,0.284,0.040,0.001
130,16,YER156C,1,0.005,0.001,0.000
131,16,YDR194C,22,0.109,0.016,0.000
132,16,YJR091C,1,0.005,0.001,0.000
133,16,YOL080C,28,0.139,0.020,0.000
134,16,YGR271C-A,29,0.144,0.019,0.000
135,16,YPL239W,3,0.015,0.002,0.000
136,16,YHR089C,27,0.134,0.018,0.000
137,16,YNL124W,33,0.164,0.025,0.000
138,16,YMR239C,25,0.124,0.017,0.000
139,16,YBR192W,3,0.015,0.002,0.000
140,16,YGL014W,1,0.005,0.001,0.000
141,16,YDR174W,22,0.109,0.015,0.000
142,16,YOR039W,51,0.254,0.036,0.000
143,16,YNL035C,1,0.005,0.001,0.000
144,17,YKL126W,0,0.000,0.000,0.000
145,18,YNL299W,7,0.259,0.073,0.002
146,18,YDR293C,4,0.148,0.061,0.000
147,18,YIL079C,8,0.296,0.065,0.004
148,18,YLR430W,5,0.185,0.029,0.001
149,18,YNL251C,4,0.148,0.026,0.001
150,18,YPL190C,7,0.259,0.048,0.004
151,18,YDL175C,8,0.296,0.065,0.004
152,18,YDR374C,1,0.037,0.017,0.000
153,19,YML005W,4,1.000,0.447,0.000
154,19,YOL141W,4,1.000,0.447,0.000
155,19,YGL050W,4,1.000,0.447,0.000
156,19,YPL207W,4,1.000,0.447,0.000
157,19,YHR070W,4,1.000,0.447,0.000
158,20,YMR271C,4,0.333,0.253,0.000
159,20,YNR012W,3,0.250,0.166,0.000
160,20,YEL063C,4,0.333,0.174,0.000
161,20,YOR202W,4,0.333,0.174,0.000
162,20,YOR128C,4,0.333,0.174,0.000
163,20,YDR007W,4,0.333,0.174,0.000
164,20,YDR020C,3,0.250,0.166,0.000
165,21,YER005W,0,1.000,1.000,0.000
166,22,YHR128W,2,0.500,0.351,0.000
167,22,YHR144C,2,0.500,0.351,0.000
168,23,YEL034W,89,0.553,0.052,0.000
169,23,YAL003W,136,0.845,0.078,0.002
170,23,YFL034C-A,139,0.863,0.081,0.000
171,23,YLR150W,68,0.422,0.040,0.000
172,23,YBR079C,60,0.373,0.032,0.002
173,23,YGR054W,61,0.379,0.035,0.000
174,23,YNL209W,37,0.230,0.022,0.000
175,23,YOL039W,142,0.882,0.082,0.000
176,23,YMR146C,102,0.634,0.057,0.005
177,23,YAL035W,121,0.752,0.068,0.001
178,23,YDL081C,140,0.870,0.082,0.000
179,23,YPL079W,142,0.882,0.082,0.000
180,23,YPL220W,141,0.876,0.082,0.000
181,23,YGL135W,141,0.876,0.082,0.000
182,23,YDR382W,142,0.882,0.082,0.000
183,23,YGR201C,6,0.037,0.004,0.000
184,23,YDL130W,139,0.863,0.081,0.000
185,23,YIL052C,141,0.876,0.082,0.000
186,23,YFR032C-A,142,0.882,0.082,0.000
187,23,YDR385W,142,0.882,0.082,0.000
188,23,YNL001W,40,0.248,0.024,0.000
189,23,YDR500C,139,0.863,0.081,0.000
190,23,YNL244C,57,0.354,0.031,0.000
191,23,YGR169C-A,2,0.012,0.001,0.000
192,23,YPL198W,142,0.882,0.082,0.000
193,23,YNL069C,140,0.870,0.081,0.000
194,23,YOR361C,68,0.422,0.037,0.002
195,23,YGR034W,140,0.870,0.081,0.000
196,23,YKL056C,132,0.820,0.077,0.000
197,23,YLR185W,140,0.870,0.081,0.000
198,23,YLR387C,12,0.075,0.007,0.000
199,23,YOR133W,141,0.876,0.081,0.000
200,23,YOR234C,142,0.882,0.082,0.000
201,23,YMR260C,66,0.410,0.037,0.000
202,23,YHR193C,85,0.528,0.049,0.000
203,23,YDR417C,1,0.006,0.001,0.000
204,23,YDR429C,85,0.528,0.047,0.003
205,23,YPR016C,81,0.503,0.046,0.000
206,23,YIL148W,142,0.882,0.082,0.001
207,23,YJL136C,142,0.882,0.082,0.000
208,23,YPL249C-A,141,0.876,0.082,0.000
209,23,YNL096C,142,0.882,0.082,0.000
210,23,YMR309C,58,0.360,0.031,0.001
211,23,YLR448W,142,0.882,0.082,0.000
212,23,YNL002C,138,0.857,0.080,0.000
213,23,YLR192C,42,0.261,0.023,0.000
214,23,YPL037C,44,0.273,0.026,0.000
215,23,YMR012W,5,0.031,0.001,0.000
216,24,YKL081W,1,0.500,0.500,0.000
217,24,YPL048W,1,0.500,0.500,0.000
218,25,YBR118W,1,1.000,0.707,0.000
219,25,YGR211W,1,1.000,0.707,0.000
220,26,YKR006C,21,0.256,0.042,0.000
221,26,YKL155C,28,0.341,0.054,0.000
222,26,YNR022C,14,0.171,0.028,0.000
223,26,YGL068W,43,0.524,0.084,0.001
224,26,YIL093C,45,0.549,0.086,0.001
225,26,YNL122C,38,0.463,0.076,0.001
226,26,YDR115W,43,0.524,0.085,0.001
227,26,YGL107C,1,0.012,0.001,0.000
228,26,Q0140,32,0.390,0.061,0.000
229,26,YHR038W,17,0.207,0.033,0.000
230,26,YMR225C,3,0.037,0.005,0.000
231,26,YOR158W,34,0.415,0.064,0.000
232,26,YGR150C,1,0.012,0.002,0.000
233,26,YBR268W,37,0.451,0.074,0.004
234,26,YDL202W,27,0.329,0.054,0.001
235,26,YDR116C,43,0.524,0.087,0.000
236,26,YGR084C,36,0.439,0.068,0.000
237,26,YLR069C,12,0.146,0.022,0.000
238,26,YDR494W,31,0.378,0.058,0.024
239,26,YPR099C,1,0.012,0.002,0.000
240,26,YJL096W,18,0.220,0.036,0.000
241,27,YPR041W,3,1.000,0.500,0.000
242,27,YER025W,3,1.000,0.500,0.000
243,27,YPL237W,3,1.000,0.500,0.000
244,27,YJR007W,3,1.000,0.500,0.000
245,28,YER144C,1,0.200,0.214,0.000
246,28,YKL090W,1,0.200,0.214,0.000
247,29,YJR064W,0,1.000,1.000,0.000
248,30,YPR080W,0,1.000,1.000,0.000
249,31,YDL143W,6,1.000,0.378,0.000
250,31,YDR188W,6,1.000,0.378,0.000
251,31,YIL142W,6,1.000,0.378,0.000
252,31,YJL014W,6,1.000,0.378,0.000
253,31,YJL008C,6,1.000,0.378,0.000
254,31,YDR212W,6,1.000,0.378,0.000
255,31,YJL111W,6,1.000,0.378,0.000
256,32,Q0065,6,0.125,0.033,0.000
257,32,YDR379C-A,3,0.062,0.009,0.000
258,32,Q0070,7,0.146,0.038,0.000
259,32,YML030W,7,0.146,0.041,0.000
260,32,YLR164W,5,0.104,0.018,0.000
261,32,YGL226W,7,0.146,0.047,0.000
262,32,YOL071W,3,0.062,0.008,0.000
263,32,YHR116W,8,0.167,0.054,0.000
264,32,YMR118C,7,0.146,0.029,0.001
265,32,YPR010C-A,2,0.042,0.012,0.000
266,32,Q0060,4,0.083,0.026,0.000
267,32,YPR021C,2,0.042,0.013,0.000
268,32,YJL003W,7,0.146,0.046,0.000
269,33,YDR305C,1,0.167,0.121,0.000
270,33,YKL087C,1,0.167,0.177,0.000
271,34,YLR067C,0,1.000,1.000,0.000
272,35,YJL062W-A,4,0.800,0.440,0.000
273,35,YLR203C,4,0.800,0.440,0.000
274,35,YPL189C-A,1,0.200,0.114,0.000
275,35,YIL157C,4,0.800,0.440,0.000
276,35,YML129C,4,0.800,0.440,0.000
277,36,Q0050,2,0.667,0.435,0.000
278,36,YIR021W,2,0.667,0.435,0.000
279,37,YLR295C,16,0.516,0.124,0.066
280,37,YDR322C-A,10,0.323,0.080,0.000
281,37,YOL077W-A,15,0.484,0.124,0.001
282,37,Q0080,14,0.452,0.121,0.000
283,37,YPR020W,15,0.484,0.124,0.001
284,37,YBL030C,2,0.065,0.020,0.000
285,37,YLR294C,1,0.032,0.006,0.000
286,37,YCL005W-A,12,0.387,0.101,0.000
287,37,YDR377W,16,0.516,0.130,0.002
288,38,Q0055,1,1.000,0.707,0.000
289,38,Q0110,1,1.000,0.707,0.000
290,39,YPL132W,2,0.667,0.435,0.000
291,39,YJR034W,2,0.667,0.435,0.000
292,40,YDR197W,1,1.000,0.707,0.000
293,40,YDL069C,1,1.000,0.707,0.000
294,41,YBR120C,1,0.500,0.500,0.000
295,41,YGR174C,1,0.500,0.500,0.000
296,42,YDL107W,2,1.000,0.577,0.000
297,42,YGR062C,2,1.000,0.577,0.000
298,42,YOR266W,2,1.000,0.577,0.000
299,43,YEL059C-A,1,1.000,0.707,0.000
300,43,YDR231C,1,1.000,0.707,0.000
301,44,YKL011C,1,1.000,0.707,0.000
302,44,YDR296W,1,1.000,0.707,0.000
303,45,YJR119C,3,0.100,0.051,0.000
304,45,YDR440W,7,0.233,0.128,0.000
305,45,YJR140C,6,0.200,0.077,0.000
306,45,YBL052C,7,0.233,0.131,0.000
307,45,YDL139C,5,0.167,0.091,0.001
308,45,YGL060W,2,0.067,0.047,0.000
309,45,YGR270W,3,0.100,0.058,0.000
310,45,YBR215W,7,0.233,0.088,0.001
311,45,YOL054W,4,0.133,0.076,0.000
312,45,YER051W,3,0.100,0.051,0.000
313,46,YBR166C,0,1.000,1.000,0.000
314,47,YJL176C,14,0.609,0.153,0.011
315,47,YHL025W,9,0.391,0.089,0.000
316,47,YBR289W,14,0.609,0.154,0.010
317,47,YDR073W,9,0.391,0.089,0.000
318,47,YOR290C,14,0.609,0.153,0.011
319,47,YFL049W,9,0.391,0.089,0.000
320,47,YNR023W,13,0.565,0.141,0.008
321,48,YDR158W,4,1.000,0.447,0.000
322,48,YJR139C,4,1.000,0.447,0.000
323,48,YCR053W,4,1.000,0.447,0.000
324,48,YER052C,4,1.000,0.447,0.000
325,48,YHR025W,4,1.000,0.447,0.000
326,49,YIL045W,4,0.121,0.017,0.000
327,49,YBR045C,5,0.152,0.019,0.000
328,49,YBR050C,4,0.121,0.018,0.000
329,49,YDR130C,2,0.061,0.015,0.000
330,49,YKL190W,5,0.152,0.019,0.000
331,49,YLR273C,4,0.121,0.017,0.000
332,49,YBL046W,3,0.091,0.017,0.000
333,49,YOR329C,1,0.030,0.014,0.000
334,49,YDR028C,4,0.121,0.018,0.000
335,49,YMR311C,2,0.061,0.015,0.000
336,50,YLR015W,6,1.000,0.378,0.000
337,50,YDR469W,6,1.000,0.378,0.000
338,50,YHR119W,6,1.000,0.378,0.000
339,50,YAR003W,6,1.000,0.378,0.000
340,50,YBR175W,6,1.000,0.378,0.000
341,50,YBR258C,6,1.000,0.378,0.000
342,50,YPL138C,6,1.000,0.378,0.000
343,51,YOR239W,2,0.027,0.021,0.000
344,51,YOR035C,3,0.041,0.008,0.000
345,51,YPL242C,6,0.082,0.028,0.001
346,51,YNL215W,5,0.068,0.048,0.000
347,51,YKL013C,9,0.123,0.027,0.001
348,51,YJL020C,9,0.123,0.024,0.002
349,51,YDL146W,7,0.096,0.020,0.000
350,51,YGR136W,4,0.055,0.010,0.000
351,51,YNL138W,7,0.096,0.037,0.000
352,51,YNL084C,9,0.123,0.047,0.000
353,51,YER092W,9,0.123,0.087,0.000
354,51,YPR188C,4,0.055,0.023,0.000
355,51,YOR367W,4,0.055,0.029,0.000
356,51,YBR234C,9,0.123,0.042,0.002
357,51,YDR320C,1,0.014,0.003,0.000
358,51,YGL106W,4,0.055,0.023,0.000
359,51,YIL138C,8,0.110,0.040,0.000
360,51,YNL020C,3,0.041,0.010,0.000
361,51,YPR154W,4,0.055,0.010,0.000
362,51,YNL079C,8,0.110,0.040,0.000
363,51,YDR063W,4,0.055,0.013,0.000
364,51,YLR429W,9,0.123,0.045,0.001
365,52,YLR116W,18,0.194,0.032,0.001
366,52,YBL074C,16,0.172,0.040,0.000
367,52,YIL041W,1,0.011,0.002,0.000
368,52,YNR032C-A,13,0.140,0.028,0.002
369,52,YLR323C,35,0.376,0.080,0.000
370,52,YNL286W,17,0.183,0.040,0.000
371,52,YKR022C,13,0.140,0.027,0.000
372,52,YGR075C,27,0.290,0.061,0.000
373,52,YHR156C,16,0.172,0.040,0.000
374,52,YMR268C,14,0.151,0.027,0.000
375,52,YKL183W,1,0.011,0.003,0.000
376,52,YBR119W,33,0.355,0.072,0.011
377,52,YDR240C,32,0.344,0.072,0.000
378,52,YHR086W,35,0.376,0.078,0.012
379,52,YPR152C,4,0.043,0.006,0.000
380,52,YBR237W,23,0.247,0.048,0.001
381,52,YNL187W,2,0.022,0.003,0.000
382,52,YBR188C,15,0.161,0.031,0.000
383,52,YLR424W,28,0.301,0.061,0.001
384,52,YDR235W,33,0.355,0.075,0.001
385,52,YGR013W,34,0.366,0.073,0.005
386,52,YOR148C,4,0.043,0.008,0.000
387,52,YGL128C,16,0.172,0.036,0.000
388,52,YKL074C,34,0.366,0.070,0.002
389,52,YFR005C,9,0.097,0.021,0.000
390,52,YKL012W,35,0.376,0.079,0.001
391,52,YBR152W,35,0.376,0.081,0.000
392,53,YGR208W,1,1.000,0.707,0.000
393,53,YOR184W,1,1.000,0.707,0.000
394,54,YMR125W,1,0.500,0.500,0.000
395,54,YPR057W,1,0.500,0.500,0.000
396,55,YAL027W,2,0.035,0.013,0.000
397,55,YDR419W,7,0.123,0.045,0.000
398,55,YDR263C,4,0.070,0.036,0.000
399,55,YLR035C,2,0.035,0.010,0.000
400,55,YLR135W,8,0.140,0.057,0.001
401,55,YBR098W,8,0.140,0.056,0.001
402,55,YNL218W,3,0.053,0.021,0.000
403,55,YDR363W,3,0.053,0.030,0.000
404,55,YDR499W,7,0.123,0.054,0.000
405,55,YOR191W,4,0.070,0.034,0.000
406,55,YDR014W-A,1,0.018,0.012,0.000
407,55,YNL082W,5,0.088,0.027,0.000
408,55,YMR137C,4,0.070,0.031,0.000
409,55,YAL019W,2,0.035,0.018,0.000
410,55,YDL156W,1,0.018,0.008,0.000
411,55,YOL063C,2,0.035,0.016,0.000
412,56,YBL051C,1,1.000,0.707,0.000
413,56,YMR061W,1,1.000,0.707,0.000
414,57,YGL246C,1,0.500,0.500,0.000
415,57,YDR370C,1,0.500,0.500,0.000
416,58,YJL168C,0,1.000,1.000,0.000
417,59,YLR142W,5,0.833,0.378,0.000
418,59,YER023W,5,0.833,0.378,0.000
419,59,YDR300C,5,0.833,0.378,0.000
420,59,YHR033W,3,0.500,0.235,0.000
421,60,YBR021W,1,0.056,0.116,0.000
422,60,YIR033W,1,0.056,0.116,0.000
423,60,YPL176C,1,0.056,0.116,0.000
424,60,YLR392C,1,0.056,0.116,0.000
425,60,YPR030W,1,0.056,0.116,0.000
426,60,YOR138C,1,0.056,0.116,0.000
427,60,YGR068C,1,0.056,0.116,0.000
428,60,YKL020C,1,0.056,0.116,0.000
429,60,YGR055W,1,0.056,0.079,0.000
430,60,YMR171C,1,0.056,0.116,0.000
431,61,YMR100W,1,0.333,0.282,0.000
432,62,YJL197W,1,0.143,0.154,0.000
433,62,YNR051C,1,0.143,0.090,0.000
434,62,YDL122W,1,0.143,0.154,0.000
435,63,Q0160,1,0.091,0.035,0.000
436,63,YMR149W,8,0.727,0.268,0.000
437,63,YER019C-A,8,0.727,0.265,0.002
438,63,YER087C-B,8,0.727,0.265,0.002
439,64,YPL241C,4,0.400,0.190,0.004
440,64,YKL079W,3,0.300,0.148,0.000
441,64,YER184C,2,0.200,0.099,0.000
442,65,YOR262W,1,1.000,0.707,0.000
443,65,YDR527W,1,1.000,0.707,0.000
444,66,YDR294C,4,0.308,0.137,0.000
445,66,YER019W,4,0.308,0.132,0.002
446,66,YMR272C,4,0.308,0.128,0.000
447,66,YMR298W,4,0.308,0.128,0.000
448,67,YDL114W,1,1.000,0.707,0.000
449,67,YDR541C,1,1.000,0.707,0.000
450,68,YLR350W,5,0.312,0.138,0.000
451,68,YDR372C,1,0.062,0.061,0.000
452,68,YOL065C,1,0.062,0.061,0.000
453,68,YGR038W,5,0.312,0.138,0.000
454,68,YPL145C,3,0.188,0.118,0.004
455,68,YDR062W,5,0.312,0.138,0.000
456,68,YMR296C,5,0.312,0.138,0.000
457,68,YBR058C-A,5,0.312,0.138,0.000
458,68,YHR073W,2,0.125,0.078,0.000
459,69,YFR041C,2,0.074,0.078,0.000
460,69,YBR219C,1,0.037,0.048,0.000
461,69,YOL031C,2,0.074,0.079,0.000
462,69,YPR037C,1,0.037,0.026,0.000
463,69,YMR161W,1,0.037,0.048,0.000
464,69,YBR220C,1,0.037,0.048,0.000
465,69,YBR287W,1,0.037,0.021,0.000
466,70,YGL017W,1,0.500,0.500,0.000
467,70,YDL020C,1,0.500,0.500,0.000
468,71,YML007W,2,1.000,0.577,0.000
469,71,YIR037W,2,1.000,0.577,0.000
470,71,YBR216C,2,1.000,0.577,0.000
471,72,YGL004C,15,0.341,0.066,0.000
472,72,YPL144W,6,0.136,0.015,0.001
473,72,YKL206C,18,0.409,0.069,0.015
474,72,YBR272C,19,0.432,0.084,0.000
475,72,YDR363W-A,33,0.750,0.153,0.000
476,72,YBR173C,28,0.636,0.113,0.042
477,72,YIL007C,33,0.750,0.145,0.004
478,72,YBR295W,12,0.273,0.055,0.000
479,72,YHL030W,22,0.500,0.099,0.001
480,72,YLR021W,4,0.091,0.006,0.000
481,72,YLR199C,9,0.205,0.029,0.004
482,72,YGR232W,23,0.523,0.100,0.001
483,73,YPL180W,8,0.667,0.264,0.000
484,73,YBR028C,3,0.250,0.098,0.000
485,73,YNL047C,1,0.083,0.025,0.000
486,73,YIL105C,8,0.667,0.234,0.167
487,74,YDR466W,1,1.000,0.707,0.000
488,74,YBL105C,1,1.000,0.707,0.000
489,75,YCR021C,2,1.000,0.577,0.000
490,75,YNL270C,2,1.000,0.577,0.000
491,75,YCR027C,2,1.000,0.577,0.000
492,76,YDL047W,0,1.000,1.000,0.000
493,77,YGR161C,2,0.095,0.060,0.000
494,77,YOR073W,1,0.048,0.022,0.000
495,77,YNL157W,3,0.143,0.035,0.000
496,77,YHR132W-A,3,0.143,0.035,0.000
497,77,YFL033C,3,0.143,0.035,0.000
498,77,YMR273C,2,0.095,0.040,0.000
499,78,YGR083C,5,0.833,0.405,0.000
500,78,YKR026C,5,0.833,0.405,0.000
501,78,YOR260W,5,0.833,0.405,0.000
502,78,YGL230C,1,0.167,0.083,0.000
503,78,YDR211W,5,0.833,0.405,0.000
504,78,YDR283C,5,0.833,0.405,0.000
505,79,YGL073W,0,0.000,0.500,0.000
506,79,YHR206W,0,0.000,0.500,0.000
507,79,YJR147W,0,0.000,0.500,0.000
508,79,YGR249W,0,0.000,0.500,0.000
509,80,YOR152C,2,0.083,0.034,0.000
510,80,YLR312C,3,0.125,0.060,0.004
511,80,YKL103C,4,0.167,0.107,0.001
512,80,YLR356W,2,0.083,0.032,0.000
513,80,YKR051W,1,0.042,0.028,0.000
514,80,YCR032W,1,0.042,0.028,0.000
515,80,YOL083W,3,0.125,0.066,0.000
516,80,YJL178C,4,0.167,0.100,0.002
517,81,YPR085C,3,0.333,0.209,0.000
518,81,YHR040W,2,0.222,0.144,0.000
519,81,YPL193W,2,0.222,0.113,0.000
520,82,YCR075W-A,3,0.750,0.439,0.000
521,82,YGL023C,2,0.500,0.307,0.000
522,82,YBR077C,3,0.750,0.439,0.000
523,83,YGL064C,1,0.167,0.226,0.000
524,83,YKR059W,1,0.167,0.226,0.000
525,84,YMR103C,1,1.000,0.707,0.000
526,84,YMR104C,1,1.000,0.707,0.000
527,85,YLR265C,5,0.833,0.359,0.000
528,85,YMR156C,4,0.667,0.294,0.000
529,85,YGL090W,5,0.833,0.359,0.000
530,86,YML078W,1,0.250,0.271,0.000
531,86,YHR057C,1,0.250,0.271,0.000
532,87,YIL113W,3,0.429,0.262,0.012
533,87,YGR229C,2,0.286,0.192,0.000
534,88,YJR155W,3,0.500,0.298,0.000
535,88,YGR286C,3,0.500,0.317,0.000
536,88,YGR065C,3,0.500,0.317,0.000
537,88,YJR154W,3,0.500,0.298,0.000
538,89,YDR232W,7,0.778,0.351,0.000
539,89,YDL119C,1,0.111,0.051,0.000
540,89,YOR176W,7,0.778,0.351,0.000
541,89,YDL205C,7,0.778,0.351,0.000
542,89,YLR205C,1,0.111,0.051,0.000
543,89,YOR278W,7,0.778,0.351,0.000
544,89,YGL040C,7,0.778,0.351,0.000
545,89,YDR047W,7,0.778,0.351,0.000
546,90,YPR048W,5,0.833,0.341,0.000
547,90,YDR267C,5,0.833,0.341,0.000
548,91,YBL014C,6,1.000,0.378,0.000
549,91,YMR270C,6,1.000,0.378,0.000
550,91,YLR141W,6,1.000,0.378,0.000
551,91,YJL025W,6,1.000,0.378,0.000
552,91,YBL025W,6,1.000,0.378,0.000
553,91,YML043C,6,1.000,0.378,0.000
554,91,YOR295W,6,1.000,0.378,0.000
555,92,YDR034C,1,0.500,0.500,0.000
556,92,YIL036W,1,0.500,0.500,0.000
557,93,YDR335W,7,0.538,0.226,0.015
558,93,YDR395W,7,0.538,0.235,0.003
559,93,YIR011C,1,0.077,0.026,0.000
560,93,YDR458C,1,0.077,0.026,0.000
561,94,YOL012C,0,1.000,1.000,0.000
562,95,YLR081W,5,0.833,0.359,0.000
563,95,YPL248C,4,0.667,0.294,0.000
564,95,YBR018C,5,0.833,0.359,0.000
565,96,YNR029C,1,0.333,0.282,0.000
566,97,YJL004C,1,0.091,0.022,0.000
567,97,YMR185W,1,0.091,0.050,0.000
568,97,YMR069W,2,0.182,0.102,0.000
569,98,YAL036C,2,0.333,0.286,0.000
570,98,YFR009W,1,0.167,0.131,0.000
571,98,YCR059C,2,0.333,0.300,0.000
572,99,YNL315C,1,0.500,0.500,0.000
573,99,YIL098C,1,0.500,0.500,0.000
574,100,YOL027C,1,1.000,0.707,0.000
575,100,YER154W,1,1.000,0.707,0.000
576,101,YOR330C,1,0.333,0.408,0.000
577,101,YMR228W,1,0.333,0.408,0.000
578,101,YDL044C,1,0.333,0.408,0.000
579,102,YNR020C,1,1.000,0.707,0.000
580,102,YLR393W,1,1.000,0.707,0.000
581,103,YHR132C,1,0.143,0.144,0.000
582,103,YOR161C,1,0.143,0.144,0.000
583,104,YMR220W,10,0.400,0.126,0.001
584,104,YML075C,14,0.560,0.169,0.007
585,104,YER044C,13,0.520,0.170,0.000
586,104,YLR450W,11,0.440,0.142,0.001
587,104,YGL012W,14,0.560,0.182,0.002
588,104,YDR213W,3,0.120,0.036,0.000
589,104,YPL069C,8,0.320,0.101,0.000
590,104,YPL170W,1,0.040,0.014,0.000
591,104,YMR015C,14,0.560,0.182,0.002
592,105,YIL049W,3,0.300,0.147,0.000
593,105,YGL155W,2,0.200,0.140,0.000
594,105,YPR122W,4,0.400,0.250,0.000
595,106,YOL008W,3,0.250,0.108,0.000
596,106,YHR176W,1,0.083,0.037,0.000
597,106,YLR290C,7,0.583,0.258,0.000
598,106,YPL109C,1,0.083,0.037,0.000
599,107,YPR180W,8,0.800,0.331,0.000
600,107,YDL064W,8,0.800,0.331,0.000
601,107,YIL031W,8,0.800,0.331,0.000
602,107,YEL019C,8,0.800,0.331,0.000
603,107,YDR409W,8,0.800,0.331,0.000
604,107,YDR390C,8,0.800,0.331,0.000
605,107,YDR510W,8,0.800,0.331,0.000
606,107,YOR156C,8,0.800,0.331,0.000
607,107,YLL035W,2,0.200,0.049,0.000
608,107,YKR063C,2,0.200,0.049,0.000
609,108,YJR074W,2,0.056,0.011,0.000
610,108,YLR018C,13,0.361,0.096,0.002
611,108,YGL238W,3,0.083,0.019,0.000
612,108,YER009W,11,0.306,0.050,0.017
613,108,YMR235C,8,0.222,0.041,0.002
614,108,YDR002W,12,0.333,0.074,0.009
615,108,YML031W,7,0.194,0.049,0.000
616,108,YKR095W,12,0.333,0.094,0.001
617,108,YGL097W,5,0.139,0.024,0.000
618,108,YIL063C,5,0.139,0.023,0.000
619,109,YBR082C,2,1.000,0.577,0.000
620,109,YDR059C,2,1.000,0.577,0.000
621,109,YDR177W,2,1.000,0.577,0.000
622,110,YBR088C,0,1.000,1.000,0.000
623,111,YCR065W,2,0.500,0.351,0.000
624,111,YIL131C,2,0.500,0.351,0.000
625,112,YPR007C,3,0.188,0.087,0.000
626,112,YML023C,6,0.375,0.137,0.000
627,112,YER038C,6,0.375,0.137,0.000
628,112,YDR014W,6,0.375,0.165,0.000
629,112,YER147C,6,0.375,0.158,0.000
630,113,YJL142C,1,0.500,0.500,0.000
631,113,YPL247C,1,0.500,0.500,0.000
632,114,YMR053C,4,0.160,0.050,0.000
633,114,YDR155C,5,0.200,0.054,0.000
634,114,YNL309W,9,0.360,0.112,0.004
635,114,YIL112W,5,0.200,0.054,0.000
636,114,YLR183C,9,0.360,0.123,0.001
637,114,YPL116W,5,0.200,0.057,0.001
638,114,YPR068C,4,0.160,0.043,0.000
639,115,YNL250W,3,0.150,0.070,0.000
640,115,YGL033W,4,0.200,0.135,0.003
641,115,YGL249W,4,0.200,0.108,0.005
642,115,YLR263W,3,0.150,0.066,0.002
643,115,YGL175C,3,0.150,0.070,0.000
644,115,YDR369C,3,0.150,0.070,0.000
645,115,YHR014W,1,0.050,0.052,0.000
646,116,YHR118C,20,0.351,0.088,0.000
647,116,YLR272C,10,0.175,0.047,0.000
648,116,YOR217W,12,0.211,0.047,0.001
649,116,YLR086W,20,0.351,0.090,0.001
650,116,YFR038W,5,0.088,0.025,0.000
651,116,YPL008W,7,0.123,0.022,0.000
652,116,YOL006C,19,0.333,0.083,0.002
653,116,YJR046W,14,0.246,0.066,0.000
654,116,YJL173C,7,0.123,0.029,0.000
655,116,YFR031C,22,0.386,0.095,0.003
656,116,YCL061C,21,0.368,0.090,0.004
657,116,YHR191C,6,0.105,0.019,0.000
658,116,YBR252W,15,0.263,0.069,0.000
659,116,YIL139C,9,0.158,0.039,0.000
660,116,YGL113W,17,0.298,0.079,0.000
661,117,YLR293C,1,1.000,0.707,0.000
662,117,YOR185C,1,1.000,0.707,0.000
663,118,YBL097W,9,0.750,0.282,0.002
664,118,YGL086W,5,0.417,0.145,0.002
665,118,YOR058C,9,0.750,0.282,0.002
666,118,YOR026W,6,0.500,0.175,0.005
667,118,YOR339C,6,0.500,0.194,0.000
668,119,YKL210W,1,1.000,0.707,0.000
669,119,YEL012W,1,1.000,0.707,0.000
670,120,YCR067C,3,0.214,0.078,0.000
671,120,YKL176C,2,0.143,0.080,0.000
672,120,YNR026C,3,0.214,0.078,0.000
673,120,YHR035W,2,0.143,0.066,0.000
674,121,YDR092W,1,1.000,0.707,0.000
675,121,YLR247C,1,1.000,0.707,0.000
676,122,YDR314C,1,1.000,0.707,0.000
677,122,YML011C,1,1.000,0.707,0.000
678,123,YNL021W,2,1.000,0.577,0.000
679,123,YPR179C,2,1.000,0.577,0.000
680,123,YDR295C,2,1.000,0.577,0.000
681,124,YBR094W,2,0.222,0.136,0.000
682,124,YDR206W,2,0.222,0.060,0.222
683,124,YER176W,1,0.111,0.010,0.000
684,125,YDR091C,2,1.000,0.577,0.000
685,125,YJR067C,2,1.000,0.577,0.000
686,125,YNL260C,2,1.000,0.577,0.000
687,126,YNL064C,2,0.500,0.435,0.000
688,126,YDR258C,2,0.500,0.435,0.000
689,126,YNL077W,0,0.000,0.000,0.000
690,127,YPR145W,3,0.300,0.131,0.002
691,127,YDR321W,2,0.200,0.111,0.002
692,127,YGR124W,3,0.300,0.131,0.002
693,128,YOR393W,9,0.600,0.199,0.006
694,128,YPL281C,9,0.600,0.200,0.005
695,128,YJR009C,9,0.600,0.213,0.000
696,128,YGR192C,9,0.600,0.213,0.000
697,128,YJL052W,9,0.600,0.213,0.000
698,128,YOR283W,9,0.600,0.195,0.011
699,129,YEL046C,1,0.500,0.500,0.000
700,129,YPL113C,1,0.500,0.500,0.000
701,130,YOR130C,3,0.500,0.235,0.000
702,130,YJL088W,5,0.833,0.378,0.000
703,130,YOL140W,5,0.833,0.378,0.000
704,130,YJL071W,5,0.833,0.378,0.000
705,131,YKL085W,2,0.667,0.435,0.000
706,131,YDL078C,2,0.667,0.435,0.000
707,132,YBR235W,1,0.071,0.076,0.000
708,132,YOR348C,1,0.071,0.076,0.000
709,132,YIL020C,2,0.143,0.097,0.000
710,132,YDR354W,2,0.143,0.115,0.000
711,132,YMR289W,2,0.143,0.111,0.000
712,133,YER055C,2,0.667,0.435,0.000
713,133,YFR025C,2,0.667,0.435,0.000
714,134,YGL026C,0,1.000,1.000,0.000
715,135,YMR300C,1,1.000,0.707,0.000
716,135,YGR061C,1,1.000,0.707,0.000
717,136,YOR358W,3,1.000,0.500,0.000
718,136,YKL109W,3,1.000,0.500,0.000
719,136,YBL021C,3,1.000,0.500,0.000
720,136,YGL237C,3,1.000,0.500,0.000
721,137,YMR292W,1,0.333,0.282,0.000
722,138,YEL026W,0,1.000,1.000,0.000
723,139,YKR084C,0,1.000,1.000,0.000
724,140,YDR530C,2,0.200,0.082,0.000
725,140,YCL007C,1,0.100,0.068,0.000
726,140,YCL050C,2,0.200,0.082,0.000
727,141,YDR253C,3,0.750,0.394,0.000
728,141,YPL038W,3,0.750,0.394,0.000
729,142,YFR055W,8,0.667,0.261,0.004
730,142,YNL275W,1,0.083,0.035,0.000
731,142,YGR012W,8,0.667,0.261,0.004
732,142,YDR502C,2,0.167,0.067,0.000
733,143,YBR294W,2,1.000,0.577,0.000
734,143,YLR092W,2,1.000,0.577,0.000
735,143,YGR125W,2,1.000,0.577,0.000
736,144,YKR069W,0,1.000,1.000,0.000
737,145,YKL149C,1,1.000,0.707,0.000
738,145,YGR093W,1,1.000,0.707,0.000
739,146,YGR282C,2,0.200,0.248,0.000
740,146,YIL172C,2,0.200,0.250,0.028
741,146,YDR261C,1,0.100,0.163,0.000
742,146,YGR287C,2,0.200,0.250,0.028
743,146,YOR190W,2,0.200,0.248,0.000
744,146,YGR289C,2,0.200,0.167,0.007
745,147,YBR297W,3,0.750,0.439,0.000
746,147,YGR288W,2,0.500,0.307,0.000
747,147,YBR298C,3,0.750,0.439,0.000
748,148,YDR343C,2,0.286,0.134,0.000
749,148,YDR342C,2,0.286,0.134,0.000
750,149,YER053C,3,0.750,0.439,0.000
751,149,YLR258W,3,0.750,0.439,0.000
752,149,YLR327C,2,0.500,0.307,0.000
753,150,YMR139W,1,0.500,0.500,0.000
754,150,YGR044C,1,0.500,0.500,0.000
755,151,YKR058W,2,0.250,0.240,0.000
756,151,YOL045W,1,0.125,0.126,0.000
757,151,YAL017W,1,0.125,0.126,0.000
758,152,YNL194C,4,0.093,0.058,0.002
759,152,YMR278W,3,0.070,0.027,0.000
760,152,YBR214W,1,0.023,0.018,0.000
761,152,YOL084W,3,0.070,0.035,0.000
762,152,YKL127W,3,0.070,0.027,0.000
763,152,YDL110C,1,0.023,0.019,0.000
764,152,YKL150W,2,0.047,0.027,0.000
765,152,YIL101C,3,0.070,0.035,0.002
766,152,YLR252W,4,0.093,0.061,0.000
767,152,YPL230W,3,0.070,0.039,0.001
768,152,YOR289W,2,0.047,0.037,0.000
769,153,YIL137C,1,0.053,0.030,0.000
770,153,YGL104C,1,0.053,0.030,0.000
771,153,YHR047C,1,0.053,0.030,0.000
772,153,YBR241C,1,0.053,0.030,0.000
773,153,YKL157W,1,0.053,0.030,0.000
774,153,YBR085W,1,0.053,0.030,0.000
775,154,YER100W,2,0.074,0.042,0.000
776,154,YNL155W,1,0.037,0.030,0.000
777,154,YPL096W,2,0.074,0.043,0.000
778,154,YEL052W,1,0.037,0.007,0.000
779,154,YJL048C,2,0.074,0.044,0.000
780,154,YDR333C,4,0.148,0.096,0.000
781,154,YLR137W,1,0.037,0.030,0.000
782,155,YPR159W,3,0.273,0.053,0.009
783,155,YOR336W,2,0.182,0.041,0.000
784,155,YFR042W,3,0.273,0.097,0.025
785,156,YJL098W,3,0.429,0.297,0.000
786,156,YGL229C,3,0.429,0.297,0.000
787,156,YJL126W,1,0.143,0.102,0.000
788,156,YFR040W,3,0.429,0.297,0.000
789,156,YKR028W,3,0.429,0.297,0.000
790,157,YBL040C,0,1.000,1.000,0.000
791,158,YPR181C,0,1.000,1.000,0.000
792,159,YNL322C,1,0.500,0.500,0.000
793,159,YDR221W,1,0.500,0.500,0.000
794,160,YLR131C,6,0.154,0.089,0.001
795,160,YPL267W,1,0.026,0.012,0.000
796,160,YER167W,3,0.077,0.034,0.000
797,160,YOR372C,6,0.154,0.092,0.000
798,160,YNR009W,2,0.051,0.020,0.000
799,160,YDR113C,5,0.128,0.089,0.000
800,160,YGR109C,5,0.128,0.092,0.000
801,160,YOL128C,1,0.026,0.008,0.000
802,160,YMR199W,6,0.154,0.103,0.002
803,160,YFL029C,6,0.154,0.102,0.051
804,161,YJL065C,5,0.833,0.405,0.000
805,161,YGL133W,5,0.833,0.405,0.000
806,161,YFR013W,5,0.833,0.405,0.000
807,161,YPL216W,1,0.167,0.083,0.000
808,161,YMR044W,5,0.833,0.405,0.000
809,161,YLR095C,5,0.833,0.405,0.000
810,162,YJR057W,4,0.800,0.419,0.000
811,162,YGR180C,4,0.800,0.419,0.000
812,162,YML058W-A,2,0.400,0.220,0.000
813,162,YER070W,4,0.800,0.419,0.000
814,163,YER116C,2,1.000,0.577,0.000
815,163,YFL009W,2,1.000,0.577,0.000
816,163,YDL013W,2,1.000,0.577,0.000
817,164,YOR373W,3,0.231,0.140,0.000
818,164,YKR101W,2,0.154,0.090,0.000
819,164,YKR010C,3,0.231,0.110,0.000
820,164,YOR195W,3,0.231,0.136,0.000
821,165,YGR098C,1,1.000,0.707,0.000
822,165,YMR001C,1,1.000,0.707,0.000
823,166,YIL144W,2,0.500,0.307,0.000
824,166,YHR199C-A,3,0.750,0.439,0.000
825,166,YBR156C,3,0.750,0.439,0.000
826,167,YDR374W-A,4,0.118,0.051,0.000
827,167,YKL089W,9,0.265,0.153,0.000
828,167,YGL093W,9,0.265,0.081,0.009
829,167,YPL233W,8,0.235,0.087,0.003
830,167,YGR140W,4,0.118,0.072,0.000
831,167,YFR046C,8,0.235,0.095,0.011
832,167,YOL069W,9,0.265,0.100,0.020
833,167,YDR532C,2,0.059,0.025,0.000
834,167,YER018C,7,0.206,0.064,0.003
835,167,YJR112W,8,0.235,0.099,0.003
836,167,YMR117C,9,0.265,0.088,0.015
837,168,YOR074C,0,1.000,1.000,0.000
838,169,YPL015C,0,0.000,0.000,0.000
839,170,YOR374W,0,0.000,0.408,0.000
840,170,YMR169C,0,0.000,0.408,0.000
841,170,YPL061W,0,0.000,0.408,0.000
842,170,YER073W,0,0.000,0.408,0.000
843,170,YMR110C,0,0.000,0.408,0.000
844,170,YMR170C,0,0.000,0.408,0.000
845,171,YML070W,3,0.600,0.386,0.000
846,171,YBR230C,1,0.200,0.134,0.000
847,171,YFL053W,3,0.600,0.386,0.000
848,172,YOR187W,1,1.000,0.707,0.000
849,172,YJL102W,1,1.000,0.707,0.000
850,173,YIL042C,1,0.200,0.165,0.000
851,173,YPL017C,2,0.400,0.329,0.000
852,173,YKL029C,2,0.400,0.344,0.000
853,174,YKR087C,1,0.333,0.408,0.000
854,174,YKR066C,1,0.333,0.408,0.000
855,174,YPL246C,1,0.333,0.408,0.000
856,175,YGR132C,2,1.000,0.577,0.000
857,175,YIL114C,2,1.000,0.577,0.000
858,175,YGR231C,2,1.000,0.577,0.000
859,176,YJR077C,0,1.000,1.000,0.000
860,177,YOR297C,5,0.156,0.057,0.000
861,177,YPL098C,8,0.250,0.085,0.000
862,177,YOL026C,5,0.156,0.069,0.000
863,177,YLR348C,2,0.062,0.032,0.000
864,177,YKR065C,8,0.250,0.085,0.000
865,177,YHR194W,1,0.031,0.011,0.000
866,177,YGL219C,7,0.219,0.088,0.000
867,177,YDR375C,8,0.250,0.120,0.000
868,177,YNL055C,8,0.250,0.113,0.000
869,178,YKL194C,5,0.132,0.059,0.000
870,178,YPL040C,10,0.263,0.092,0.003
871,178,YCR024C,6,0.158,0.051,0.003
872,178,YPR081C,3,0.079,0.033,0.000
873,178,YDR268W,10,0.263,0.086,0.004
874,178,YCR011C,1,0.026,0.013,0.000
875,178,YGR024C,1,0.026,0.009,0.000
876,178,YFL022C,9,0.237,0.090,0.001
877,178,YPL104W,6,0.158,0.037,0.002
878,178,YHR091C,10,0.263,0.084,0.006
879,179,YDR234W,5,0.357,0.148,0.003
880,179,YNR050C,5,0.357,0.148,0.003
881,179,YIR034C,4,0.286,0.107,0.000
882,179,YPL188W,0,0.000,0.000,0.000
883,179,YKR097W,5,0.357,0.189,0.004
884,179,YIL094C,5,0.357,0.148,0.003
885,179,YER065C,4,0.286,0.151,0.001
886,180,YOR017W,1,1.000,0.707,0.000
887,180,YPL029W,1,1.000,0.707,0.000
888,181,YOR257W,1,1.000,0.707,0.000
889,181,YOL072W,1,1.000,0.707,0.000
890,182,YKL186C,3,0.250,0.107,0.000
891,182,YNL004W,5,0.417,0.227,0.000
892,182,YKL214C,1,0.083,0.049,0.000
893,182,YCL011C,5,0.417,0.227,0.000
894,183,YEL037C,0,1.000,1.000,0.000
895,184,YBR114W,3,0.429,0.199,0.000
896,184,YJR052W,3,0.429,0.199,0.000
897,185,YNL225C,4,0.571,0.278,0.016
898,185,YLR212C,4,0.571,0.302,0.000
899,185,YPL124W,3,0.429,0.213,0.000
900,186,YPR045C,1,1.000,0.707,0.000
901,186,YJR084W,1,1.000,0.707,0.000
902,187,YNL188W,2,0.500,0.351,0.000
903,187,YGL075C,2,0.500,0.351,0.000
904,188,YLR253W,1,0.333,0.408,0.000
905,188,YLL040C,1,0.333,0.408,0.000
906,188,YHR105W,1,0.333,0.408,0.000
907,189,YBL034C,2,0.250,0.182,0.000
908,189,YMR198W,2,0.250,0.179,0.000
909,189,YPL253C,2,0.250,0.179,0.000
910,190,YKL192C,0,1.000,1.000,0.000
911,191,YHR109W,1,0.500,0.500,0.000
912,191,YOR037W,1,0.500,0.500,0.000
913,192,YKL084W,1,0.077,0.034,0.000
914,192,YBL059C-A,8,0.615,0.225,0.155
915,192,YMR038C,5,0.385,0.163,0.000
916,192,YKL137W,1,0.077,0.023,0.000
917,193,YML091C,8,0.727,0.231,0.000
918,193,YNL282W,10,0.909,0.283,0.002
919,193,YIR015W,10,0.909,0.280,0.005
920,193,YDR478W,9,0.818,0.258,0.000
921,193,YLR145W,10,0.909,0.283,0.002
922,194,YDR270W,1,0.500,0.500,0.000
923,194,YGR021W,1,0.500,0.500,0.000
924,195,YBL013W,6,0.429,0.194,0.001
925,195,YER183C,6,0.429,0.189,0.016
926,195,YJL046W,2,0.143,0.031,0.000
927,195,YLR239C,2,0.143,0.031,0.000
928,196,YBR115C,0,1.000,1.000,0.000
929,197,YDR493W,1,1.000,0.707,0.000
930,197,YDR511W,1,1.000,0.707,0.000
931,198,YIL009W,2,0.222,0.175,0.000
932,198,YOR221C,3,0.333,0.218,0.000
933,198,YOR317W,3,0.333,0.216,0.000
934,198,YMR246W,3,0.333,0.216,0.000
935,199,YGL080W,1,0.500,0.500,0.000
936,199,YOR100C,1,0.500,0.500,0.000
937,200,YGL154C,1,0.125,0.076,0.000
938,200,YPL148C,1,0.125,0.076,0.000
939,200,YDR531W,4,0.500,0.290,0.000
940,201,YFR049W,2,0.133,0.066,0.000
941,201,YNL009W,4,0.267,0.157,0.000
942,201,YDL066W,4,0.267,0.157,0.000
943,201,YPR002W,2,0.133,0.041,0.000
944,201,YPR006C,3,0.200,0.078,0.012
945,202,YDL174C,1,1.000,0.707,0.000
946,202,YML054C,1,1.000,0.707,0.000
947,203,YBR044C,0,0.000,0.707,0.000
948,203,YLR259C,0,0.000,0.707,0.000
949,204,YDR236C,3,1.000,0.500,0.000
950,204,YDL045C,3,1.000,0.500,0.000
951,204,YIL134W,3,1.000,0.500,0.000
952,204,YMR178W,3,1.000,0.500,0.000
953,205,YER153C,2,1.000,0.577,0.000
954,205,YNR045W,2,1.000,0.577,0.000
955,205,YGR222W,2,1.000,0.577,0.000
956,206,YMR257C,1,1.000,0.707,0.000
957,206,YMR150C,1,1.000,0.707,0.000
958,207,YGL143C,1,1.000,0.707,0.000
959,207,YOL114C,1,1.000,0.707,0.000
960,208,YFL018C,0,1.000,1.000,0.000
961,209,YIL095W,3,0.214,0.119,0.000
962,209,YIL002C,5,0.357,0.123,0.027
963,209,YKR019C,2,0.143,0.060,0.000
964,209,YGR241C,5,0.357,0.201,0.000
965,209,YJL083W,2,0.143,0.060,0.000
966,210,YPR169W,1,0.500,0.500,0.000
967,210,YCR051W,1,0.500,0.500,0.000
968,211,YHR077C,1,1.000,0.707,0.000
969,211,YDR021W,1,1.000,0.707,0.000
970,212,YGR218W,1,1.000,0.707,0.000
971,212,YLR271W,1,1.000,0.707,0.000
972,213,YGL232W,1,0.125,0.086,0.000
973,213,YOR274W,2,0.250,0.107,0.000
974,213,YNR015W,2,0.250,0.107,0.000
975,214,YDR172W,2,1.000,0.577,0.000
976,214,YBR143C,2,1.000,0.577,0.000
977,214,YGR072W,2,1.000,0.577,0.000
978,215,YLR249W,0,1.000,1.000,0.000
979,216,YHL034C,1,0.111,0.196,0.000
980,216,YDR515W,1,0.111,0.196,0.000
981,216,YOR286W,1,0.111,0.095,0.000
982,217,YPR129W,1,0.500,0.500,0.000
983,217,YGL178W,1,0.500,0.500,0.000
984,218,YDR432W,0,1.000,1.000,0.000
985,219,YGR162W,2,1.000,0.577,0.000
986,219,YGL049C,2,1.000,0.577,0.000
987,219,YNL016W,2,1.000,0.577,0.000
988,220,YLR329W,4,0.800,0.440,0.000
989,220,YNL210W,1,0.200,0.114,0.000
990,220,YER044C-A,4,0.800,0.440,0.000
991,220,YMR133W,4,0.800,0.440,0.000
992,220,YHR157W,4,0.800,0.440,0.000
993,221,YNR004W,1,1.000,0.707,0.000
994,221,YPL157W,1,1.000,0.707,0.000
995,222,YGL159W,1,0.333,0.282,0.000
996,223,YLR280C,1,0.333,0.282,0.000
997,224,YGR243W,0,1.000,1.000,0.000
998,225,YJL208C,2,0.667,0.435,0.000
999,225,YNL305C,2,0.667,0.435,0.000
1000,226,YER168C,1,1.000,0.707,0.000
1001,226,YKR079C,1,1.000,0.707,0.000
1002,227,YNR074C,0,1.000,1.000,0.000
1003,228,YBR227C,1,0.250,0.271,0.000
1004,228,YMR302C,1,0.250,0.271,0.000
1005,229,YFR006W,1,1.000,0.707,0.000
1006,229,YMR111C,1,1.000,0.707,0.000
1007,230,YGR019W,0,1.000,1.000,0.000
1008,231,YJR104C,0,1.000,1.000,0.000
1009,232,YKL067W,0,1.000,1.000,0.000
1010,233,YLR136C,0,1.000,1.000,0.000
1011,234,YLR174W,1,1.000,0.707,0.000
1012,234,YJR095W,1,1.000,0.707,0.000
1013,235,YMR108W,4,0.800,0.392,0.000
1014,235,YCL009C,4,0.800,0.392,0.000
1015,235,YHR208W,3,0.600,0.303,0.000
1016,236,YPR074C,3,0.750,0.394,0.000
1017,236,YDL236W,3,0.750,0.394,0.000
1018,237,YDL181W,1,0.250,0.271,0.000
1019,237,YHR138C,1,0.250,0.354,0.000
1020,237,YNL015W,1,0.250,0.354,0.000
1021,238,YKL026C,2,1.000,0.577,0.000
1022,238,YDR256C,2,1.000,0.577,0.000
1023,238,YGR088W,2,1.000,0.577,0.000
1024,239,YCR083W,4,0.333,0.164,0.003
1025,239,YBR244W,3,0.250,0.133,0.000
1026,239,YDR453C,6,0.500,0.226,0.025
1027,239,YIL010W,4,0.333,0.148,0.008
1028,240,YHR160C,6,0.261,0.092,0.004
1029,240,YGR239C,3,0.130,0.042,0.000
1030,240,YPR128C,4,0.174,0.059,0.001
1031,240,YMR018W,6,0.261,0.093,0.005
1032,240,YAL055W,6,0.261,0.093,0.000
1033,240,YGR028W,6,0.261,0.090,0.000
1034,241,YOR180C,4,0.400,0.196,0.000
1035,241,YER015W,4,0.400,0.203,0.000
1036,241,YLR389C,4,0.400,0.191,0.000
1037,242,YJL060W,4,0.667,0.372,0.000
1038,242,YJR025C,4,0.667,0.328,0.067
1039,242,YGR260W,2,0.333,0.173,0.000
1040,242,YDR428C,4,0.667,0.372,0.000
1041,243,YHR008C,2,1.000,0.577,0.000
1042,243,YHR050W,2,1.000,0.577,0.000
1043,243,YGR257C,2,1.000,0.577,0.000
1044,244,YGL252C,3,1.000,0.500,0.000
1045,244,YNL076W,3,1.000,0.500,0.000
1046,244,YBL103C,3,1.000,0.500,0.000
1047,244,YOL067C,3,1.000,0.500,0.000
1048,245,YJL101C,0,1.000,1.000,0.000
1049,246,YAR015W,0,1.000,1.000,0.000
1050,247,YBR068C,1,1.000,0.707,0.000
1051,247,YCL018W,1,1.000,0.707,0.000
1052,248,YBR185C,0,1.000,1.000,0.000
1053,249,YMR089C,1,1.000,0.707,0.000
1054,249,YER017C,1,1.000,0.707,0.000
1055,250,YOR020C,0,1.000,1.000,0.000
1056,251,YLR176C,1,0.250,0.245,0.000
1057,251,YDR043C,1,0.250,0.245,0.000
1058,252,YLR262C-A,1,0.500,0.500,0.000
1059,252,YIL104C,1,0.500,0.500,0.000
1060,253,YKR036C,3,0.750,0.439,0.000
1061,253,YDR470C,2,0.500,0.307,0.000
1062,253,YJL112W,3,0.750,0.439,0.000
1063,254,YDR096W,1,0.333,0.408,0.000
1064,254,YER169W,1,0.333,0.408,0.000
1065,254,YGL131C,1,0.333,0.408,0.000
1066,255,YDL238C,2,1.000,0.577,0.000
1067,255,YJR133W,2,1.000,0.577,0.000
1068,255,YNL141W,2,1.000,0.577,0.000
1069,256,YHR068W,1,1.000,0.707,0.000
1070,256,YJR047C,1,1.000,0.707,0.000
1071,257,YOR011W,1,0.333,0.282,0.000
1072,258,YJR070C,1,1.000,0.707,0.000
1073,258,YOL022C,1,1.000,0.707,0.000
1074,259,YCL064C,1,0.500,0.500,0.000
1075,259,YER086W,1,0.500,0.500,0.000
1076,260,YOR251C,1,1.000,0.707,0.000
1077,260,YOR285W,1,1.000,0.707,0.000
1078,261,YDR185C,1,0.333,0.282,0.000
1079,262,YFR011C,5,1.000,0.408,0.000
1080,262,YGR235C,5,1.000,0.408,0.000
1081,262,YKR016W,5,1.000,0.408,0.000
1082,262,YCL057C-A,5,1.000,0.408,0.000
1083,262,YBR262C,5,1.000,0.408,0.000
1084,262,YNL100W,5,1.000,0.408,0.000
1085,263,YKR071C,0,1.000,1.000,0.000
1086,264,YJL130C,0,1.000,1.000,0.000
1087,265,YDL171C,1,1.000,0.707,0.000
1088,265,YPR035W,1,1.000,0.707,0.000
1089,266,YOL058W,0,1.000,1.000,0.000
1090,267,YOR302W,2,1.000,0.577,0.000
1091,267,YJR109C,2,1.000,0.577,0.000
1092,267,YOR303W,2,1.000,0.577,0.000
1093,268,YJR103W,1,1.000,0.707,0.000
1094,268,YMR217W,1,1.000,0.707,0.000
1095,269,YLR158C,1,0.250,0.354,0.000
1096,269,YLR157C,1,0.250,0.354,0.000
1097,269,YLR160C,1,0.250,0.354,0.000
1098,269,YLR155C,1,0.250,0.354,0.000
1099,270,YER170W,6,0.400,0.184,0.003
1100,270,YGL234W,4,0.267,0.132,0.000
1101,270,YDR226W,6,0.400,0.184,0.003
1102,270,YDL166C,6,0.400,0.169,0.002
1103,270,YHR216W,6,0.400,0.183,0.000
1104,270,YBL039C,1,0.067,0.020,0.000
1105,271,YKL104C,0,0.000,0.000,0.000
1106,272,YNL036W,1,0.500,0.500,0.000
1107,272,YBR218C,1,0.500,0.500,0.000
1108,273,YBR240C,2,0.200,0.050,0.000
1109,273,YDR421W,1,0.100,0.032,0.000
1110,273,YDR081C,2,0.200,0.050,0.000
1111,273,YAL061W,1,0.100,0.102,0.000
1112,273,YDR380W,2,0.200,0.121,0.200
1113,274,YMR174C,2,0.182,0.094,0.000
1114,274,YJL121C,2,0.182,0.106,0.000
1115,274,YMR107W,4,0.364,0.183,0.005
1116,275,YGL037C,0,1.000,1.000,0.000
1117,276,YMR020W,0,1.000,1.000,0.000
1118,277,YAR035W,2,1.000,0.577,0.000
1119,277,YER024W,2,1.000,0.577,0.000
1120,277,YML042W,2,1.000,0.577,0.000
1121,278,YDL230W,1,0.056,0.099,0.000
1122,278,YDR162C,2,0.111,0.130,0.000
1123,278,YPR115W,1,0.056,0.028,0.000
1124,278,YDR536W,2,0.111,0.127,0.000
1125,278,YLR248W,1,0.056,0.099,0.000
1126,278,YER089C,2,0.111,0.157,0.000
1127,278,YGR097W,2,0.111,0.127,0.000
1128,278,YBR182C,2,0.111,0.131,0.000
1129,278,YLR362W,1,0.056,0.073,0.000
1130,279,YHR163W,4,0.667,0.330,0.013
1131,279,YNR034W,4,0.667,0.330,0.013
1132,279,YCR073W-A,4,0.667,0.330,0.013
1133,280,YIL043C,1,0.500,0.500,0.000
1134,280,YNL111C,1,0.500,0.500,0.000
1135,281,YLR195C,2,0.118,0.072,0.000
1136,281,YDL226C,4,0.235,0.131,0.000
1137,281,YIL044C,3,0.176,0.087,0.000
1138,281,YDR524C,1,0.059,0.043,0.000
1139,281,YDR373W,1,0.059,0.043,0.000
1140,282,YGR207C,2,1.000,0.577,0.000
1141,282,YPR004C,2,1.000,0.577,0.000
1142,282,YOR356W,2,1.000,0.577,0.000
1143,283,YOR304W,1,0.500,0.500,0.000
1144,283,YOL017W,1,0.500,0.500,0.000
1145,284,YER030W,1,1.000,0.707,0.000
1146,284,YKR048C,1,1.000,0.707,0.000
1147,285,YER161C,1,1.000,0.707,0.000
1148,285,YPL016W,1,1.000,0.707,0.000
1149,286,YDR345C,1,0.059,0.070,0.000
1150,286,YJL089W,1,0.059,0.070,0.000
1151,286,YBR066C,1,0.059,0.070,0.000
1152,286,YMR011W,1,0.059,0.070,0.000
1153,286,YMR140W,1,0.059,0.070,0.000
1154,287,YKR034W,1,0.125,0.210,0.000
1155,287,YLL060C,1,0.125,0.130,0.000
1156,287,YKR076W,1,0.125,0.130,0.000
1157,287,YCL028W,1,0.125,0.210,0.000
1158,288,YPL141C,3,0.143,0.099,0.000
1159,288,YPL150W,3,0.143,0.099,0.000
1160,288,YKL116C,1,0.048,0.033,0.000
1161,288,YNL173C,2,0.095,0.067,0.000
1162,288,YGR223C,3,0.143,0.067,0.000
1163,288,YGL056C,3,0.143,0.099,0.000
1164,288,YHR146W,2,0.095,0.067,0.000
1165,289,YBR140C,3,0.750,0.394,0.000
1166,289,YIL033C,3,0.750,0.394,0.000
1167,290,YDR287W,2,1.000,0.577,0.000
1168,290,YHR046C,2,1.000,0.577,0.000
1169,290,YPR113W,2,1.000,0.577,0.000
1170,291,YBR222C,1,1.000,0.707,0.000
1171,291,YIL160C,1,1.000,0.707,0.000
1172,292,YIL074C,1,1.000,0.707,0.000
1173,292,YER081W,1,1.000,0.707,0.000
1174,293,YOR280C,1,0.167,0.127,0.000
1175,293,YOR241W,2,0.333,0.248,0.000
1176,294,YAL048C,1,0.038,0.008,0.000
1177,294,YBL085W,2,0.077,0.058,0.000
1178,294,YOR188W,2,0.077,0.092,0.000
1179,294,YKR055W,1,0.038,0.008,0.000
1180,294,YER155C,2,0.077,0.092,0.000
1181,294,YNL180C,0,0.000,0.000,0.000
1182,294,YHR061C,3,0.115,0.097,0.001
1183,294,YOL113W,3,0.115,0.115,0.000
1184,294,YPL161C,3,0.115,0.084,0.001
1185,295,YBR179C,0,1.000,1.000,0.000
1186,296,YHR117W,1,0.333,0.372,0.000
1187,296,YCL063W,1,0.333,0.372,0.000
1188,297,YBR025C,1,0.167,0.258,0.000
1189,297,YOR205C,1,0.167,0.258,0.000
1190,297,YLR289W,1,0.167,0.258,0.000
1191,298,YBL057C,1,1.000,0.707,0.000
1192,298,YMR276W,1,1.000,0.707,0.000
1193,299,YGL236C,2,1.000,0.577,0.000
1194,299,YDL033C,2,1.000,0.577,0.000
1195,299,YMR023C,2,1.000,0.577,0.000
1196,300,YNL314W,2,1.000,0.577,0.000
1197,300,YBR208C,2,1.000,0.577,0.000
1198,300,YIR032C,2,1.000,0.577,0.000
1199,301,YBL075C,2,0.286,0.204,0.000
1200,301,YIL016W,2,0.286,0.214,0.000
1201,302,YKR074W,1,1.000,0.707,0.000
1202,302,YPL225W,1,1.000,0.707,0.000
1203,303,YOR347C,1,0.500,0.500,0.000
1204,303,YOL086C,1,0.500,0.500,0.000
1205,304,YDR519W,1,1.000,0.707,0.000
1206,304,YDR304C,1,1.000,0.707,0.000
1207,305,YOL066C,4,0.800,0.365,0.000
1208,305,YOL143C,4,0.800,0.365,0.000
1209,306,YKL217W,2,0.250,0.093,0.000
1210,306,YCR010C,2,0.250,0.093,0.000
1211,306,YOL136C,4,0.500,0.289,0.000
1212,307,YNR073C,2,1.000,0.577,0.000
1213,307,YER003C,2,1.000,0.577,0.000
1214,307,YFL045C,2,1.000,0.577,0.000
1215,308,YOL122C,0,1.000,1.000,0.000
1216,309,YBR290W,0,1.000,1.000,0.000
1217,310,YCR044C,1,1.000,0.707,0.000
1218,310,YDR182W,1,1.000,0.707,0.000
1219,311,YMR319C,0,1.000,1.000,0.000
1220,312,YOL023W,0,1.000,1.000,0.000
1221,313,YNL339W-B,2,0.167,0.060,0.000
1222,313,YNL339W-A,2,0.167,0.060,0.000
1223,313,YJL225C,4,0.333,0.194,0.000
1224,313,YLL067W-A,1,0.083,0.051,0.000
1225,314,YHL016C,0,1.000,1.000,0.000
1226,315,YKL015W,1,0.500,0.500,0.000
1227,315,YMR179W,1,0.500,0.500,0.000
1228,316,YPL111W,0,1.000,1.000,0.000
1229,317,YPL036W,2,1.000,0.577,0.000
1230,317,YMR267W,2,1.000,0.577,0.000
1231,317,YBR011C,2,1.000,0.577,0.000
1232,318,YKL114C,5,1.000,0.408,0.000
1233,318,YML021C,5,1.000,0.408,0.000
1234,318,YBL019W,5,1.000,0.408,0.000
1235,318,YAL015C,5,1.000,0.408,0.000
1236,318,YML060W,5,1.000,0.408,0.000
1237,318,YOL043C,5,1.000,0.408,0.000
1238,319,YLR214W,2,0.667,0.435,0.000
1239,319,YHR175W,2,0.667,0.435,0.000
1240,320,YIL065C,0,1.000,1.000,0.000
1241,321,YDL178W,2,0.222,0.120,0.000
1242,321,YEL071W,4,0.444,0.237,0.000
1243,321,YDR533C,4,0.444,0.220,0.017
1244,322,YIL070C,1,0.500,0.500,0.000
1245,322,YPL159C,1,0.500,0.500,0.000
1246,323,YDR454C,1,0.500,0.500,0.000
1247,323,YJL055W,1,0.500,0.500,0.000
1248,324,YCL047C,1,0.143,0.075,0.000
1249,324,YNL129W,4,0.571,0.292,0.000
1250,325,YJR014W,2,1.000,0.577,0.000
1251,325,YDR117C,2,1.000,0.577,0.000
1252,325,YER007C-A,2,1.000,0.577,0.000
1253,326,YNL258C,7,0.212,0.039,0.001
1254,326,YNR049C,16,0.485,0.137,0.001
1255,326,YBL102W,2,0.061,0.016,0.000
1256,326,YDR189W,15,0.455,0.115,0.011
1257,326,YDR498C,19,0.576,0.143,0.021
1258,326,YOL018C,19,0.576,0.164,0.001
1259,326,YGL145W,7,0.212,0.039,0.001
1260,326,YLR440C,6,0.182,0.034,0.000
1261,326,YBL106C,1,0.030,0.009,0.000
1262,326,YAL014C,6,0.182,0.051,0.000
1263,327,YIL071C,4,1.000,0.447,0.000
1264,327,YOL117W,4,1.000,0.447,0.000
1265,327,YDL216C,4,1.000,0.447,0.000
1266,327,YDR179C,4,1.000,0.447,0.000
1267,327,YMR025W,4,1.000,0.447,0.000
1268,328,YHR129C,0,1.000,1.000,0.000
1269,329,YLL049W,3,1.000,0.500,0.000
1270,329,YMR294W,3,1.000,0.500,0.000
1271,329,YDR106W,3,1.000,0.500,0.000
1272,329,YPL174C,3,1.000,0.500,0.000
1273,330,YKL007W,0,1.000,1.000,0.000
1274,331,YPL269W,2,0.500,0.307,0.000
1275,331,YMR299C,3,0.750,0.439,0.000
1276,331,YDR424C,3,0.750,0.439,0.000
1277,332,YOL011W,4,0.114,0.087,0.000
1278,332,YMR008C,4,0.114,0.087,0.000
1279,332,YGL084C,1,0.029,0.026,0.000
1280,332,YBR042C,2,0.057,0.033,0.000
1281,332,YGR149W,1,0.029,0.026,0.000
1282,332,YMR006C,4,0.114,0.087,0.000
1283,332,YDR147W,4,0.114,0.052,0.000
1284,332,YGR007W,4,0.114,0.052,0.000
1285,332,YER113C,1,0.029,0.012,0.000
1286,333,YMR318C,4,0.800,0.383,0.025
1287,333,YCR105W,4,0.800,0.383,0.025
1288,333,YIL053W,4,0.800,0.383,0.025
1289,333,YER062C,4,0.800,0.383,0.025
1290,334,YGR110W,1,0.200,0.155,0.000
1291,334,YPL206C,2,0.400,0.300,0.000
1292,335,YPL110C,0,1.000,1.000,0.000
1293,336,YDR077W,1,0.500,0.500,0.000
1294,336,YLR110C,1,0.500,0.500,0.000
1295,337,YOR031W,1,0.333,0.282,0.000
1296,338,YIR018W,1,0.333,0.282,0.000
1297,339,YFL041W,2,0.500,0.351,0.000
1298,339,YEL065W,2,0.500,0.351,0.000
1299,340,YLR451W,1,0.500,0.500,0.000
1300,340,YKL120W,1,0.500,0.500,0.000
1301,341,YDR165W,0,1.000,1.000,0.000
1302,342,YDR465C,0,1.000,1.000,0.000
1303,343,YHR178W,1,0.111,0.099,0.000
1304,343,YOR162C,1,0.111,0.095,0.000
1305,343,YOR328W,1,0.111,0.104,0.000
1306,343,YHR064C,1,0.111,0.099,0.000
1307,344,YNL313C,0,1.000,1.000,0.000
1308,345,YDL036C,5,0.714,0.334,0.010
1309,345,YGR169C,5,0.714,0.334,0.010
1310,345,YPL212C,5,0.714,0.329,0.010
1311,345,YFL001W,3,0.429,0.209,0.000
1312,346,YDL101C,1,1.000,0.707,0.000
1313,346,YML058W,1,1.000,0.707,0.000
1314,347,YDR097C,1,1.000,0.707,0.000
1315,347,YOL090W,1,1.000,0.707,0.000
1316,348,YNL186W,1,0.500,0.500,0.000
1317,348,YMR219W,1,0.500,0.500,0.000
1318,349,YLR233C,2,1.000,0.577,0.000
1319,349,YLR318W,2,1.000,0.577,0.000
1320,349,YIL009C-A,2,1.000,0.577,0.000
1321,350,YIL096C,1,1.000,0.707,0.000
1322,350,YCR016W,1,1.000,0.707,0.000
1323,351,YJL196C,5,0.833,0.341,0.000
1324,351,YLR372W,5,0.833,0.341,0.000
1325,352,YEL041W,0,0.000,0.000,0.000
1326,353,YIL087C,1,0.500,0.500,0.000
1327,353,YPR155C,1,0.500,0.500,0.000
1328,354,YBR101C,1,1.000,0.707,0.000
1329,354,YGR268C,1,1.000,0.707,0.000
1330,355,YBR109C,1,1.000,0.707,0.000
1331,355,YFR014C,1,1.000,0.707,0.000
1332,356,YDR171W,0,1.000,1.000,0.000
1333,357,YBR137W,3,0.429,0.247,0.000
1334,357,YJL123C,1,0.143,0.088,0.000
1335,358,YNR016C,2,1.000,0.577,0.000
1336,358,YDL141W,2,1.000,0.577,0.000
1337,358,YMR207C,2,1.000,0.577,0.000
1338,359,YHR002W,1,0.500,0.500,0.000
1339,359,YOR108W,1,0.500,0.500,0.000
1340,360,YGR205W,0,1.000,1.000,0.000
1341,361,YBR176W,2,1.000,0.577,0.000
1342,361,YIL145C,2,1.000,0.577,0.000
1343,361,YHR063C,2,1.000,0.577,0.000
1344,362,YIL164C,1,1.000,0.707,0.000
1345,362,YIL165C,1,1.000,0.707,0.000
1346,363,YNL239W,1,0.200,0.114,0.000
1347,363,YHR074W,4,0.800,0.440,0.000
1348,363,YDR191W,4,0.800,0.440,0.000
1349,363,YJR049C,4,0.800,0.440,0.000
1350,363,YOR025W,4,0.800,0.440,0.000
1351,364,YBR161W,3,0.750,0.394,0.000
1352,364,YBR036C,3,0.750,0.394,0.000
1353,365,YMR234W,1,0.333,0.282,0.000
1354,366,YNL090W,0,0.000,0.000,0.000
1355,367,YKL191W,6,0.750,0.374,0.000
1356,367,YAL020C,1,0.125,0.063,0.000
1357,367,YLR172C,6,0.750,0.374,0.000
1358,367,YJR097W,6,0.750,0.374,0.000
1359,367,YIL103W,6,0.750,0.374,0.000
1360,367,YBR246W,6,0.750,0.374,0.000
1361,367,YER057C,1,0.125,0.063,0.000
1362,368,YOR264W,1,0.167,0.137,0.000
1363,368,YML034W,2,0.333,0.239,0.000
1364,369,YGL122C,1,1.000,0.707,0.000
1365,369,YMR255W,1,1.000,0.707,0.000
1366,370,YLR190W,2,0.333,0.269,0.000
1367,370,YBL032W,1,0.167,0.161,0.000
1368,370,YBR130C,2,0.333,0.282,0.000
1369,371,YPR171W,1,0.500,0.500,0.000
1370,371,YHR016C,1,0.500,0.500,0.000
1371,372,YLR144C,1,0.200,0.214,0.000
1372,372,YNL094W,1,0.200,0.214,0.000
1373,373,YDL161W,2,0.667,0.500,0.167
1374,373,YLR206W,2,0.667,0.500,0.167
1375,373,YER060W,2,0.667,0.500,0.167
1376,373,YER060W-A,2,0.667,0.500,0.167
1377,374,YOR304C-A,1,1.000,0.707,0.000
1378,374,YLR319C,1,1.000,0.707,0.000
1379,375,YPR095C,1,0.333,0.408,0.000
1380,375,YCL034W,1,0.333,0.408,0.000
1381,375,YGL181W,1,0.333,0.408,0.000
1382,376,YNL152W,3,0.750,0.439,0.000
1383,376,YKR090W,2,0.500,0.307,0.000
1384,376,YBR038W,3,0.750,0.439,0.000
1385,377,YGL231C,7,1.000,0.354,0.000
1386,377,YDR056C,7,1.000,0.354,0.000
1387,377,YJR088C,7,1.000,0.354,0.000
1388,377,YCL045C,7,1.000,0.354,0.000
1389,377,YLL014W,7,1.000,0.354,0.000
1390,377,YIL027C,7,1.000,0.354,0.000
1391,377,YKL207W,7,1.000,0.354,0.000
1392,377,YJL192C,7,1.000,0.354,0.000
1393,378,YHL039W,1,0.111,0.118,0.000
1394,378,YLR063W,1,0.111,0.088,0.000
1395,378,YNL092W,2,0.222,0.199,0.000
1396,379,YOR198C,1,1.000,0.707,0.000
1397,379,YJL080C,1,1.000,0.707,0.000
1398,380,YKR017C,1,1.000,0.707,0.000
1399,380,YML068W,1,1.000,0.707,0.000
1400,381,YCL033C,2,1.000,0.577,0.000
1401,381,YKL069W,2,1.000,0.577,0.000
1402,381,YER042W,2,1.000,0.577,0.000
1403,382,YOR388C,1,1.000,0.707,0.000
1404,382,YJL068C,1,1.000,0.707,0.000
1405,383,YHR005C,1,1.000,0.707,0.000
1406,383,YOR212W,1,1.000,0.707,0.000
1407,384,YGR285C,1,1.000,0.707,0.000
1408,384,YDL229W,1,1.000,0.707,0.000
1409,385,YLR114C,2,0.500,0.394,0.000
1410,385,YKL034W,2,0.500,0.394,0.000
1411,385,YOR223W,2,0.500,0.394,0.000
1412,385,YDL219W,2,0.500,0.394,0.000
1413,386,YPL154C,0,1.000,1.000,0.000
1414,387,YER068W,7,0.778,0.305,0.000
1415,387,YDR151C,1,0.111,0.044,0.000
1416,387,YDR252W,7,0.778,0.305,0.000
1417,388,YKL122C,5,0.714,0.296,0.000
1418,388,YKL154W,5,0.714,0.296,0.000
1419,389,YDR415C,2,0.250,0.092,0.000
1420,389,YDR525W,3,0.375,0.227,0.000
1421,389,YMR265C,2,0.250,0.092,0.000
1422,390,YPL083C,4,0.800,0.419,0.000
1423,390,YMR059W,4,0.800,0.419,0.000
1424,390,YOL102C,2,0.400,0.220,0.000
1425,390,YLR105C,4,0.800,0.419,0.000
1426,391,YCR030C,1,0.500,0.500,0.000
1427,391,YDR348C,1,0.500,0.500,0.000
1428,392,YDR273W,1,0.500,0.500,0.000
1429,392,YFR024C-A,1,0.500,0.500,0.000
1430,393,YPL184C,1,1.000,0.707,0.000
1431,393,YPR042C,1,1.000,0.707,0.000
1432,394,YNL197C,1,1.000,0.707,0.000
1433,394,YDL224C,1,1.000,0.707,0.000
1434,395,YPL200W,2,1.000,0.577,0.000
1435,395,YJL019W,2,1.000,0.577,0.000
1436,395,YOL104C,2,1.000,0.577,0.000
1437,396,YMR303C,1,0.200,0.260,0.000
1438,396,YMR083W,1,0.200,0.260,0.000
1439,396,YDL168W,1,0.200,0.260,0.000
1440,397,YHR113W,0,1.000,1.000,0.000
1441,398,YLR209C,0,1.000,1.000,0.000
1442,399,YGL248W,2,0.286,0.194,0.000
1443,399,YMR123W,1,0.143,0.113,0.000
1444,400,YDR430C,0,1.000,1.000,0.000
1445,401,YDL160C-A,2,0.667,0.435,0.000
1446,401,YGR042W,2,0.667,0.435,0.000
1447,402,YKL010C,1,1.000,0.707,0.000
1448,402,YDR457W,1,1.000,0.707,0.000
1449,403,YER142C,1,1.000,0.707,0.000
1450,403,YDL200C,1,1.000,0.707,0.000
1451,404,YBR133C,1,0.500,0.500,0.000
1452,404,YJR059W,1,0.500,0.500,0.000
1453,405,YHR207C,2,1.000,0.577,0.000
1454,405,YPL165C,2,1.000,0.577,0.000
1455,405,YJL105W,2,1.000,0.577,0.000
1456,406,YOR233W,2,1.000,0.577,0.000
1457,406,YJR053W,2,1.000,0.577,0.000
1458,406,YMR055C,2,1.000,0.577,0.000
1459,407,YGR238C,2,1.000,0.577,0.000
1460,407,YHR158C,2,1.000,0.577,0.000
1461,407,YAR014C,2,1.000,0.577,0.000
1462,408,YHL024W,1,0.500,0.500,0.000
1463,408,YHR124W,1,0.500,0.500,0.000
1464,409,YLR017W,2,0.400,0.300,0.000
1465,409,YNL010W,1,0.200,0.155,0.000
1466,410,YEL070W,2,0.667,0.435,0.000
1467,410,YHR104W,2,0.667,0.435,0.000
1468,411,YPR121W,1,0.091,0.073,0.000
1469,411,YJR142W,1,0.091,0.069,0.000
1470,411,YPR073C,1,0.091,0.073,0.000
1471,411,YNL091W,1,0.091,0.073,0.000
1472,412,YDL052C,1,1.000,0.707,0.000
1473,412,YDR018C,1,1.000,0.707,0.000
1474,413,YHR004C,2,1.000,0.577,0.000
1475,413,YMR165C,2,1.000,0.577,0.000
1476,413,YAL009W,2,1.000,0.577,0.000
1477,414,YIL025C,1,1.000,0.707,0.000
1478,414,YOR006C,1,1.000,0.707,0.000
1479,415,YJL133W,1,0.200,0.263,0.000
1480,415,YKL064W,1,0.200,0.263,0.000
1481,416,YKL112W,2,0.286,0.106,0.000
1482,416,YBR049C,2,0.286,0.106,0.000
1483,417,YCL032W,2,0.200,0.134,0.000
1484,417,YDL073W,1,0.100,0.095,0.000
1485,417,YDR420W,3,0.300,0.180,0.000
1486,418,YBR131W,3,0.200,0.071,0.000
1487,418,YDR080W,9,0.600,0.235,0.002
1488,418,YNL093W,3,0.200,0.077,0.000
1489,418,YGL124C,9,0.600,0.219,0.022
1490,418,YDR229W,1,0.067,0.026,0.000
1491,419,YGL008C,0,1.000,1.000,0.000
1492,420,YDL055C,1,0.333,0.282,0.000
1493,421,YKL205W,1,1.000,0.707,0.000
1494,421,YOR112W,1,1.000,0.707,0.000
1495,422,YLR020C,2,0.667,0.435,0.000
1496,422,YLL012W,2,0.667,0.435,0.000
1497,423,YJL062W,1,1.000,0.707,0.000
1498,423,YLR242C,1,1.000,0.707,0.000
1499,424,YOR140W,1,0.200,0.316,0.000
1500,424,YHR211W,1,0.200,0.316,0.000
1501,424,YKR102W,1,0.200,0.316,0.000
1502,424,YAR050W,1,0.200,0.316,0.000
1503,424,YAL063C,1,0.200,0.316,0.000
1504,425,YBR164C,0,1.000,1.000,0.000
1505,426,YBL060W,1,0.500,0.500,0.000
1506,426,YKR030W,1,0.500,0.500,0.000
1507,427,YLR062C,1,1.000,0.707,0.000
1508,427,YGL217C,1,1.000,0.707,0.000
1509,428,YPR176C,2,0.143,0.026,0.000
1510,428,YEL048C,10,0.714,0.264,0.000
1511,428,YER031C,6,0.429,0.157,0.003
1512,428,YJL031C,2,0.143,0.026,0.000
1513,429,YPR079W,3,0.250,0.087,0.000
1514,429,YJL207C,3,0.250,0.154,0.000
1515,429,YDR358W,3,0.250,0.087,0.000
1516,429,YHR108W,3,0.250,0.087,0.000
1517,430,YFR056C,1,0.333,0.282,0.000
1518,431,YIL097W,6,0.857,0.376,0.000
1519,431,YBR105C,6,0.857,0.376,0.000
1520,431,YKL124W,1,0.143,0.064,0.000
1521,431,YDR255C,6,0.857,0.376,0.000
1522,431,YIL017C,6,0.857,0.376,0.000
1523,431,YGL227W,6,0.857,0.376,0.000
1524,431,YMR135C,6,0.857,0.376,0.000
1525,432,YFL025C,5,0.227,0.098,0.000
1526,432,YPL096C-A,6,0.273,0.125,0.000
1527,432,YKL165C,5,0.227,0.101,0.009
1528,432,YJL091C,4,0.182,0.090,0.002
1529,432,YNL038W,6,0.273,0.125,0.000
1530,432,YDR434W,6,0.273,0.124,0.003
1531,432,YCL052C,3,0.136,0.081,0.000
1532,432,YHR039C,1,0.045,0.025,0.000
1533,432,YOR149C,6,0.273,0.145,0.001
1534,433,YMR206W,1,1.000,0.707,0.000
1535,433,YMR081C,1,1.000,0.707,0.000
1536,434,YOL108C,3,1.000,0.500,0.000
1537,434,YJL153C,3,1.000,0.500,0.000
1538,434,YHL020C,3,1.000,0.500,0.000
1539,434,YDR123C,3,1.000,0.500,0.000
1540,435,YDR183W,1,1.000,0.707,0.000
1541,435,YOR281C,1,1.000,0.707,0.000
1542,436,YFL023W,1,0.143,0.080,0.000
1543,436,YMR074C,3,0.429,0.234,0.000
1544,437,YDR200C,4,0.667,0.361,0.000
1545,437,YLR238W,4,0.667,0.361,0.000
1546,437,YDR523C,1,0.167,0.093,0.000
1547,438,YAL042W,1,1.000,0.707,0.000
1548,438,YML067C,1,1.000,0.707,0.000
1549,439,YKR099W,0,1.000,1.000,0.000
1550,440,YOR279C,1,1.000,0.707,0.000
1551,440,YOL068C,1,1.000,0.707,0.000
1552,441,YOR021C,1,0.333,0.282,0.000
1553,442,YPL179W,1,1.000,0.707,0.000
1554,442,YFR003C,1,1.000,0.707,0.000
1555,443,YCR008W,2,0.667,0.435,0.000
1556,443,YDR436W,2,0.667,0.435,0.000
1557,444,YFR015C,1,1.000,0.707,0.000
1558,444,YLR177W,1,1.000,0.707,0.000
1559,445,YPL030W,2,0.400,0.394,0.000
1560,445,YDL112W,1,0.200,0.168,0.000
1561,445,YMR259C,2,0.400,0.366,0.000
1562,445,YPL183C,2,0.400,0.366,0.000
1563,446,YOL093W,1,1.000,0.707,0.000
1564,446,YLR405W,1,1.000,0.707,0.000
1565,447,YNR046W,1,1.000,0.707,0.000
1566,447,YDR140W,1,1.000,0.707,0.000
1567,448,YLR316C,2,1.000,0.577,0.000
1568,448,YJL035C,2,1.000,0.577,0.000
1569,448,YGL243W,2,1.000,0.577,0.000
1570,449,YJL212C,1,1.000,0.707,0.000
1571,449,YGL114W,1,1.000,0.707,0.000
1572,450,YDL024C,1,0.500,0.500,0.000
1573,450,YBR092C,1,0.500,0.500,0.000
1574,451,YDR481C,3,0.750,0.439,0.000
1575,451,YDR281C,2,0.500,0.307,0.000
1576,451,YBR093C,3,0.750,0.439,0.000
1577,452,YNL192W,1,0.333,0.282,0.000
1578,453,YOL095C,1,1.000,0.707,0.000
1579,453,YDR332W,1,1.000,0.707,0.000
1580,454,YDR538W,1,1.000,0.707,0.000
1581,454,YDR539W,1,1.000,0.707,0.000
1582,455,YBL061C,2,1.000,0.577,0.000
1583,455,YHR142W,2,1.000,0.577,0.000
1584,455,YBR023C,2,1.000,0.577,0.000
1585,456,YKR027W,4,1.000,0.447,0.000
1586,456,YMR237W,4,1.000,0.447,0.000
1587,456,YJL099W,4,1.000,0.447,0.000
1588,456,YOR299W,4,1.000,0.447,0.000
1589,456,YLR330W,4,1.000,0.447,0.000
1590,457,YMR307W,1,1.000,0.707,0.000
1591,457,YBR078W,1,1.000,0.707,0.000
1592,458,YLR342W,0,1.000,1.000,0.000
1593,459,YNL233W,0,1.000,1.000,0.000
1594,460,YPL244C,1,1.000,0.707,0.000
1595,460,YDR438W,1,1.000,0.707,0.000
1596,461,YNL063W,0,1.000,1.000,0.000
1597,462,YBR126C,0,1.000,1.000,0.000
1598,463,YOR238W,1,1.000,0.707,0.000
1599,463,YLR149C,1,1.000,0.707,0.000
1600,464,YNR034W-A,1,1.000,0.707,0.000
1601,464,YFR017C,1,1.000,0.707,0.000
1602,465,YJL184W,4,0.667,0.350,0.000
1603,465,YKR095W-A,4,0.667,0.350,0.000
1604,465,YDL104C,3,0.500,0.260,0.000
1605,465,YGL169W,4,0.667,0.331,0.022
1606,466,YOR095C,0,1.000,1.000,0.000
1607,467,YPL273W,0,0.000,0.000,0.000
1608,468,YPR158W,1,0.333,0.282,0.000
1609,469,YIL046W,0,1.000,1.000,0.000
1610,470,YDL194W,3,0.750,0.482,0.000
1611,470,YDR277C,1,0.250,0.170,0.000
1612,470,YDL138W,3,0.750,0.482,0.000
1613,470,YOR047C,3,0.750,0.482,0.000
1614,471,YJL198W,2,0.250,0.166,0.000
1615,471,YCR037C,3,0.375,0.256,0.018
1616,471,YNR013C,2,0.250,0.166,0.000
1617,472,YDL106C,1,1.000,0.707,0.000
1618,472,YFR034C,1,1.000,0.707,0.000
1619,473,YIL047C,1,1.000,0.707,0.000
1620,473,YGR233C,1,1.000,0.707,0.000
1621,474,YLR102C,12,1.000,0.277,0.000
1622,474,YFR036W,12,1.000,0.277,0.000
1623,474,YDL008W,12,1.000,0.277,0.000
1624,474,YIR025W,12,1.000,0.277,0.000
1625,474,YOR249C,12,1.000,0.277,0.000
1626,474,YDR118W,12,1.000,0.277,0.000
1627,474,YHR166C,12,1.000,0.277,0.000
1628,474,YLR127C,12,1.000,0.277,0.000
1629,474,YGL240W,12,1.000,0.277,0.000
1630,474,YBL084C,12,1.000,0.277,0.000
1631,474,YKL022C,12,1.000,0.277,0.000
1632,474,YNL172W,12,1.000,0.277,0.000
1633,474,YDR260C,12,1.000,0.277,0.000
1634,475,YEL029C,2,0.500,0.412,0.000
1635,475,YGR017W,1,0.250,0.217,0.000
1636,475,YNR027W,2,0.500,0.412,0.000
1637,476,YJL049W,8,0.348,0.124,0.000
1638,476,YLR181C,5,0.217,0.069,0.000
1639,476,YLR099W-A,2,0.087,0.025,0.000
1640,476,YLR073C,1,0.043,0.015,0.000
1641,476,YDR069C,8,0.348,0.130,0.001
1642,476,YER128W,1,0.043,0.014,0.000
1643,477,YBR264C,3,0.750,0.482,0.000
1644,477,YPL070W,1,0.250,0.170,0.000
1645,477,YER136W,3,0.750,0.482,0.000
1646,477,YOR370C,3,0.750,0.482,0.000
1647,478,YLR436C,1,1.000,0.707,0.000
1648,478,YMR304W,1,1.000,0.707,0.000
1649,479,YBR110W,4,0.800,0.440,0.000
1650,479,YGL047W,4,0.800,0.440,0.000
1651,479,YBR085C-A,1,0.200,0.114,0.000
1652,479,YNL048W,4,0.800,0.440,0.000
1653,479,YBR070C,4,0.800,0.440,0.000
1654,480,YNL029C,1,0.167,0.289,0.000
1655,480,YJL139C,1,0.167,0.289,0.000
1656,480,YKR061W,1,0.167,0.289,0.000
1657,480,YBR199W,1,0.167,0.289,0.000
1658,480,YIL085C,1,0.167,0.289,0.000
1659,480,YBL020W,1,0.167,0.289,0.000
1660,481,YIL029C,1,1.000,0.707,0.000
1661,481,YIL030C,1,1.000,0.707,0.000
1662,482,YKL100C,1,0.111,0.076,0.000
1663,482,YOR016C,4,0.444,0.272,0.000
1664,482,YHR110W,4,0.444,0.262,0.006
1665,482,YGL054C,1,0.111,0.076,0.000
1666,483,YBR139W,0,0.000,0.000,0.000
1667,484,YOR219C,2,0.500,0.394,0.000
1668,484,YLR120C,2,0.500,0.394,0.000
1669,484,YGL203C,2,0.500,0.394,0.000
1670,484,YDR144C,2,0.500,0.394,0.000
1671,485,YAR075W,2,1.000,0.577,0.000
1672,485,YAR073W,2,1.000,0.577,0.000
1673,485,YLR432W,2,1.000,0.577,0.000
1674,486,YBR111C,5,0.833,0.341,0.000
1675,486,YCR036W,5,0.833,0.341,0.000
1676,487,YJR152W,1,0.333,0.282,0.000
1677,488,YOL049W,2,0.667,0.435,0.000
1678,488,YKL215C,2,0.667,0.435,0.000
1679,489,YCL035C,0,0.000,0.707,0.000
1680,489,YDR513W,0,0.000,0.707,0.000
1681,490,YER078C,1,1.000,0.707,0.000
1682,490,YKL134C,1,1.000,0.707,0.000
1683,491,YGL156W,0,1.000,1.000,0.000
1684,492,YHR181W,1,0.100,0.050,0.000
1685,492,YDR307W,2,0.200,0.108,0.000
1686,492,YGR199W,3,0.300,0.158,0.006
1687,493,YDL135C,0,0.000,0.000,0.000
1688,493,YJL201W,0,0.000,0.000,0.000
1689,493,YDR389W,0,0.000,0.000,0.000
1690,493,YOR134W,0,0.000,0.000,0.000
1691,494,YGR202C,1,1.000,0.707,0.000
1692,494,YLR133W,1,1.000,0.707,0.000
1693,495,YGR276C,1,0.333,0.282,0.000
1694,496,YDL133C-A,1,1.000,0.707,0.000
1695,496,YDL184C,1,1.000,0.707,0.000
1696,497,YHR137W,1,0.500,0.500,0.000
1697,497,YLR180W,1,0.500,0.500,0.000
1698,498,YNL321W,3,0.600,0.329,0.000
1699,498,YJL093C,3,0.600,0.329,0.000
1700,499,YKR050W,1,1.000,0.707,0.000
1701,499,YJR054W,1,1.000,0.707,0.000
1702,500,YNL191W,2,1.000,0.577,0.000
1703,500,YFR044C,2,1.000,0.577,0.000
1704,500,YBR281C,2,1.000,0.577,0.000
1705,501,YOL052C,3,0.750,0.482,0.000
1706,501,YPR069C,3,0.750,0.482,0.000
1707,501,YPL052W,1,0.250,0.170,0.000
1708,501,YLR146C,3,0.750,0.482,0.000
1709,502,YAL056W,3,0.750,0.425,0.056
1710,502,YOR371C,3,0.750,0.425,0.056
1711,502,YER020W,3,0.750,0.425,0.056
1712,502,YOL081W,3,0.750,0.425,0.056
1713,503,YOR258W,1,0.500,0.500,0.000
1714,503,YHR134W,1,0.500,0.500,0.000
1715,504,YLR228C,1,1.000,0.707,0.000
1716,504,YMR070W,1,1.000,0.707,0.000
1717,505,YOL087C,2,0.500,0.307,0.000
1718,505,YKR098C,3,0.750,0.439,0.000
1719,505,YIL156W,3,0.750,0.439,0.000
1720,506,YML047C,1,1.000,0.707,0.000
1721,506,YBR040W,1,1.000,0.707,0.000
1722,507,YDR414C,2,1.000,0.577,0.000
1723,507,YKR007W,2,1.000,0.577,0.000
1724,507,YCR075C,2,1.000,0.577,0.000
1725,508,YLR124W,1,0.500,0.500,0.000
1726,508,YPL034W,1,0.500,0.500,0.000
1727,509,YPL236C,1,1.000,0.707,0.000
1728,509,YER123W,1,1.000,0.707,0.000
1729,510,YCL051W,1,1.000,0.707,0.000
1730,510,YNL161W,1,1.000,0.707,0.000
1731,511,YKL094W,0,1.000,1.000,0.000
1732,512,YCR068W,0,1.000,1.000,0.000
1733,513,YJR010C-A,3,1.000,0.500,0.000
1734,513,YLR066W,3,1.000,0.500,0.000
1735,513,YML055W,3,1.000,0.500,0.000
1736,513,YIR022W,3,1.000,0.500,0.000
1737,514,YEL075W-A,4,1.000,0.447,0.000
1738,514,YEL075C,4,1.000,0.447,0.000
1739,514,YEL074W,4,1.000,0.447,0.000
1740,514,YEL077C,4,1.000,0.447,0.000
1741,514,YEL076C,4,1.000,0.447,0.000
1742,515,YER109C,1,0.333,0.408,0.000
1743,515,YOL116W,1,0.333,0.408,0.000
1744,515,YDL233W,1,0.333,0.408,0.000
1745,516,YKL043W,2,0.167,0.098,0.000
1746,516,YDR480W,4,0.333,0.229,0.000
1747,516,YLR452C,2,0.167,0.111,0.000
1748,516,YJR086W,4,0.333,0.200,0.003
1749,516,YNL053W,2,0.167,0.128,0.000
1750,517,YOR230W,1,1.000,0.707,0.000
1751,517,YLR437C,1,1.000,0.707,0.000
1752,518,YGR058W,2,0.250,0.125,0.000
1753,518,YOR030W,6,0.750,0.362,0.000
1754,518,YGL045W,6,0.750,0.362,0.000
1755,518,YGR122W,2,0.250,0.125,0.000
1756,518,YNL294C,6,0.750,0.362,0.000
1757,518,YMR063W,6,0.750,0.362,0.000
1758,519,YOR022C,1,1.000,0.707,0.000
1759,519,YDL195W,1,1.000,0.707,0.000
1760,520,YOR385W,1,0.500,0.500,0.000
1761,520,YOR220W,1,0.500,0.500,0.000
1762,521,YNL027W,1,1.000,0.707,0.000
1763,521,YKL159C,1,1.000,0.707,0.000
1764,522,YGL006W,3,0.600,0.358,0.000
1765,522,YLR443W,2,0.400,0.237,0.000
1766,523,YGL168W,1,1.000,0.707,0.000
1767,523,YGL167C,1,1.000,0.707,0.000
1768,524,YOL003C,2,0.400,0.298,0.025
1769,524,YNL326C,2,0.400,0.298,0.025
1770,525,YDL240W,1,1.000,0.707,0.000
1771,525,YEL031W,1,1.000,0.707,0.000
1772,526,YER177W,1,1.000,0.707,0.000
1773,526,YDR099W,1,1.000,0.707,0.000
1774,527,YDR208W,2,0.500,0.412,0.000
1775,527,YKL051W,1,0.250,0.217,0.000
1776,527,YGR198W,2,0.500,0.412,0.000
1777,528,YLL007C,1,1.000,0.707,0.000
1778,528,YLR422W,1,1.000,0.707,0.000
1779,529,YLR310C,0,1.000,1.000,0.000
1780,530,YER056C,0,1.000,1.000,0.000
1781,531,YLR254C,1,1.000,0.707,0.000
1782,531,YOR269W,1,1.000,0.707,0.000
1783,532,YDL099W,1,1.000,0.707,0.000
1784,532,YDR517W,1,1.000,0.707,0.000
1785,533,YIL177W-A,1,1.000,0.707,0.000
1786,533,YIL177C,1,1.000,0.707,0.000
1787,534,YML133C,2,1.000,0.577,0.000
1788,534,YML133W-B,2,1.000,0.577,0.000
1789,534,YML133W-A,2,1.000,0.577,0.000
1790,535,YLL066C,1,0.333,0.282,0.000
1791,536,YNL134C,1,0.500,0.500,0.000
1792,536,YDL072C,1,0.500,0.500,0.000
1793,537,YJL022W,5,1.000,0.408,0.000
1794,537,YJL028W,5,1.000,0.408,0.000
1795,537,YJR055W,5,1.000,0.408,0.000
1796,537,YJR056C,5,1.000,0.408,0.000
1797,537,YJL027C,5,1.000,0.408,0.000
1798,537,YJL161W,5,1.000,0.408,0.000
1799,538,YHR195W,1,1.000,0.707,0.000
1800,538,YAR042W,1,1.000,0.707,0.000
1801,539,YDL019C,1,0.200,0.326,0.000
1802,539,YMR124W,1,0.200,0.326,0.000
1803,539,YIL090W,1,0.200,0.326,0.000
1804,539,YBL091C-A,1,0.200,0.205,0.000
1805,540,YMR251W-A,1,0.500,0.500,0.000
1806,540,YBR054W,1,0.500,0.500,0.000
1807,541,YDR150W,1,1.000,0.707,0.000
1808,541,YPR083W,1,1.000,0.707,0.000
1809,542,YNL116W,1,0.500,0.500,0.000
1810,542,YHR115C,1,0.500,0.500,0.000
1811,543,YNR052C,1,1.000,0.707,0.000
1812,543,YAL021C,1,1.000,0.707,0.000
1813,544,YOR070C,3,0.750,0.425,0.056
1814,544,YDL234C,3,0.750,0.425,0.056
1815,544,YGR100W,3,0.750,0.425,0.056
1816,544,YPL249C,3,0.750,0.425,0.056
1817,545,YBL017C,5,0.556,0.281,0.000
1818,545,YKR078W,3,0.333,0.172,0.000
1819,545,YDR425W,2,0.222,0.120,0.000
1820,545,YMR004W,5,0.556,0.278,0.000
1821,546,YML072C,1,1.000,0.707,0.000
1822,546,YBR086C,1,1.000,0.707,0.000
1823,547,YDL058W,0,1.000,1.000,0.000
1824,548,YOR216C,2,1.000,0.577,0.000
1825,548,YKL179C,2,1.000,0.577,0.000
1826,548,YJR134C,2,1.000,0.577,0.000
1827,549,YMR079W,0,1.000,1.000,0.000
1828,550,YLR380W,1,1.000,0.707,0.000
1829,550,YJL145W,1,1.000,0.707,0.000
1830,551,YCR091W,2,0.333,0.231,0.000
1831,551,YNR047W,2,0.333,0.231,0.000
1832,552,YMR162C,1,1.000,0.707,0.000
1833,552,YNR048W,1,1.000,0.707,0.000
1834,553,YMR010W,1,0.333,0.282,0.000
1835,554,YML104C,1,1.000,0.707,0.000
1836,554,YOR107W,1,1.000,0.707,0.000
1837,555,YGR041W,2,0.667,0.435,0.000
1838,555,YLR353W,2,0.667,0.435,0.000
1839,556,YLR307W,2,0.167,0.067,0.000
1840,556,YGR189C,2,0.167,0.065,0.000
1841,556,YLR308W,2,0.167,0.067,0.000
1842,556,YJL158C,2,0.167,0.065,0.000
1843,557,YBR280C,2,1.000,0.577,0.000
1844,557,YLR097C,2,1.000,0.577,0.000
1845,557,YDR306C,2,1.000,0.577,0.000
1846,558,YGR003W,1,1.000,0.707,0.000
1847,558,YIL001W,1,1.000,0.707,0.000
1848,559,YPL272C,1,1.000,0.707,0.000
1849,559,YNL264C,1,1.000,0.707,0.000
1850,560,YDR310C,0,1.000,1.000,0.000
1851,561,YNL333W,5,1.000,0.408,0.000
1852,561,YMR096W,5,1.000,0.408,0.000
1853,561,YFL059W,5,1.000,0.408,0.000
1854,561,YFL060C,5,1.000,0.408,0.000
1855,561,YMR095C,5,1.000,0.408,0.000
1856,561,YNL334C,5,1.000,0.408,0.000
1857,562,YGL210W,0,1.000,1.000,0.000
1858,563,YLL015W,1,0.500,0.500,0.000
1859,563,YGR154C,1,0.500,0.500,0.000
1860,564,YLR408C,5,1.000,0.408,0.000
1861,564,YNL086W,5,1.000,0.408,0.000
1862,564,YEL005C,5,1.000,0.408,0.000
1863,564,YDR357C,5,1.000,0.408,0.000
1864,564,YGL079W,5,1.000,0.408,0.000
1865,564,YKL061W,5,1.000,0.408,0.000
1866,565,YER046W,1,0.500,0.500,0.000
1867,565,YNL012W,1,0.500,0.500,0.000
1868,566,YJL036W,2,1.000,0.577,0.000
1869,566,YLR189C,2,1.000,0.577,0.000
1870,566,YDL113C,2,1.000,0.577,0.000
1871,567,YKL101W,3,0.273,0.144,0.000
1872,567,YCL024W,4,0.364,0.188,0.000
1873,567,YNL166C,4,0.364,0.185,0.000
1874,568,YHR192W,3,0.750,0.394,0.000
1875,568,YLL023C,3,0.750,0.394,0.000
1876,569,YOR090C,2,1.000,0.577,0.000
1877,569,YCR079W,2,1.000,0.577,0.000
1878,569,YHR076W,2,1.000,0.577,0.000
1879,570,YMR247C,1,1.000,0.707,0.000
1880,570,YJR036C,1,1.000,0.707,0.000
1881,571,YGL110C,2,0.500,0.351,0.000
1882,571,YDR266C,2,0.500,0.351,0.000
1883,572,YDL198C,1,1.000,0.707,0.000
1884,572,YMR241W,1,1.000,0.707,0.000
1885,573,YNL154C,3,0.273,0.147,0.018
1886,573,YKL209C,4,0.364,0.223,0.000
1887,573,YJR004C,4,0.364,0.212,0.000
1888,573,YHR135C,2,0.182,0.093,0.000
1889,573,YLR040C,4,0.364,0.212,0.000
1890,574,YPL112C,1,0.500,0.500,0.000
1891,574,YCL056C,1,0.500,0.500,0.000
1892,575,YPR157W,1,0.333,0.282,0.000
1893,576,YCL055W,1,0.333,0.282,0.000
1894,577,YCL027W,0,1.000,1.000,0.000
1895,578,YLR373C,1,0.500,0.500,0.000
1896,578,YGR071C,1,0.500,0.500,0.000
1897,579,YDR169C,1,0.333,0.282,0.000
1898,580,YFL067W,3,1.000,0.500,0.000
1899,580,YFL066C,3,1.000,0.500,0.000
1900,580,YFL065C,3,1.000,0.500,0.000
1901,580,YFL064C,3,1.000,0.500,0.000
1902,581,YJL073W,1,1.000,0.707,0.000
1903,581,YLR104W,1,1.000,0.707,0.000
1904,582,YJR131W,1,1.000,0.707,0.000
1905,582,YLR057W,1,1.000,0.707,0.000
1906,583,YGR225W,1,1.000,0.707,0.000
1907,583,YHR184W,1,1.000,0.707,0.000
1908,584,YER175C,1,1.000,0.707,0.000
1909,584,YGL117W,1,1.000,0.707,0.000
1910,585,YJR141W,1,0.500,0.500,0.000
1911,585,YBR291C,1,0.500,0.500,0.000
1912,586,YOR066W,1,1.000,0.707,0.000
1913,586,YKR077W,1,1.000,0.707,0.000
1914,587,YMR037C,0,1.000,1.000,0.000
1915,588,YDL025C,1,0.500,0.500,0.000
1916,588,YHR009C,1,0.500,0.500,0.000
1917,589,YGL071W,0,1.000,1.000,0.000
1918,590,YHL047C,1,0.333,0.282,0.000
1919,591,YCR039C,3,0.600,0.339,0.033
1920,591,YCL066W,3,0.600,0.339,0.033
1921,591,YCR096C,3,0.600,0.365,0.000
1922,592,YOR353C,4,1.000,0.447,0.000
1923,592,YIL129C,4,1.000,0.447,0.000
1924,592,YHR102W,4,1.000,0.447,0.000
1925,592,YFL034C-B,4,1.000,0.447,0.000
1926,592,YKL189W,4,1.000,0.447,0.000
1927,593,YDR084C,2,0.667,0.435,0.000
1928,593,YKR088C,2,0.667,0.435,0.000
1929,594,YDL210W,1,0.333,0.408,0.000
1930,594,YBR006W,1,0.333,0.408,0.000
1931,594,YIR023W,1,0.333,0.408,0.000
1932,595,YIL120W,2,0.667,0.500,0.167
1933,595,YLL028W,2,0.667,0.500,0.167
1934,595,YNR055C,2,0.667,0.500,0.167
1935,595,YNL065W,2,0.667,0.500,0.167
1936,596,YBR008C,1,1.000,0.707,0.000
1937,596,YML116W,1,1.000,0.707,0.000
1938,597,YHR048W,1,1.000,0.707,0.000
1939,597,YIL121W,1,1.000,0.707,0.000
1940,598,YKR020W,1,0.143,0.104,0.000
1941,598,YLR309C,1,0.143,0.243,0.000
1942,598,YLR261C,1,0.143,0.243,0.000
1943,598,YJL044C,1,0.143,0.243,0.000
1944,599,YKL220C,1,0.333,0.408,0.000
1945,599,YOL152W,1,0.333,0.408,0.000
1946,599,YLL051C,1,0.333,0.408,0.000
1947,600,YKL142W,2,0.222,0.222,0.000
1948,600,YPR149W,2,0.222,0.222,0.000
1949,600,YGR130C,1,0.111,0.065,0.000
1950,600,YML052W,2,0.222,0.222,0.000
1951,601,YOL002C,1,0.250,0.271,0.000
1952,601,YDR492W,1,0.250,0.271,0.000
1953,602,YNR039C,5,0.556,0.285,0.011
1954,602,YOR079C,3,0.333,0.178,0.000
1955,602,YOL154W,1,0.111,0.055,0.000
1956,603,YLR019W,1,0.500,0.500,0.000
1957,603,YLL010C,1,0.500,0.500,0.000
1958,604,YGL077C,1,1.000,0.707,0.000
1959,604,YDR497C,1,1.000,0.707,0.000
1960,605,YPL092W,1,1.000,0.707,0.000
1961,605,YGL254W,1,1.000,0.707,0.000
1962,606,YJL029C,5,0.556,0.217,0.000
1963,606,YNL051W,7,0.778,0.310,0.000
1964,606,YDR484W,5,0.556,0.217,0.000
1965,606,YGL005C,7,0.778,0.310,0.000
1966,606,YGL223C,7,0.778,0.310,0.000
1967,606,YGR120C,7,0.778,0.310,0.000
1968,607,YBR172C,1,0.500,0.500,0.000
1969,607,YOR338W,1,0.500,0.500,0.000
1970,608,YGL038C,0,1.000,1.000,0.000
1971,609,YGL032C,1,1.000,0.707,0.000
1972,609,YJL170C,1,1.000,0.707,0.000
1973,610,YMR216C,1,1.000,0.707,0.000
1974,610,YLL019C,1,1.000,0.707,0.000
1975,611,YKL201C,2,0.400,0.355,0.000
1976,611,YGL257C,2,0.400,0.308,0.000
1977,611,YJL186W,2,0.400,0.355,0.000
1978,611,YIL014W,2,0.400,0.308,0.000
1979,612,YEL036C,4,0.800,0.365,0.000
1980,612,YML115C,4,0.800,0.365,0.000
1981,613,YPL053C,1,1.000,0.707,0.000
1982,613,YNR059W,1,1.000,0.707,0.000
1983,614,YDR089W,1,1.000,0.707,0.000
1984,614,YFL004W,1,1.000,0.707,0.000
1985,615,YMR316W,1,1.000,0.707,0.000
1986,615,YBR056W-A,1,1.000,0.707,0.000
1987,616,YNL283C,5,0.833,0.369,0.027
1988,616,YGR023W,5,0.833,0.369,0.027
1989,616,YOR008C,5,0.833,0.369,0.027
1990,616,YGR070W,5,0.833,0.369,0.027
1991,616,YOL105C,5,0.833,0.369,0.027
1992,616,YLR371W,5,0.833,0.369,0.027
1993,617,YFL047W,1,1.000,0.707,0.000
1994,617,YBR260C,1,1.000,0.707,0.000
1995,618,YBR168W,1,1.000,0.707,0.000
1996,618,YHR150W,1,1.000,0.707,0.000
1997,619,YDR479C,1,0.500,0.500,0.000
1998,619,YGR004W,1,0.500,0.500,0.000
1999,620,YDR143C,1,0.500,0.500,0.000
2000,620,YGL141W,1,0.500,0.500,0.000
2001,621,YIL039W,1,1.000,0.707,0.000
2002,621,YCR017C,1,1.000,0.707,0.000
2003,622,YNL159C,2,1.000,0.577,0.000
2004,622,YMR119W,2,1.000,0.577,0.000
2005,622,YNL008C,2,1.000,0.577,0.000
2006,623,YDL212W,1,1.000,0.707,0.000
2007,623,YKR039W,1,1.000,0.707,0.000
2008,624,YLL038C,1,1.000,0.707,0.000
2009,624,YLL044W,1,1.000,0.707,0.000
2010,625,YLR080W,1,1.000,0.707,0.000
2011,625,YFL048C,1,1.000,0.707,0.000
2012,626,YGL161C,2,0.400,0.251,0.000
2013,626,YER074W-A,3,0.600,0.364,0.000
2014,626,YNL044W,3,0.600,0.364,0.000
2015,627,YMR034C,1,1.000,0.707,0.000
2016,627,YBR187W,1,1.000,0.707,0.000
2017,628,YDR525W-A,1,1.000,0.707,0.000
2018,628,YJL151C,1,1.000,0.707,0.000
2019,629,YOL073C,1,1.000,0.707,0.000
2020,629,YPR109W,1,1.000,0.707,0.000
2021,630,YDR072C,1,1.000,0.707,0.000
2022,630,YGR143W,1,1.000,0.707,0.000
2023,631,YOL042W,1,1.000,0.707,0.000
2024,631,YML118W,1,1.000,0.707,0.000
2025,632,YFR023W,1,0.200,0.260,0.000
2026,632,YNL085W,1,0.200,0.260,0.000
2027,632,YHR015W,1,0.200,0.260,0.000
2028,633,YBR271W,0,1.000,1.000,0.000
2029,634,YAL008W,1,0.500,0.500,0.000
2030,634,YBR056W,1,0.500,0.500,0.000
2031,635,YBR149W,1,0.500,0.500,0.000
2032,635,YMR041C,1,0.500,0.500,0.000
2033,636,YIR001C,1,1.000,0.707,0.000
2034,636,YGR250C,1,1.000,0.707,0.000
2035,637,YML099C,2,0.333,0.231,0.000
2036,637,YMR042W,2,0.333,0.231,0.000
2037,637,YOR163W,1,0.167,0.139,0.000
2038,638,YPR201W,2,1.000,0.577,0.000
2039,638,YPR200C,2,1.000,0.577,0.000
2040,638,YPR199C,2,1.000,0.577,0.000
2041,639,YPL208W,3,1.000,0.500,0.000
2042,639,YBR030W,3,1.000,0.500,0.000
2043,639,YDR257C,3,1.000,0.500,0.000
2044,639,YDR198C,3,1.000,0.500,0.000
2045,640,YOR051C,1,1.000,0.707,0.000
2046,640,YER049W,1,1.000,0.707,0.000
2047,641,YOL070C,2,1.000,0.577,0.000
2048,641,YPL158C,2,1.000,0.577,0.000
2049,641,YNL078W,2,1.000,0.577,0.000
2050,642,YDL243C,2,1.000,0.577,0.000
2051,642,YFL056C,2,1.000,0.577,0.000
2052,642,YFL057C,2,1.000,0.577,0.000
2053,643,YOR053W,1,1.000,0.707,0.000
2054,643,YAL004W,1,1.000,0.707,0.000
2055,644,YDR545C-A,1,1.000,0.707,0.000
2056,644,YDR545W,1,1.000,0.707,0.000
2057,645,YOR396W,1,0.500,0.500,0.000
2058,645,YOR394C-A,1,0.500,0.500,0.000
2059,646,YML076C,1,1.000,0.707,0.000
2060,646,YPL058C,1,1.000,0.707,0.000
2061,647,YMR204C,1,1.000,0.707,0.000
2062,647,YMR163C,1,1.000,0.707,0.000
2063,648,YOL132W,1,0.250,0.354,0.000
2064,648,YMR215W,1,0.250,0.354,0.000
2065,648,YLR343W,1,0.250,0.354,0.000
2066,648,YOL030W,1,0.250,0.354,0.000
2067,649,YDR514C,1,1.000,0.707,0.000
2068,649,YOR252W,1,1.000,0.707,0.000
2069,650,YLR246W,1,1.000,0.707,0.000
2070,650,YOL110W,1,1.000,0.707,0.000
2071,651,YIR003W,1,1.000,0.707,0.000
2072,651,YER071C,1,1.000,0.707,0.000
2073,652,YPL177C,1,0.500,0.500,0.000
2074,652,YPR194C,1,0.500,0.500,0.000
2075,653,YFR018C,1,1.000,0.707,0.000
2076,653,YDL144C,1,1.000,0.707,0.000
2077,654,YOR255W,1,1.000,0.707,0.000
2078,654,YOR242C,1,1.000,0.707,0.000
2079,655,YJL059W,0,1.000,1.000,0.000
2080,656,YCL001W-A,2,1.000,0.577,0.000
2081,656,YCL042W,2,1.000,0.577,0.000
2082,656,YCR024C-B,2,1.000,0.577,0.000
2083,657,YBL048W,1,1.000,0.707,0.000
2084,657,YBL049W,1,1.000,0.707,0.000
2085,658,YGL139W,1,0.500,0.500,0.000
2086,658,YGL146C,1,0.500,0.500,0.000
2087,659,YHR101C,1,1.000,0.707,0.000
2088,659,YMR200W,1,1.000,0.707,0.000
2089,660,YLR065C,1,1.000,0.707,0.000
2090,660,YDR186C,1,1.000,0.707,0.000
2091,661,YPL075W,1,0.500,0.500,0.000
2092,661,YOR344C,1,0.500,0.500,0.000
2093,662,YLL025W,10,0.500,0.127,0.001
2094,662,YLR037C,12,0.600,0.152,0.002
2095,662,YHL046C,17,0.850,0.219,0.000
2096,662,YOL161C,17,0.850,0.219,0.000
2097,662,YAR020C,8,0.400,0.106,0.000
2098,662,YGL261C,17,0.850,0.219,0.000
2099,662,YDR542W,17,0.850,0.219,0.000
2100,662,YAL068C,17,0.850,0.219,0.000
2101,663,YNL149C,1,1.000,0.707,0.000
2102,663,YNL158W,1,1.000,0.707,0.000
2103,664,YNR044W,1,1.000,0.707,0.000
2104,664,YCR089W,1,1.000,0.707,0.000
2105,665,YDL046W,1,0.500,0.500,0.000
2106,665,YOR032C,1,0.500,0.500,0.000
2107,666,YER035W,1,1.000,0.707,0.000
2108,666,YGL222C,1,1.000,0.707,0.000
2109,667,YHR139C,1,0.500,0.500,0.000
2110,667,YDR402C,1,0.500,0.500,0.000
2111,668,YLL059C,1,0.500,0.500,0.000
2112,668,YML131W,1,0.500,0.500,0.000
2113,669,YKL164C,1,1.000,0.707,0.000
2114,669,YJL159W,1,1.000,0.707,0.000
2115,670,YGR045C,1,1.000,0.707,0.000
2116,670,YDR250C,1,1.000,0.707,0.000
2117,671,YER039C,1,1.000,0.707,0.000
2118,671,YER039C-A,1,1.000,0.707,0.000
2119,672,YBL113C,3,1.000,0.500,0.000
2120,672,YBL111C,3,1.000,0.500,0.000
2121,672,YBL109W,3,1.000,0.500,0.000
2122,672,YBL113W-A,3,1.000,0.500,0.000
2123,673,YEL004W,1,1.000,0.707,0.000
2124,673,YML038C,1,1.000,0.707,0.000
2125,674,YER158C,1,1.000,0.707,0.000
2126,674,YDR085C,1,1.000,0.707,0.000
2127,675,YKL047W,1,1.000,0.707,0.000
2128,675,YPL199C,1,1.000,0.707,0.000
2129,676,YLR463C,1,1.000,0.707,0.000
2130,676,YLR465C,1,1.000,0.707,0.000
2131,677,YLR467C-A,1,1.000,0.707,0.000
2132,677,YLR466C-B,1,1.000,0.707,0.000
2133,678,YER119C,1,0.333,0.372,0.000
2134,678,YBR293W,1,0.333,0.372,0.000
2135,679,YLR076C,1,0.500,0.500,0.000
2136,679,YPR044C,1,0.500,0.500,0.000
2137,680,YBL108W,1,0.250,0.271,0.000
2138,680,YDR544C,1,0.250,0.271,0.000
2139,681,YHR219W,0,1.000,1.000,0.000
2140,682,YNL338W,1,0.250,0.217,0.000
2141,682,YFL063W,2,0.500,0.412,0.000
2142,682,YNR077C,2,0.500,0.412,0.000
2143,683,YER190W,2,1.000,0.577,0.000
2144,683,YER188C-A,2,1.000,0.577,0.000
2145,683,YER189W,2,1.000,0.577,0.000
2146,684,YHL049C,0,1.000,1.000,0.000
2147,685,YHL050W-A,1,1.000,0.707,0.000
2148,685,YCL012C,1,1.000,0.707,0.000
2149,686,YNL034W,2,0.500,0.408,0.056
2150,686,YFL051C,2,0.500,0.408,0.056
2151,686,YNL018C,2,0.500,0.408,0.056
2152,687,YIL088C,1,1.000,0.707,0.000
2153,687,YKL146W,1,1.000,0.707,0.000
