,cluster,protein,degree,degree_centrality,eigenvector_centrality,betweenness_centrality
0,0,Q0142,1,0.143,0.078,0.000
1,0,Q0092,2,0.286,0.161,0.000
2,1,YMR301C,10,0.625,0.201,0.000
3,1,YLR369W,10,0.625,0.199,0.001
4,1,YOR226C,12,0.750,0.234,0.003
5,1,YAL046C,7,0.438,0.129,0.001
6,1,YAL044W-A,6,0.375,0.111,0.000
7,2,YDR376W,0,0.000,0.000,0.000
8,2,YEL030W,2,0.400,0.307,0.000
9,3,YPR161C,9,0.101,0.027,0.000
10,3,YDL115C,6,0.067,0.034,0.000
11,3,YJR072C,4,0.045,0.020,0.000
12,3,YJR052W,6,0.067,0.019,0.000
13,3,YDR030C,0,0.000,0.000,0.000
14,3,YMR039C,3,0.034,0.016,0.000
15,3,YBR279W,9,0.101,0.033,0.000
16,3,YLR226W,9,0.101,0.022,0.001
17,3,YJL148W,7,0.079,0.029,0.000
18,3,YPL228W,3,0.034,0.004,0.000
19,3,YBR236C,5,0.056,0.014,0.002
20,3,YER161C,1,0.011,0.002,0.000
21,3,YBR114W,5,0.056,0.014,0.000
22,3,YFR016C,0,0.000,0.000,0.000
23,3,YJR017C,3,0.034,0.013,0.000
24,3,YPR133C,8,0.090,0.028,0.000
25,3,YDR289C,5,0.056,0.023,0.000
26,3,YDR156W,7,0.079,0.029,0.000
27,3,YGL130W,4,0.045,0.011,0.001
28,3,YML112W,5,0.056,0.015,0.000
29,3,YOR352W,10,0.112,0.036,0.000
30,3,YDR527W,0,0.000,0.000,0.000
31,3,YKL054C,0,0.000,0.000,0.000
32,4,YBL022C,0,0.000,0.000,0.000
33,4,YPL159C,0,0.000,0.000,0.000
34,4,YIL070C,0,0.000,0.000,0.000
35,5,YML015C,13,0.271,0.146,0.000
36,5,YPL011C,13,0.271,0.146,0.000
37,5,YML114C,13,0.271,0.146,0.000
38,5,YCR042C,13,0.271,0.146,0.000
39,5,YPL082C,6,0.125,0.049,0.005
40,5,YMR005W,13,0.271,0.146,0.000
41,5,YDL070W,2,0.042,0.017,0.000
42,5,YAL001C,9,0.188,0.062,0.000
43,5,YPL047W,13,0.271,0.139,0.000
44,5,YER159C,3,0.062,0.024,0.000
45,5,YDR362C,11,0.229,0.080,0.002
46,5,YPR186C,7,0.146,0.059,0.000
47,5,YBR123C,13,0.271,0.096,0.009
48,5,YBR111W-A,13,0.271,0.139,0.000
49,5,YDR397C,3,0.062,0.024,0.000
50,5,YOR110W,8,0.167,0.059,0.000
51,5,YPL007C,8,0.167,0.059,0.000
52,5,YDR005C,2,0.042,0.015,0.000
53,6,YIL001W,0,0.000,0.000,0.000
54,6,YNL311C,1,0.030,0.040,0.000
55,6,YER143W,0,0.000,0.000,0.000
56,6,YDR202C,2,0.061,0.044,0.000
57,6,YDR332W,0,0.000,0.000,0.000
58,6,YLR352W,2,0.061,0.076,0.000
59,6,YNL230C,2,0.061,0.051,0.000
60,6,YER116C,2,0.061,0.040,0.000
61,6,YOR080W,2,0.061,0.076,0.000
62,6,YJL149W,1,0.030,0.040,0.000
63,6,YDR306C,0,0.000,0.000,0.000
64,6,YJR033C,2,0.061,0.044,0.000
65,6,YNL159C,0,0.000,0.000,0.000
66,7,YER057C,0,0.000,0.000,0.000
67,7,YHR187W,6,0.300,0.175,0.001
68,7,YJR097W,5,0.250,0.055,0.000
69,7,YLR172C,6,0.300,0.087,0.010
70,7,YNR046W,6,0.300,0.162,0.009
71,7,YIL103W,6,0.300,0.087,0.010
72,7,YAL020C,1,0.050,0.023,0.000
73,7,YKL191W,6,0.300,0.087,0.010
74,7,YBR246W,5,0.250,0.055,0.000
75,8,YGR123C,3,0.130,0.081,0.000
76,8,YIL016W,0,0.000,0.000,0.000
77,8,YLR090W,2,0.087,0.029,0.004
78,8,YMR161W,0,0.000,0.000,0.000
79,8,YGR285C,3,0.130,0.041,0.005
80,8,YGR268C,0,0.000,0.000,0.000
81,8,YNL077W,1,0.043,0.026,0.000
82,9,YKL017C,3,0.028,0.020,0.000
83,9,YOR329C,1,0.009,0.001,0.000
84,9,YER071C,0,0.000,0.000,0.000
85,9,YKL005C,1,0.009,0.000,0.000
86,9,YFR024C-A,1,0.009,0.001,0.000
87,9,YKL079W,1,0.009,0.001,0.000
88,9,YFR014C,0,0.000,0.000,0.000
89,9,YCR082W,4,0.037,0.017,0.000
90,9,YLR455W,5,0.046,0.018,0.000
91,9,YOR035C,4,0.037,0.003,0.001
92,9,YNL020C,3,0.028,0.003,0.000
93,9,YPR154W,4,0.037,0.003,0.000
94,9,YCL034W,0,0.000,0.000,0.000
95,9,YOR239W,2,0.018,0.013,0.000
96,9,YPR085C,3,0.028,0.011,0.000
97,9,YNL152W,2,0.018,0.002,0.000
98,9,YCR060W,4,0.037,0.019,0.000
99,9,YDR063W,4,0.037,0.005,0.000
100,9,YHR034C,5,0.046,0.020,0.000
101,9,YGR136W,4,0.037,0.003,0.000
102,9,YOR367W,4,0.037,0.015,0.000
103,9,YBR108W,0,0.000,0.000,0.000
104,9,YPR171W,0,0.000,0.000,0.000
105,9,YKR090W,0,0.000,0.000,0.000
106,9,YNL094W,1,0.009,0.001,0.000
107,9,YLR144C,0,0.000,0.000,0.000
108,9,YKL007W,5,0.046,0.004,0.018
109,9,YJR136C,5,0.046,0.026,0.000
110,9,YHR040W,2,0.018,0.017,0.000
111,9,YGR211W,0,0.000,0.000,0.000
112,9,YGL106W,3,0.028,0.013,0.000
113,10,YFR038W,0,0.000,0.000,0.000
114,10,YHR109W,2,0.048,0.019,0.000
115,10,YGL060W,2,0.048,0.038,0.000
116,10,YER030W,1,0.024,0.012,0.000
117,10,YMR176W,3,0.071,0.008,0.000
118,10,YPL055C,0,0.000,0.000,0.000
119,10,YJR119C,4,0.095,0.054,0.000
120,10,YDR096W,4,0.095,0.035,0.010
121,10,YMR179W,0,0.000,0.000,0.000
122,10,YER169W,4,0.095,0.035,0.010
123,10,YNL186W,1,0.024,0.014,0.000
124,11,YOL145C,0,1.000,1.000,0.000
125,12,YJR035W,0,1.000,1.000,0.000
126,13,YMR269W,4,0.019,0.003,0.000
127,13,YNL035C,1,0.005,0.001,0.000
128,13,YDR184C,5,0.024,0.003,0.000
129,13,YOL144W,9,0.044,0.005,0.000
130,13,YDR194C,22,0.107,0.016,0.000
131,13,YDR412W,19,0.092,0.014,0.000
132,13,YER156C,1,0.005,0.001,0.000
133,13,YIR026C,53,0.257,0.034,0.000
134,13,YIL104C,6,0.029,0.003,0.000
135,13,YDR361C,48,0.233,0.033,0.001
136,13,YGR187C,12,0.058,0.009,0.000
137,13,YLR336C,46,0.223,0.032,0.000
138,13,YDL063C,57,0.277,0.040,0.001
139,13,YLR068W,3,0.015,0.002,0.000
140,13,YER036C,53,0.257,0.035,0.000
141,13,YDR514C,0,0.000,0.000,0.000
142,13,YDL167C,9,0.044,0.006,0.000
143,13,YDR174W,23,0.112,0.016,0.000
144,13,YLR401C,1,0.005,0.001,0.000
145,13,YPL239W,3,0.015,0.002,0.000
146,13,YJR041C,22,0.107,0.015,0.000
147,13,YMR239C,25,0.121,0.017,0.000
148,13,YER168C,0,0.000,0.000,0.000
149,13,YOR061W,57,0.277,0.040,0.000
150,13,YOR119C,28,0.136,0.019,0.000
151,13,YNL175C,54,0.262,0.039,0.000
152,13,YOL022C,3,0.015,0.002,0.000
153,13,YLR022C,7,0.034,0.004,0.000
154,13,YGL019W,58,0.282,0.040,0.000
155,13,YKR056W,25,0.121,0.019,0.000
156,13,YBR034C,37,0.180,0.027,0.000
157,13,YLR449W,51,0.248,0.037,0.000
158,13,YAL059W,57,0.277,0.037,0.000
159,13,YPR204W,1,0.005,0.001,0.000
160,13,YDR161W,39,0.189,0.027,0.000
161,13,YJR091C,1,0.005,0.001,0.000
162,13,YNL124W,34,0.165,0.025,0.001
163,13,YKL014C,46,0.223,0.032,0.000
164,13,YJL122W,45,0.218,0.029,0.000
165,13,YGL014W,1,0.005,0.001,0.000
166,13,YHR089C,29,0.141,0.018,0.000
167,13,YOL080C,28,0.136,0.020,0.000
168,13,YNL163C,4,0.019,0.002,0.000
169,13,YPL263C,3,0.015,0.002,0.000
170,13,YNL227C,52,0.252,0.033,0.000
171,13,YBR192W,3,0.015,0.002,0.000
172,13,YCR016W,6,0.029,0.003,0.000
173,13,YOR309C,11,0.053,0.009,0.000
174,13,YGR271C-A,29,0.141,0.019,0.000
175,13,YLR221C,57,0.277,0.036,0.001
176,13,YOR039W,51,0.248,0.036,0.000
177,13,YOR046C,43,0.209,0.030,0.000
178,14,YNL251C,4,0.138,0.026,0.000
179,14,YNL299W,7,0.241,0.073,0.001
180,14,YDR374C,1,0.034,0.017,0.000
181,14,YOR017W,0,0.000,0.000,0.000
182,14,YLR430W,5,0.172,0.029,0.001
183,14,YDR370C,0,0.000,0.000,0.000
184,14,YDR293C,4,0.138,0.061,0.000
185,14,YPL190C,7,0.241,0.048,0.003
186,15,YOR274W,0,0.000,0.000,0.000
187,15,YDR140W,0,0.000,0.000,0.000
188,15,YIL025C,0,0.000,0.000,0.000
189,15,YLR405W,0,0.000,0.000,0.000
190,15,YJL035C,0,0.000,0.000,0.000
191,16,YEL063C,2,0.154,0.098,0.000
192,16,YBR068C,0,0.000,0.000,0.000
193,16,YOR128C,3,0.231,0.109,0.035
194,16,YGR061C,2,0.154,0.073,0.006
195,17,YHR144C,2,0.333,0.234,0.000
196,17,YER056C,1,0.167,0.130,0.000
197,18,YBR079C,61,0.367,0.032,0.000
198,18,YDR091C,81,0.488,0.043,0.013
199,18,YMR309C,61,0.367,0.032,0.000
200,18,YFR032C-A,142,0.855,0.081,0.000
201,18,YGR169C-A,2,0.012,0.001,0.000
202,18,YPR016C,82,0.494,0.046,0.001
203,18,YNL002C,139,0.837,0.079,0.000
204,18,YEL034W,91,0.548,0.052,0.000
205,18,YDL130W,141,0.849,0.081,0.000
206,18,YOR234C,142,0.855,0.081,0.000
207,18,YDL133C-A,1,0.006,0.001,0.000
208,18,YDR429C,86,0.518,0.047,0.000
209,18,YPL079W,142,0.855,0.081,0.000
210,18,YLR185W,141,0.849,0.081,0.000
211,18,YOR361C,71,0.428,0.038,0.000
212,18,YDR500C,140,0.843,0.080,0.000
213,18,YNL244C,61,0.367,0.032,0.000
214,18,YLR192C,44,0.265,0.023,0.000
215,18,YPL048W,81,0.488,0.046,0.000
216,18,YNL069C,140,0.843,0.080,0.000
217,18,YIL052C,141,0.849,0.081,0.000
218,18,YGR054W,61,0.367,0.034,0.000
219,18,YJL136C,142,0.855,0.081,0.000
220,18,YKL081W,92,0.554,0.052,0.000
221,18,YMR146C,105,0.633,0.057,0.001
222,18,YPL037C,44,0.265,0.025,0.000
223,18,YPL249C-A,141,0.849,0.081,0.000
224,18,YPR041W,52,0.313,0.028,0.000
225,18,YJR067C,1,0.006,0.000,0.000
226,18,YAL003W,138,0.831,0.078,0.002
227,18,YDR417C,1,0.006,0.001,0.000
228,18,YLR150W,68,0.410,0.040,0.000
229,18,YFL034C-A,139,0.837,0.080,0.000
230,18,YLR387C,12,0.072,0.007,0.000
231,18,YKL056C,133,0.801,0.077,0.000
232,18,YMR260C,69,0.416,0.037,0.000
233,18,YNL001W,41,0.247,0.024,0.000
234,18,YIL148W,142,0.855,0.081,0.001
235,18,YGR034W,140,0.843,0.081,0.000
236,18,YHR193C,85,0.512,0.049,0.000
237,18,YGR201C,6,0.036,0.004,0.000
238,18,YDL081C,142,0.855,0.081,0.000
239,18,YPL198W,142,0.855,0.081,0.000
240,18,YNL209W,37,0.223,0.022,0.000
241,18,YAL035W,123,0.741,0.068,0.001
242,19,YBR118W,0,1.000,1.000,0.000
243,20,YNL122C,38,0.458,0.076,0.001
244,20,YNR022C,14,0.169,0.028,0.000
245,20,YGR150C,1,0.012,0.002,0.000
246,20,YPR099C,1,0.012,0.002,0.000
247,20,YBR268W,37,0.446,0.074,0.004
248,20,YDR116C,43,0.518,0.087,0.000
249,20,YGL107C,1,0.012,0.001,0.000
250,20,YLR069C,12,0.145,0.022,0.000
251,20,YKL155C,28,0.337,0.054,0.000
252,20,Q0140,32,0.386,0.061,0.000
253,20,YMR225C,3,0.036,0.005,0.000
254,20,YDL202W,27,0.325,0.054,0.001
255,20,YGL068W,43,0.518,0.084,0.001
256,20,YDR494W,31,0.373,0.058,0.024
257,20,YHR038W,17,0.205,0.033,0.000
258,20,YJL096W,18,0.217,0.036,0.000
259,20,YDR115W,43,0.518,0.085,0.001
260,20,YKL011C,0,0.000,0.000,0.000
261,20,YOR158W,34,0.410,0.064,0.000
262,20,YGR084C,36,0.434,0.068,0.000
263,20,YKR006C,21,0.253,0.042,0.000
264,21,YER025W,8,0.800,0.333,0.000
265,21,YLR291C,8,0.800,0.333,0.000
266,21,YHR115C,0,0.000,0.000,0.000
267,21,YDR211W,8,0.800,0.333,0.000
268,21,YOR260W,8,0.800,0.333,0.000
269,21,YNL116W,0,0.000,0.000,0.000
270,21,YPL237W,8,0.800,0.333,0.000
271,21,YGR083C,8,0.800,0.333,0.000
272,21,YKR026C,8,0.800,0.333,0.000
273,21,YDR283C,8,0.800,0.333,0.000
274,21,YJR007W,8,0.800,0.333,0.000
275,22,YHL013C,0,0.000,0.000,0.000
276,22,YLR436C,0,0.000,0.000,0.000
277,22,YML088W,0,0.000,0.000,0.000
278,23,YGR161C,2,0.087,0.059,0.000
279,23,YMR273C,2,0.087,0.040,0.000
280,23,YNL157W,3,0.130,0.036,0.000
281,23,YOR073W,1,0.043,0.021,0.000
282,23,YHR132W-A,3,0.130,0.036,0.000
283,23,YFL033C,3,0.130,0.036,0.000
284,24,YPR080W,0,1.000,1.000,0.000
285,25,YDR188W,5,0.357,0.205,0.000
286,25,YDR183W,0,0.000,0.000,0.000
287,25,YDL143W,5,0.357,0.205,0.000
288,25,YFL023W,1,0.071,0.059,0.000
289,25,YMR074C,3,0.214,0.172,0.000
290,25,YJL014W,5,0.357,0.205,0.000
291,25,YJL179W,5,0.357,0.270,0.000
292,25,YJL111W,5,0.357,0.205,0.000
293,25,YEL003W,5,0.357,0.270,0.000
294,26,YPR010C-A,2,0.034,0.012,0.000
295,26,YGR243W,1,0.017,0.007,0.000
296,26,YDL069C,0,0.000,0.000,0.000
297,26,YEL059C-A,0,0.000,0.000,0.000
298,26,YIR021W,0,0.000,0.000,0.000
299,26,Q0065,6,0.103,0.032,0.000
300,26,Q0050,5,0.086,0.031,0.000
301,26,YBL030C,6,0.103,0.040,0.000
302,26,YGR174C,3,0.052,0.021,0.000
303,26,YPR021C,2,0.034,0.013,0.000
304,26,YHR162W,1,0.017,0.007,0.000
305,26,Q0060,4,0.069,0.025,0.000
306,26,YBR120C,0,0.000,0.000,0.000
307,26,YDR379C-A,2,0.034,0.009,0.000
308,26,Q0055,0,0.000,0.000,0.000
309,26,YLR164W,5,0.086,0.018,0.000
310,27,YDR305C,0,0.000,0.000,0.000
311,28,YFL036W,2,1.000,0.577,0.000
312,28,YLR067C,2,1.000,0.577,0.000
313,28,YDL044C,2,1.000,0.577,0.000
314,29,YBR037C,0,0.000,0.000,0.000
315,29,YBR024W,1,0.125,0.113,0.000
316,29,YGR021W,1,0.125,0.108,0.000
317,29,YPL189C-A,1,0.125,0.113,0.000
318,30,YNR020C,0,0.000,0.000,0.000
319,30,YCL005W-A,7,0.233,0.068,0.000
320,30,YDR322C-A,10,0.333,0.113,0.000
321,30,YNL315C,2,0.067,0.026,0.000
322,30,YOR161C,0,0.000,0.000,0.000
323,30,Q0160,1,0.033,0.010,0.000
324,30,YHR132C,0,0.000,0.000,0.000
325,30,YLR294C,1,0.033,0.009,0.000
326,31,Q0110,0,1.000,1.000,0.000
327,32,Q0115,1,1.000,0.707,0.000
328,32,Q0075,1,1.000,0.707,0.000
329,33,YKL137W,1,0.059,0.018,0.000
330,33,YKL084W,1,0.059,0.025,0.000
331,33,YMR038C,7,0.412,0.168,0.000
332,33,YDR185C,0,0.000,0.000,0.000
333,33,YJR034W,4,0.235,0.099,0.000
334,34,YDR197W,0,1.000,1.000,0.000
335,35,YPL215W,0,1.000,1.000,0.000
336,36,YOR266W,1,1.000,0.707,0.000
337,36,YGR062C,1,1.000,0.707,0.000
338,37,YDR231C,0,1.000,1.000,0.000
339,38,YDR296W,0,1.000,1.000,0.000
340,39,YDR035W,5,0.227,0.133,0.000
341,39,YFR025C,2,0.091,0.053,0.000
342,39,YBR166C,5,0.227,0.161,0.003
343,39,YNR033W,5,0.227,0.147,0.006
344,39,YMR289W,2,0.091,0.064,0.000
345,39,YHR063C,0,0.000,0.000,0.000
346,39,YBR235W,1,0.045,0.048,0.000
347,39,YBR249C,5,0.227,0.133,0.000
348,39,YDR354W,4,0.182,0.130,0.001
349,40,YDR073W,10,0.385,0.096,0.000
350,40,YFL049W,10,0.385,0.096,0.000
351,40,YBR089C-A,1,0.038,0.015,0.000
352,40,YPR052C,2,0.077,0.030,0.000
353,40,YPL016W,10,0.385,0.096,0.000
354,40,YHL025W,10,0.385,0.096,0.000
355,40,YNR023W,14,0.538,0.147,0.008
356,41,YCR053W,0,1.000,1.000,0.000
357,42,YLR273C,4,0.105,0.018,0.000
358,42,YKL159C,3,0.079,0.004,0.000
359,42,YPL179W,0,0.000,0.000,0.000
360,42,YIL045W,4,0.105,0.018,0.000
361,42,YDR099W,3,0.079,0.016,0.000
362,42,YBR050C,4,0.105,0.018,0.000
363,42,YMR206W,0,0.000,0.000,0.000
364,42,YMR311C,2,0.053,0.015,0.000
365,42,YER177W,4,0.105,0.017,0.001
366,42,YBL046W,3,0.079,0.017,0.000
367,42,YDR130C,4,0.105,0.017,0.001
368,42,YBL051C,0,0.000,0.000,0.000
369,43,YPL138C,6,0.857,0.378,0.000
370,43,YLR015W,6,0.857,0.378,0.000
371,43,YDR469W,6,0.857,0.378,0.000
372,43,YBR175W,6,0.857,0.378,0.000
373,43,YAR003W,6,0.857,0.378,0.000
374,43,YPL165C,0,0.000,0.000,0.000
375,43,YHR119W,6,0.857,0.378,0.000
376,43,YBR258C,6,0.857,0.378,0.000
377,44,YBR237W,22,0.227,0.047,0.001
378,44,YGR013W,33,0.340,0.073,0.004
379,44,YKL183W,1,0.010,0.003,0.000
380,44,YFR005C,9,0.093,0.021,0.000
381,44,YHR156C,16,0.165,0.040,0.000
382,44,YGR075C,27,0.278,0.061,0.000
383,44,YOR148C,4,0.041,0.008,0.000
384,44,YNL286W,17,0.175,0.040,0.000
385,44,YGL064C,3,0.031,0.007,0.000
386,44,YBR119W,33,0.340,0.072,0.012
387,44,YGL128C,16,0.165,0.036,0.000
388,44,YMR268C,14,0.144,0.027,0.000
389,44,YKL149C,2,0.021,0.002,0.000
390,44,YPR169W,0,0.000,0.000,0.000
391,44,YPR152C,4,0.041,0.006,0.000
392,44,YNL187W,2,0.021,0.003,0.000
393,44,YPR057W,3,0.031,0.007,0.000
394,44,YGR093W,5,0.052,0.009,0.001
395,44,YDR240C,31,0.320,0.072,0.000
396,44,YKR022C,13,0.134,0.027,0.000
397,44,YKL074C,33,0.340,0.069,0.002
398,44,YLR424W,28,0.289,0.061,0.001
399,44,YBL074C,16,0.165,0.040,0.000
400,44,YNR032C-A,13,0.134,0.028,0.002
401,44,YDR235W,32,0.330,0.074,0.000
402,44,YIL041W,1,0.010,0.002,0.000
403,44,YBR188C,15,0.155,0.031,0.000
404,45,YGR208W,1,1.000,0.707,0.000
405,45,YOR184W,1,1.000,0.707,0.000
406,46,YNR004W,0,0.000,0.000,0.000
407,47,YOL063C,2,0.031,0.015,0.000
408,47,YDR014W-A,1,0.015,0.011,0.000
409,47,YDR499W,7,0.108,0.049,0.000
410,47,YAL019W,3,0.046,0.021,0.000
411,47,YDR363W,3,0.046,0.028,0.000
412,47,YDL156W,1,0.015,0.008,0.000
413,47,YDR263C,5,0.077,0.039,0.000
414,47,YDR369C,2,0.031,0.010,0.000
415,47,YMR137C,4,0.062,0.029,0.000
416,47,YLR035C,4,0.062,0.020,0.000
417,47,YER142C,1,0.015,0.006,0.000
418,47,YNL218W,3,0.046,0.020,0.000
419,47,YAL027W,3,0.046,0.018,0.000
420,47,YLR247C,1,0.015,0.004,0.000
421,47,YHR134W,0,0.000,0.000,0.000
422,47,YOR258W,0,0.000,0.000,0.000
423,47,YOR191W,4,0.062,0.032,0.000
424,48,YIR001C,0,0.000,0.707,0.000
425,48,YMR061W,0,0.000,0.707,0.000
426,49,YKR063C,0,0.000,0.000,0.000
427,50,YOR348C,1,0.125,0.073,0.000
428,50,YHR033W,3,0.375,0.224,0.000
429,50,YKL015W,2,0.250,0.151,0.000
430,51,YDL212W,0,0.000,0.000,0.000
431,51,YGR055W,1,0.050,0.085,0.000
432,51,YMR171C,1,0.050,0.116,0.000
433,51,YPR030W,1,0.050,0.116,0.000
434,51,YPL176C,1,0.050,0.116,0.000
435,51,YBR021W,1,0.050,0.116,0.000
436,51,YDR525W-A,0,0.000,0.000,0.000
437,51,YGR068C,1,0.050,0.116,0.000
438,51,YOR138C,1,0.050,0.116,0.000
439,51,YLR392C,1,0.050,0.116,0.000
440,51,YDL122W,0,0.000,0.000,0.000
441,51,YNR051C,0,0.000,0.000,0.000
442,52,YDR457W,0,0.000,0.000,0.000
443,52,YDL020C,0,0.000,0.000,0.000
444,52,YGL017W,0,0.000,0.000,0.000
445,53,YER151C,0,1.000,1.000,0.000
446,54,YCL001W,3,0.068,0.035,0.000
447,54,YFR041C,2,0.045,0.038,0.000
448,54,YLR104W,0,0.000,0.000,0.000
449,54,YDR519W,3,0.068,0.023,0.008
450,54,YDR304C,2,0.045,0.016,0.000
451,54,YHR057C,2,0.045,0.016,0.000
452,54,YBR219C,1,0.023,0.021,0.000
453,54,YOL031C,2,0.045,0.035,0.000
454,54,YDR438W,0,0.000,0.000,0.000
455,54,YFL031W,3,0.068,0.040,0.000
456,54,YDL229W,0,0.000,0.000,0.000
457,54,YBR287W,0,0.000,0.000,0.000
458,54,YPR037C,1,0.023,0.007,0.000
459,54,YBR220C,1,0.023,0.021,0.000
460,55,YPL241C,4,0.400,0.203,0.004
461,55,YMR198W,0,0.000,0.000,0.000
462,55,YPL253C,0,0.000,0.000,0.000
463,56,YLR243W,0,0.000,0.707,0.000
464,56,YOR262W,0,0.000,0.707,0.000
465,57,YER019W,4,0.286,0.132,0.002
466,57,YMR272C,4,0.286,0.128,0.000
467,57,YMR298W,4,0.286,0.128,0.000
468,57,YDR294C,4,0.286,0.137,0.000
469,57,YDR541C,0,0.000,0.000,0.000
470,58,YDL114W,0,1.000,1.000,0.000
471,59,YDR372C,1,0.056,0.061,0.000
472,59,YDL019C,0,0.000,0.000,0.000
473,59,YMR124W,0,0.000,0.000,0.000
474,59,YHR073W,2,0.111,0.077,0.000
475,59,YKL051W,0,0.000,0.000,0.000
476,60,YBR283C,0,1.000,1.000,0.000
477,61,YML116W,0,0.000,0.000,0.000
478,62,YEL052W,1,0.012,0.001,0.000
479,62,YPL096W,3,0.035,0.006,0.000
480,62,YBR273C,5,0.058,0.004,0.000
481,62,YJL139C,2,0.023,0.000,0.000
482,62,YER100W,2,0.023,0.000,0.000
483,62,YLR021W,4,0.047,0.006,0.000
484,62,YEL012W,0,0.000,0.000,0.000
485,62,YJR036C,1,0.012,0.005,0.000
486,62,YJL048C,2,0.023,0.003,0.000
487,62,YLR137W,1,0.012,0.003,0.000
488,62,YER144C,0,0.000,0.000,0.000
489,62,YPL144W,6,0.070,0.014,0.001
490,62,YBL057C,0,0.000,0.000,0.000
491,62,YAL042W,0,0.000,0.000,0.000
492,62,YDR333C,5,0.058,0.004,0.021
493,62,YNL155W,1,0.012,0.003,0.000
494,62,YDR411C,6,0.070,0.004,0.000
495,62,YDL110C,1,0.012,0.003,0.000
496,62,YDR143C,0,0.000,0.000,0.000
497,62,YML074C,2,0.023,0.003,0.000
498,62,YIL029C,0,0.000,0.000,0.000
499,62,YKR084C,1,0.012,0.000,0.000
500,62,YDR049W,6,0.070,0.005,0.000
501,62,YKL090W,0,0.000,0.000,0.000
502,62,YFL044C,6,0.070,0.009,0.000
503,63,YLR024C,0,1.000,1.000,0.000
504,64,YJL197W,0,0.000,0.000,0.000
505,64,YMR103C,0,0.000,0.000,0.000
506,64,YML078W,0,0.000,0.000,0.000
507,64,YNL047C,0,0.000,0.000,0.000
508,65,YBL105C,0,0.000,0.577,0.000
509,65,YGR229C,0,0.000,0.577,0.000
510,65,YER155C,0,0.000,0.577,0.000
511,66,YNL270C,2,1.000,0.577,0.000
512,66,YCR021C,2,1.000,0.577,0.000
513,66,YCR027C,2,1.000,0.577,0.000
514,67,YDL047W,0,1.000,1.000,0.000
515,68,YGL073W,0,0.000,0.500,0.000
516,68,YGR249W,0,0.000,0.500,0.000
517,68,YJR147W,0,0.000,0.500,0.000
518,68,YHR206W,0,0.000,0.500,0.000
519,69,YLL029W,0,0.000,0.000,0.000
520,69,YOR152C,2,0.071,0.034,0.000
521,69,YIL098C,0,0.000,0.000,0.000
522,69,YLR312C,3,0.107,0.059,0.003
523,69,YLR189C,0,0.000,0.000,0.000
524,69,YGL156W,3,0.107,0.055,0.001
525,69,YLR356W,2,0.071,0.032,0.000
526,69,YCR032W,1,0.036,0.028,0.000
527,69,YKR051W,1,0.036,0.028,0.000
528,69,YCR068W,3,0.107,0.085,0.000
529,70,YGL023C,2,0.500,0.307,0.000
530,70,YBR077C,3,0.750,0.439,0.000
531,70,YCR075W-A,3,0.750,0.439,0.000
532,71,YKL126W,0,0.000,0.707,0.000
533,71,YHR205W,0,0.000,0.707,0.000
534,72,YIL105C,0,1.000,1.000,0.000
535,73,YCL037C,3,0.500,0.329,0.000
536,73,YOR204W,3,0.500,0.329,0.000
537,73,YMR012W,0,0.000,0.000,0.000
538,74,YMR104C,0,1.000,1.000,0.000
539,75,YMR156C,5,0.714,0.302,0.286
540,75,YGL090W,5,0.714,0.357,0.000
541,75,YIL009C-A,1,0.143,0.055,0.000
542,75,YLR265C,5,0.714,0.357,0.000
543,76,YNL135C,0,1.000,1.000,0.000
544,77,YIL036W,0,0.000,0.000,0.000
545,77,YDR536W,2,0.050,0.037,0.000
546,77,YDR043C,0,0.000,0.000,0.000
547,77,YBR182C,2,0.050,0.040,0.000
548,77,YER089C,2,0.050,0.061,0.000
549,77,YDL230W,1,0.025,0.033,0.000
550,77,YDL073W,0,0.000,0.000,0.000
551,77,YLR176C,0,0.000,0.000,0.000
552,77,YDR034C,0,0.000,0.000,0.000
553,77,YPR115W,1,0.025,0.005,0.000
554,77,YLR248W,1,0.025,0.033,0.000
555,77,YOR255W,0,0.000,0.000,0.000
556,77,YGR097W,2,0.050,0.037,0.000
557,78,YJR155W,3,0.429,0.294,0.000
558,78,YJR154W,3,0.429,0.294,0.000
559,78,YGR065C,3,0.429,0.313,0.000
560,78,YDL141W,1,0.143,0.077,0.000
561,79,YDR047W,6,0.750,0.376,0.000
562,79,YDL205C,6,0.750,0.376,0.000
563,79,YDR232W,6,0.750,0.376,0.000
564,79,YOR278W,6,0.750,0.376,0.000
565,79,YLR205C,1,0.125,0.064,0.000
566,79,YDL119C,0,0.000,0.000,0.000
567,79,YGL040C,6,0.750,0.376,0.000
568,79,YOR176W,6,0.750,0.376,0.000
569,80,YPR048W,6,0.750,0.335,0.000
570,80,YKR071C,6,0.750,0.335,0.000
571,80,YNL260C,0,0.000,0.000,0.000
572,80,YDR267C,5,0.625,0.284,0.000
573,81,YOR295W,6,0.857,0.348,0.000
574,81,YBL025W,6,0.857,0.348,0.000
575,81,YKL125W,4,0.571,0.239,0.000
576,81,YMR270C,6,0.857,0.348,0.000
577,82,YFL021W,0,0.000,0.577,0.000
578,82,YDL106C,0,0.000,0.577,0.000
579,82,YEL009C,0,0.000,0.577,0.000
580,83,YLR271W,0,0.000,0.000,0.000
581,83,YJR074W,3,0.150,0.060,0.000
582,83,YDR395W,7,0.350,0.158,0.001
583,83,YOR112W,1,0.050,0.027,0.000
584,83,YGL097W,6,0.300,0.120,0.001
585,83,YMR235C,7,0.350,0.138,0.002
586,84,YPL248C,4,0.667,0.294,0.000
587,84,YBR018C,5,0.833,0.359,0.000
588,84,YLR081W,5,0.833,0.359,0.000
589,85,YBL091C,1,1.000,0.707,0.000
590,85,YLR244C,1,1.000,0.707,0.000
591,86,YHR112C,0,0.000,0.000,0.000
592,86,YNR029C,0,0.000,0.000,0.000
593,86,YJL004C,1,0.083,0.032,0.000
594,86,YMR185W,0,0.000,0.000,0.000
595,87,YFR009W,1,0.143,0.131,0.000
596,87,YKL134C,0,0.000,0.000,0.000
597,88,YKL119C,2,0.200,0.060,0.000
598,88,YGR105W,3,0.300,0.151,0.000
599,88,YHR060W,2,0.200,0.060,0.000
600,89,YJL180C,0,0.000,0.707,0.000
601,89,YLR393W,0,0.000,0.707,0.000
602,90,YER154W,1,1.000,0.707,0.000
603,90,YOL027C,1,1.000,0.707,0.000
604,91,YMR220W,10,0.385,0.126,0.001
605,91,YLR450W,11,0.423,0.142,0.001
606,91,YER044C,13,0.500,0.170,0.000
607,91,YNL111C,2,0.077,0.025,0.000
608,91,YPL170W,1,0.038,0.014,0.000
609,91,YDR213W,3,0.115,0.036,0.000
610,91,YPL069C,8,0.308,0.101,0.000
611,92,YGL155W,3,0.273,0.155,0.024
612,92,YJL031C,2,0.182,0.099,0.006
613,92,YIL049W,3,0.273,0.144,0.000
614,93,YOL008W,3,0.231,0.108,0.000
615,93,YPL109C,1,0.077,0.037,0.000
616,93,YDR539W,0,0.000,0.000,0.000
617,93,YHR176W,1,0.077,0.037,0.000
618,94,YDL013W,5,0.312,0.169,0.000
619,94,YMR219W,1,0.062,0.033,0.000
620,94,YML023C,5,0.312,0.111,0.000
621,94,YER038C,5,0.312,0.111,0.000
622,94,YLL035W,1,0.062,0.033,0.000
623,95,YKL176C,2,0.036,0.006,0.000
624,95,YFR040W,0,0.000,0.000,0.000
625,95,YIR011C,0,0.000,0.000,0.000
626,95,YOR022C,0,0.000,0.000,0.000
627,95,YPL085W,4,0.071,0.006,0.000
628,95,YMR255W,3,0.054,0.014,0.000
629,95,YHR035W,2,0.036,0.006,0.000
630,95,YKR028W,0,0.000,0.000,0.000
631,95,YDR458C,0,0.000,0.000,0.000
632,95,YGL122C,4,0.071,0.018,0.001
633,95,YJL098W,0,0.000,0.000,0.000
634,95,YIL063C,3,0.054,0.018,0.000
635,95,YCR067C,3,0.054,0.006,0.000
636,95,YNR026C,3,0.054,0.006,0.000
637,95,YGL229C,0,0.000,0.000,0.000
638,96,YBR082C,0,1.000,1.000,0.000
639,97,YIL131C,2,0.400,0.351,0.000
640,97,YCR065W,2,0.400,0.351,0.000
641,97,YMR042W,0,0.000,0.000,0.000
642,98,YPR007C,3,0.273,0.109,0.000
643,98,YER147C,6,0.545,0.216,0.000
644,98,YDR014W,6,0.545,0.217,0.000
645,99,YJL141C,0,1.000,1.000,0.000
646,100,YDR155C,5,0.185,0.054,0.000
647,100,YIL112W,5,0.185,0.054,0.000
648,100,YPL116W,5,0.185,0.057,0.002
649,100,YPR068C,4,0.148,0.043,0.000
650,100,YGL131C,1,0.037,0.015,0.000
651,100,YMR053C,4,0.148,0.050,0.000
652,100,YDR169C,2,0.074,0.020,0.000
653,101,YKL210W,0,0.000,0.707,0.000
654,101,YGL087C,0,0.000,0.707,0.000
655,102,YLR263W,3,0.158,0.067,0.002
656,102,YHR014W,1,0.053,0.051,0.000
657,102,YNL250W,2,0.105,0.059,0.000
658,102,YGL033W,4,0.211,0.135,0.003
659,102,YGL175C,2,0.105,0.059,0.000
660,102,YGL249W,4,0.211,0.110,0.006
661,103,YJL173C,7,0.117,0.029,0.000
662,103,YJR046W,14,0.233,0.066,0.000
663,103,YPL008W,7,0.117,0.021,0.000
664,103,YDR325W,18,0.300,0.074,0.001
665,103,YHR118C,20,0.333,0.087,0.000
666,103,YNL088W,14,0.233,0.054,0.001
667,103,YOR217W,12,0.200,0.046,0.000
668,103,YBL097W,13,0.217,0.051,0.000
669,103,YML058W-A,0,0.000,0.000,0.000
670,103,YCL061C,21,0.350,0.089,0.003
671,103,YIL139C,9,0.150,0.038,0.000
672,103,YBR252W,15,0.250,0.069,0.000
673,103,YGL113W,17,0.283,0.077,0.000
674,103,YLR272C,13,0.217,0.052,0.000
675,103,YOL006C,20,0.333,0.084,0.002
676,103,YHR191C,6,0.100,0.019,0.000
677,104,YLR215C,0,0.000,0.707,0.000
678,104,YDR092W,0,0.000,0.707,0.000
679,105,YDR314C,0,1.000,1.000,0.000
680,106,YDR295C,2,1.000,0.577,0.000
681,106,YPR179C,2,1.000,0.577,0.000
682,106,YNL021W,2,1.000,0.577,0.000
683,107,YCR077C,2,0.400,0.290,0.000
684,107,YDL053C,2,0.400,0.330,0.000
685,107,YJL124C,2,0.400,0.290,0.000
686,108,YOR285W,0,0.000,0.000,0.000
687,108,YER052C,4,0.308,0.166,0.000
688,108,YDR321W,3,0.231,0.157,0.001
689,108,YOR388C,0,0.000,0.000,0.000
690,109,YPL281C,11,0.579,0.164,0.007
691,109,YDL021W,11,0.579,0.165,0.007
692,109,YOL056W,11,0.579,0.165,0.007
693,109,YOR283W,9,0.474,0.130,0.005
694,109,YOL086C,11,0.579,0.187,0.000
695,110,YGL196W,0,0.000,0.000,0.000
696,110,YPR002W,0,0.000,0.000,0.000
697,111,YPL111W,4,0.500,0.279,0.000
698,111,YOR130C,3,0.375,0.213,0.000
699,111,YER175C,0,0.000,0.000,0.000
700,112,YPL262W,1,1.000,0.707,0.000
701,112,YDL078C,1,1.000,0.707,0.000
702,113,YMR300C,0,1.000,1.000,0.000
703,114,YGL237C,3,1.000,0.500,0.000
704,114,YOR358W,3,1.000,0.500,0.000
705,114,YKL109W,3,1.000,0.500,0.000
706,114,YBL021C,3,1.000,0.500,0.000
707,115,YMR292W,0,0.000,0.577,0.000
708,115,YIR028W,0,0.000,0.577,0.000
709,115,YBR208C,0,0.000,0.577,0.000
710,116,YER176W,0,0.000,0.000,0.000
711,117,YCL007C,1,0.083,0.053,0.000
712,117,YCL050C,2,0.167,0.063,0.000
713,117,YGL254W,0,0.000,0.000,0.000
714,117,YDR530C,2,0.167,0.063,0.000
715,118,YPL038W,3,0.750,0.394,0.000
716,118,YDR253C,3,0.750,0.394,0.000
717,119,YLL061W,0,0.000,0.000,0.000
718,119,YNL275W,1,0.062,0.032,0.000
719,119,YDR502C,3,0.188,0.075,0.000
720,119,YLR180W,4,0.250,0.105,0.003
721,119,YHR025W,4,0.250,0.113,0.000
722,120,YLR092W,0,1.000,1.000,0.000
723,121,YIL099W,0,0.000,0.000,0.000
724,121,YGR289C,0,0.000,0.000,0.000
725,122,YOL157C,0,0.000,0.000,0.000
726,122,YIL172C,0,0.000,0.000,0.000
727,122,YJL216C,0,0.000,0.000,0.000
728,122,YGR287C,0,0.000,0.000,0.000
729,123,YDR343C,2,0.222,0.134,0.000
730,123,YDR261C,0,0.000,0.000,0.000
731,123,YDR342C,2,0.222,0.134,0.000
732,123,YNR073C,0,0.000,0.000,0.000
733,124,YBR054W,0,0.000,0.000,0.000
734,124,YMR170C,1,0.014,0.015,0.000
735,124,YCR073W-A,0,0.000,0.000,0.000
736,124,YLR179C,0,0.000,0.000,0.000
737,124,YHR138C,1,0.014,0.014,0.000
738,124,YNL015W,0,0.000,0.000,0.000
739,124,YDL130W-A,2,0.029,0.024,0.000
740,124,YPL247C,0,0.000,0.000,0.000
741,124,YPL061W,1,0.014,0.015,0.000
742,124,YAL060W,0,0.000,0.000,0.000
743,124,YER073W,1,0.014,0.015,0.000
744,124,YBR230C,1,0.014,0.009,0.000
745,124,YNR034W,0,0.000,0.000,0.000
746,124,YMR110C,2,0.029,0.019,0.000
747,124,YOR238W,0,0.000,0.000,0.000
748,124,YNR034W-A,0,0.000,0.000,0.000
749,124,YMR251W-A,2,0.029,0.016,0.000
750,124,YLL023C,0,0.000,0.000,0.000
751,124,YPL103C,0,0.000,0.000,0.000
752,124,YIL165C,0,0.000,0.000,0.000
753,124,YKL150W,2,0.029,0.021,0.000
754,125,YGR044C,0,0.000,0.577,0.000
755,125,YOR279C,0,0.000,0.577,0.000
756,125,YJL106W,0,0.000,0.577,0.000
757,126,YAL017W,1,0.091,0.074,0.000
758,126,YOL045W,1,0.091,0.074,0.000
759,126,YLR177W,1,0.091,0.064,0.000
760,127,YBR241C,1,0.045,0.025,0.000
761,127,YBR264C,0,0.000,0.000,0.000
762,127,YBR291C,0,0.000,0.000,0.000
763,127,YJR141W,0,0.000,0.000,0.000
764,127,YBL106C,1,0.045,0.025,0.000
765,127,YGL104C,1,0.045,0.025,0.000
766,127,YGR037C,0,0.000,0.000,0.000
767,127,YBR085W,1,0.045,0.025,0.000
768,128,YLR057W,0,0.000,0.000,0.000
769,128,YHR101C,0,0.000,0.000,0.000
770,129,YIL109C,2,1.000,0.577,0.000
771,129,YHR098C,2,1.000,0.577,0.000
772,129,YNL049C,2,1.000,0.577,0.000
773,130,YLR309C,0,0.000,0.000,0.000
774,130,YOR299W,0,0.000,0.000,0.000
775,130,YPR095C,1,0.040,0.027,0.000
776,130,YDR524C,1,0.040,0.038,0.000
777,130,YPR079W,0,0.000,0.000,0.000
778,130,YKR030W,0,0.000,0.000,0.000
779,130,YDR373W,1,0.040,0.038,0.000
780,130,YBL060W,0,0.000,0.000,0.000
781,130,YGL181W,0,0.000,0.000,0.000
782,131,YDL234C,1,0.045,0.002,0.000
783,131,YER074W-A,0,0.000,0.000,0.000
784,131,YDL099W,0,0.000,0.000,0.000
785,131,YPR176C,1,0.045,0.023,0.000
786,131,YNL044W,1,0.045,0.023,0.000
787,131,YLR080W,0,0.000,0.000,0.000
788,132,YKR061W,0,0.000,0.000,0.000
789,132,YBR199W,0,0.000,0.000,0.000
790,132,YBL020W,1,0.056,0.034,0.000
791,132,YIL085C,0,0.000,0.000,0.000
792,132,YNL029C,0,0.000,0.000,0.000
793,133,YER184C,1,0.062,0.040,0.000
794,133,YLR254C,0,0.000,0.000,0.000
795,133,YMR299C,2,0.125,0.042,0.000
796,133,YDR488C,3,0.188,0.061,0.004
797,133,YPR083W,0,0.000,0.000,0.000
798,134,YGR109C,6,0.105,0.083,0.000
799,134,YBR156C,1,0.018,0.010,0.000
800,134,YPL267W,1,0.018,0.015,0.000
801,134,YDR113C,6,0.105,0.092,0.000
802,134,YLR131C,6,0.105,0.058,0.001
803,134,YNR009W,2,0.035,0.010,0.000
804,134,YHR184W,0,0.000,0.000,0.000
805,134,YMR199W,6,0.105,0.066,0.001
806,134,YER167W,3,0.053,0.018,0.000
807,134,YGL086W,6,0.105,0.072,0.000
808,134,YBR133C,2,0.035,0.023,0.000
809,134,YKR077W,0,0.000,0.000,0.000
810,134,YOR372C,6,0.105,0.061,0.000
811,134,YOL128C,1,0.018,0.006,0.000
812,134,YIL113W,0,0.000,0.000,0.000
813,134,YJR059W,1,0.018,0.011,0.000
814,135,YOL017W,0,0.000,0.000,0.000
815,136,YJL026W,4,0.800,0.447,0.000
816,136,YER070W,4,0.800,0.447,0.000
817,136,YIL066C,4,0.800,0.447,0.000
818,136,YLR437C,0,0.000,0.000,0.000
819,136,YJR057W,4,0.800,0.447,0.000
820,136,YGR180C,4,0.800,0.447,0.000
821,137,YDR110W,4,0.235,0.089,0.005
822,137,YKR010C,3,0.176,0.068,0.000
823,137,YOR195W,3,0.176,0.096,0.000
824,137,YKR101W,2,0.118,0.058,0.000
825,137,YAR014C,0,0.000,0.000,0.000
826,138,YPL233W,8,0.235,0.088,0.003
827,138,YMR117C,9,0.265,0.089,0.015
828,138,YDR374W-A,4,0.118,0.052,0.000
829,138,YOL069W,9,0.265,0.101,0.020
830,138,YFR046C,8,0.235,0.096,0.011
831,138,YER018C,7,0.206,0.064,0.003
832,138,YDR532C,2,0.059,0.025,0.000
833,138,YJR112W,8,0.235,0.099,0.003
834,138,YKL089W,9,0.265,0.153,0.000
835,138,YGL093W,9,0.265,0.081,0.009
836,138,YHR199C-A,0,0.000,0.000,0.000
837,139,YJL046W,1,0.062,0.023,0.000
838,139,YPL113C,0,0.000,0.000,0.000
839,139,YBL013W,6,0.375,0.178,0.001
840,139,YOR280C,0,0.000,0.000,0.000
841,139,YER183C,6,0.375,0.171,0.008
842,140,YDR191W,0,0.000,0.000,0.000
843,141,YMR318C,4,0.400,0.236,0.006
844,141,YCR105W,4,0.400,0.236,0.006
845,141,YML070W,4,0.400,0.235,0.019
846,141,YFL053W,4,0.400,0.235,0.019
847,142,YGR244C,7,0.538,0.230,0.000
848,142,YDL066W,4,0.308,0.134,0.000
849,142,YNL009W,4,0.308,0.134,0.000
850,142,YPR006C,2,0.154,0.065,0.000
851,142,YOL126C,7,0.538,0.225,0.000
852,143,YOR187W,0,1.000,1.000,0.000
853,144,YLR239C,0,0.000,0.000,0.000
854,144,YHR076W,0,0.000,0.000,0.000
855,144,YNL036W,0,0.000,0.000,0.000
856,145,YJL102W,0,0.000,0.000,0.000
857,146,YMR241W,0,0.000,0.707,0.000
858,146,YJR077C,0,0.000,0.707,0.000
859,147,YLR072W,1,0.026,0.015,0.000
860,147,YLR348C,2,0.051,0.029,0.000
861,147,YNL310C,0,0.000,0.000,0.000
862,147,YLR099W-A,1,0.026,0.003,0.000
863,147,YHR194W,1,0.026,0.009,0.000
864,147,YOL026C,6,0.154,0.059,0.049
865,147,YPL098C,8,0.205,0.078,0.000
866,147,YNL055C,8,0.205,0.098,0.000
867,147,YBR044C,0,0.000,0.000,0.000
868,147,YGL219C,7,0.179,0.074,0.000
869,147,YOR297C,5,0.128,0.054,0.000
870,148,YCR024C,6,0.150,0.051,0.003
871,148,YFL022C,9,0.225,0.090,0.001
872,148,YKL194C,5,0.125,0.059,0.000
873,148,YPR081C,3,0.075,0.033,0.000
874,148,YGL159W,0,0.000,0.000,0.000
875,148,YCR011C,1,0.025,0.013,0.000
876,148,YPL104W,6,0.150,0.037,0.002
877,148,YGR024C,1,0.025,0.009,0.000
878,148,YHR091C,10,0.250,0.084,0.006
879,148,YDR268W,10,0.250,0.086,0.004
880,148,YPL040C,10,0.250,0.092,0.004
881,148,YOL023W,1,0.025,0.006,0.000
882,149,YDR234W,5,0.294,0.109,0.006
883,149,YJR095W,3,0.176,0.065,0.000
884,149,YIR034C,3,0.176,0.063,0.000
885,149,YJL200C,5,0.294,0.116,0.029
886,149,YEL041W,0,0.000,0.000,0.000
887,149,YNR050C,5,0.294,0.109,0.006
888,150,YMR228W,0,0.000,0.577,0.000
889,150,YPL029W,0,0.000,0.577,0.000
890,150,YOR330C,0,0.000,0.577,0.000
891,151,YPR045C,0,0.000,0.000,0.000
892,151,YML011C,0,0.000,0.000,0.000
893,152,YNL004W,5,0.417,0.227,0.000
894,152,YKL186C,3,0.250,0.107,0.000
895,152,YCL011C,5,0.417,0.227,0.000
896,152,YKL214C,1,0.083,0.049,0.000
897,153,YGR258C,5,1.000,0.408,0.000
898,153,YHL006C,5,1.000,0.408,0.000
899,153,YLR376C,5,1.000,0.408,0.000
900,153,YIL132C,5,1.000,0.408,0.000
901,153,YDR078C,5,1.000,0.408,0.000
902,153,YER162C,5,1.000,0.408,0.000
903,154,YLR212C,4,0.667,0.347,0.000
904,154,YPL124W,2,0.333,0.170,0.000
905,155,YJR084W,0,1.000,1.000,0.000
906,156,YNL188W,2,0.500,0.351,0.000
907,156,YGL075C,2,0.500,0.351,0.000
908,157,YER046W,0,0.000,0.000,0.000
909,157,YNL012W,0,0.000,0.000,0.000
910,158,YKL192C,0,0.000,0.707,0.000
911,158,YDR493W,0,0.000,0.707,0.000
912,159,YAL039C,0,0.000,0.707,0.000
913,159,YKL087C,0,0.000,0.707,0.000
914,160,YDR478W,9,0.692,0.243,0.000
915,160,YML091C,8,0.615,0.221,0.000
916,160,YLR105C,6,0.462,0.153,0.003
917,160,YMR059W,5,0.385,0.127,0.000
918,161,YOR356W,0,0.000,0.000,0.000
919,162,YIL094C,0,0.000,0.577,0.000
920,162,YBR115C,0,0.000,0.577,0.000
921,162,YAR015W,0,0.000,0.577,0.000
922,163,YOL071W,0,0.000,0.707,0.000
923,163,YDR511W,0,0.000,0.707,0.000
924,164,YMR246W,3,0.333,0.216,0.000
925,164,YOR221C,3,0.333,0.218,0.000
926,164,YOR317W,3,0.333,0.216,0.000
927,164,YIL009W,2,0.222,0.175,0.000
928,165,YOR100C,0,0.000,0.577,0.000
929,165,YGL080W,0,0.000,0.577,0.000
930,165,YLR327C,0,0.000,0.577,0.000
931,166,YPL148C,1,0.125,0.076,0.000
932,166,YGL154C,1,0.125,0.076,0.000
933,166,YDR531W,4,0.500,0.290,0.000
934,167,YIL134W,3,0.750,0.482,0.000
935,167,YPR073C,1,0.250,0.170,0.000
936,167,YDR236C,3,0.750,0.482,0.000
937,167,YMR178W,3,0.750,0.482,0.000
938,168,YMR150C,0,0.000,0.000,0.000
939,169,YER153C,0,0.000,0.707,0.000
940,169,YMR257C,0,0.000,0.707,0.000
941,170,YGL143C,0,0.000,0.577,0.000
942,170,YOR201C,0,0.000,0.577,0.000
943,170,YHR168W,0,0.000,0.577,0.000
944,171,YOL114C,0,1.000,1.000,0.000
945,172,YDR358W,3,0.120,0.058,0.000
946,172,YLL044W,0,0.000,0.000,0.000
947,172,YJL207C,3,0.120,0.064,0.000
948,172,YJL024C,6,0.240,0.115,0.002
949,172,YIL002C,3,0.120,0.047,0.000
950,172,YDR348C,0,0.000,0.000,0.000
951,172,YHR108W,6,0.240,0.117,0.004
952,172,YCR030C,0,0.000,0.000,0.000
953,173,YCR047C,0,1.000,1.000,0.000
954,174,YDR021W,2,0.400,0.307,0.000
955,174,YKR017C,0,0.000,0.000,0.000
956,175,YGR218W,0,1.000,1.000,0.000
957,176,YGL232W,1,0.100,0.067,0.000
958,176,YGL243W,0,0.000,0.000,0.000
959,176,YMR259C,1,0.100,0.053,0.000
960,176,YNR015W,1,0.100,0.067,0.000
961,177,YOR032C,0,0.000,0.000,0.000
962,177,YOR198C,0,0.000,0.000,0.000
963,177,YPL119C,0,0.000,0.000,0.000
964,177,YOR051C,0,0.000,0.000,0.000
965,177,YNL085W,0,0.000,0.000,0.000
966,177,YFR023W,0,0.000,0.000,0.000
967,177,YHR015W,0,0.000,0.000,0.000
968,177,YNL016W,0,0.000,0.000,0.000
969,177,YGR250C,0,0.000,0.000,0.000
970,178,YOL132W,0,0.000,0.408,0.000
971,178,YLR343W,0,0.000,0.408,0.000
972,178,YMR215W,0,0.000,0.408,0.000
973,178,YMR307W,0,0.000,0.408,0.000
974,178,YLR249W,0,0.000,0.408,0.000
975,178,YOL030W,0,0.000,0.408,0.000
976,179,YLL019C,0,0.000,0.707,0.000
977,179,YDR432W,0,0.000,0.707,0.000
978,180,YHR157W,4,0.800,0.440,0.000
979,180,YER044C-A,4,0.800,0.440,0.000
980,180,YLR329W,4,0.800,0.440,0.000
981,180,YNL210W,1,0.200,0.114,0.000
982,180,YMR133W,4,0.800,0.440,0.000
983,181,YPL157W,0,1.000,1.000,0.000
984,182,YLR116W,0,0.000,0.707,0.000
985,182,YKL204W,0,0.000,0.707,0.000
986,183,YGR102C,2,1.000,0.577,0.000
987,183,YBL080C,2,1.000,0.577,0.000
988,183,YMR293C,2,1.000,0.577,0.000
989,184,YLR124W,0,0.000,0.000,0.000
990,185,YIL114C,0,0.000,0.000,0.000
991,185,YPL246C,0,0.000,0.000,0.000
992,185,YKR066C,0,0.000,0.000,0.000
993,186,YJL208C,2,0.667,0.435,0.000
994,186,YNL305C,2,0.667,0.435,0.000
995,187,YKR079C,0,1.000,1.000,0.000
996,188,YNR074C,0,0.000,0.707,0.000
997,188,YGR016W,0,0.000,0.707,0.000
998,189,YFR006W,0,1.000,1.000,0.000
999,190,YDL210W,0,0.000,0.000,0.000
1000,190,YIR023W,0,0.000,0.000,0.000
1001,191,YDR256C,2,1.000,0.577,0.000
1002,191,YGR088W,2,1.000,0.577,0.000
1003,191,YJR104C,2,1.000,0.577,0.000
1004,192,YKL067W,0,1.000,1.000,0.000
1005,193,YKR052C,0,0.000,0.000,0.000
1006,193,YFL041W,1,0.125,0.116,0.000
1007,193,YHL047C,0,0.000,0.000,0.000
1008,194,YCR010C,0,0.000,0.707,0.000
1009,194,YLR174W,0,0.000,0.707,0.000
1010,195,YLR451W,0,0.000,0.000,0.000
1011,195,YKL120W,0,0.000,0.000,0.000
1012,196,YDL181W,0,0.000,0.707,0.000
1013,196,YGR008C,0,0.000,0.707,0.000
1014,197,YBR185C,0,0.000,0.707,0.000
1015,197,YDL107W,0,0.000,0.707,0.000
1016,198,YCR083W,4,0.250,0.149,0.001
1017,198,YBR244W,4,0.250,0.145,0.002
1018,198,YIL010W,4,0.250,0.135,0.004
1019,198,YDL072C,0,0.000,0.000,0.000
1020,198,YBR216C,0,0.000,0.000,0.000
1021,199,YPR128C,4,0.143,0.056,0.000
1022,199,YCL056C,0,0.000,0.000,0.000
1023,199,YHR160C,6,0.214,0.089,0.003
1024,199,YGR028W,6,0.214,0.086,0.000
1025,199,YGR239C,3,0.107,0.040,0.000
1026,199,YPL112C,3,0.107,0.050,0.000
1027,199,YMR163C,0,0.000,0.000,0.000
1028,199,YAL055W,6,0.214,0.089,0.000
1029,199,YMR018W,6,0.214,0.090,0.003
1030,200,YIL043C,0,0.000,0.000,0.000
1031,200,YBR222C,1,0.067,0.035,0.000
1032,200,YAR035W,2,0.133,0.046,0.000
1033,200,YER024W,2,0.133,0.046,0.000
1034,201,YDR428C,4,0.667,0.372,0.000
1035,201,YJL060W,4,0.667,0.372,0.000
1036,201,YGR260W,2,0.333,0.173,0.000
1037,201,YJR025C,4,0.667,0.328,0.067
1038,202,YGR257C,2,1.000,0.577,0.000
1039,202,YHR008C,2,1.000,0.577,0.000
1040,202,YHR050W,2,1.000,0.577,0.000
1041,203,YOL067C,3,1.000,0.500,0.000
1042,203,YBL103C,3,1.000,0.500,0.000
1043,203,YNL076W,3,1.000,0.500,0.000
1044,203,YGL252C,3,1.000,0.500,0.000
1045,204,YCL018W,0,1.000,1.000,0.000
1046,205,YDR277C,0,0.000,0.000,0.000
1047,205,YLR228C,0,0.000,0.000,0.000
1048,206,YDR470C,4,0.571,0.292,0.000
1049,206,YLR368W,1,0.143,0.075,0.000
1050,207,YJL055W,0,0.000,0.000,0.000
1051,207,YJR103W,4,0.182,0.068,0.006
1052,207,YBL039C,3,0.136,0.045,0.006
1053,207,YGL234W,4,0.182,0.109,0.000
1054,207,YDR454C,3,0.136,0.087,0.000
1055,207,YJR133W,3,0.136,0.063,0.000
1056,208,YJR047C,1,1.000,0.707,0.000
1057,208,YJR070C,1,1.000,0.707,0.000
1058,209,YOR011W,1,0.250,0.282,0.000
1059,209,YHR068W,0,0.000,0.000,0.000
1060,210,YOR037W,0,0.000,0.500,0.000
1061,210,YER086W,0,0.000,0.500,0.000
1062,210,YDR158W,0,0.000,0.500,0.000
1063,210,YCL064C,0,0.000,0.500,0.000
1064,211,YOR251C,0,1.000,1.000,0.000
1065,212,YKL053C-A,2,1.000,0.577,0.000
1066,212,YLR168C,2,1.000,0.577,0.000
1067,212,YLR193C,2,1.000,0.577,0.000
1068,213,YBR262C,5,1.000,0.408,0.000
1069,213,YCL057C-A,5,1.000,0.408,0.000
1070,213,YGR235C,5,1.000,0.408,0.000
1071,213,YNL100W,5,1.000,0.408,0.000
1072,213,YFR011C,5,1.000,0.408,0.000
1073,213,YKR016W,5,1.000,0.408,0.000
1074,214,YJL130C,0,1.000,1.000,0.000
1075,215,YPR035W,1,1.000,0.707,0.000
1076,215,YDL171C,1,1.000,0.707,0.000
1077,216,YJR109C,1,1.000,0.707,0.000
1078,216,YOR303W,1,1.000,0.707,0.000
1079,217,YMR217W,1,0.500,0.500,0.000
1080,217,YAR075W,1,0.500,0.500,0.000
1081,218,YLR157C,0,0.000,0.500,0.000
1082,218,YLR158C,0,0.000,0.500,0.000
1083,218,YLR160C,0,0.000,0.500,0.000
1084,218,YLR155C,0,0.000,0.500,0.000
1085,219,YOR302W,0,0.000,0.000,0.000
1086,219,YNL192W,0,0.000,0.000,0.000
1087,219,YMR084W,0,0.000,0.000,0.000
1088,220,YGL062W,1,1.000,0.707,0.000
1089,220,YBR218C,1,1.000,0.707,0.000
1090,221,YDR380W,0,0.000,0.000,0.000
1091,221,YAL061W,0,0.000,0.000,0.000
1092,222,YDR345C,1,0.100,0.074,0.000
1093,222,YJL121C,3,0.300,0.198,0.000
1094,222,YMR107W,3,0.300,0.220,0.000
1095,222,YLR070C,1,0.100,0.038,0.000
1096,223,YDR248C,3,0.600,0.386,0.000
1097,223,YKL205W,1,0.200,0.134,0.000
1098,223,YNL241C,3,0.600,0.386,0.000
1099,224,YPL223C,0,0.000,0.707,0.000
1100,224,YDR403W,0,0.000,0.707,0.000
1101,225,YOR034C,0,0.000,0.707,0.000
1102,225,YHR042W,0,0.000,0.707,0.000
1103,226,YDL174C,2,0.182,0.121,0.000
1104,226,YNL134C,1,0.091,0.035,0.000
1105,226,YDL178W,2,0.182,0.121,0.000
1106,227,YGR207C,1,1.000,0.707,0.000
1107,227,YPR004C,1,1.000,0.707,0.000
1108,228,YOR304W,3,0.500,0.303,0.000
1109,228,YPL216W,0,0.000,0.000,0.000
1110,229,YPL158C,0,0.000,0.707,0.000
1111,229,YKR048C,0,0.000,0.707,0.000
1112,230,YCR084C,1,0.053,0.021,0.000
1113,230,YBR066C,1,0.053,0.069,0.000
1114,230,YJL089W,1,0.053,0.069,0.000
1115,230,YMR303C,1,0.053,0.013,0.000
1116,230,YOR047C,0,0.000,0.000,0.000
1117,230,YMR140W,1,0.053,0.069,0.000
1118,230,YMR011W,1,0.053,0.069,0.000
1119,231,YLL060C,0,0.000,0.000,0.000
1120,231,YJL172W,0,0.000,0.000,0.000
1121,231,YGR154C,0,0.000,0.000,0.000
1122,231,YLL015W,0,0.000,0.000,0.000
1123,232,YPL141C,3,0.136,0.099,0.000
1124,232,YKL116C,1,0.045,0.033,0.000
1125,232,YOL065C,1,0.045,0.023,0.000
1126,232,YGL056C,3,0.136,0.099,0.000
1127,232,YHR146W,2,0.091,0.067,0.000
1128,232,YNL173C,2,0.091,0.067,0.000
1129,232,YPL150W,3,0.136,0.099,0.000
1130,232,YGR223C,3,0.136,0.067,0.000
1131,233,YLR019W,0,0.000,0.000,0.000
1132,233,YJL142C,0,0.000,0.000,0.000
1133,233,YAL056W,0,0.000,0.000,0.000
1134,233,YLL010C,0,0.000,0.000,0.000
1135,233,YOR371C,0,0.000,0.000,0.000
1136,234,YPR113W,0,1.000,1.000,0.000
1137,235,YDL144C,0,0.000,0.707,0.000
1138,235,YIL160C,0,0.000,0.707,0.000
1139,236,YER081W,1,1.000,0.707,0.000
1140,236,YIL074C,1,1.000,0.707,0.000
1141,237,YKL132C,3,0.600,0.364,0.000
1142,237,YOR241W,2,0.400,0.251,0.000
1143,237,YGR267C,3,0.600,0.364,0.000
1144,238,YNL180C,0,0.000,0.000,0.000
1145,238,YPR075C,0,0.000,0.000,0.000
1146,238,YHR047C,0,0.000,0.000,0.000
1147,238,YNL090W,2,0.044,0.009,0.000
1148,238,YLR425W,2,0.044,0.028,0.000
1149,238,YOR188W,2,0.044,0.078,0.000
1150,238,YOR304C-A,0,0.000,0.000,0.000
1151,238,YDR466W,0,0.000,0.000,0.000
1152,238,YBL085W,2,0.044,0.048,0.000
1153,238,YAL048C,0,0.000,0.000,0.000
1154,238,YKL092C,1,0.022,0.022,0.000
1155,238,YKR055W,0,0.000,0.000,0.000
1156,238,YFL047W,0,0.000,0.000,0.000
1157,238,YEL031W,0,0.000,0.000,0.000
1158,238,YLL007C,0,0.000,0.000,0.000
1159,239,YEL013W,0,0.000,0.577,0.000
1160,239,YAR042W,0,0.000,0.577,0.000
1161,239,YHR117W,0,0.000,0.577,0.000
1162,240,YGL136C,0,0.000,0.000,0.000
1163,240,YMR097C,0,0.000,0.000,0.000
1164,240,YOR205C,0,0.000,0.000,0.000
1165,240,YLR289W,0,0.000,0.000,0.000
1166,240,YBR025C,0,0.000,0.000,0.000
1167,241,YHR072W-A,0,1.000,1.000,0.000
1168,242,YLR318W,0,0.000,0.707,0.000
1169,242,YLR262C-A,0,0.000,0.707,0.000
1170,243,YMR276W,0,1.000,1.000,0.000
1171,244,YMR023C,2,1.000,0.577,0.000
1172,244,YGL236C,2,1.000,0.577,0.000
1173,244,YDL033C,2,1.000,0.577,0.000
1174,245,YHL016C,0,0.000,0.000,0.000
1175,245,YJL126W,0,0.000,0.000,0.000
1176,246,YBL075C,1,0.167,0.090,0.000
1177,246,YMR139W,0,0.000,0.000,0.000
1178,247,YPL225W,0,1.000,1.000,0.000
1179,248,YOL143C,4,0.800,0.365,0.000
1180,248,YOL066C,4,0.800,0.365,0.000
1181,249,YOL136C,4,0.571,0.292,0.000
1182,249,YKL217W,1,0.143,0.075,0.000
1183,250,YFL045C,1,1.000,0.707,0.000
1184,250,YER003C,1,1.000,0.707,0.000
1185,251,YCR044C,0,0.000,0.577,0.000
1186,251,YIL039W,0,0.000,0.577,0.000
1187,251,YOL122C,0,0.000,0.577,0.000
1188,252,YBR290W,0,1.000,1.000,0.000
1189,253,YDR182W,0,0.000,0.707,0.000
1190,253,YCR017C,0,0.000,0.707,0.000
1191,254,YDR492W,0,0.000,0.000,0.000
1192,254,YOL002C,0,0.000,0.000,0.000
1193,254,YMR319C,3,0.250,0.172,0.000
1194,254,YOL154W,1,0.083,0.055,0.000
1195,254,YOR079C,3,0.250,0.169,0.000
1196,255,YIL177W-A,0,0.000,0.000,0.000
1197,255,YLL067W-A,0,0.000,0.000,0.000
1198,255,YNL339W-A,2,0.167,0.081,0.000
1199,255,YNL339W-B,2,0.167,0.081,0.000
1200,256,YMR267W,1,1.000,0.707,0.000
1201,256,YBR011C,1,1.000,0.707,0.000
1202,257,YDL200C,0,0.000,0.000,0.000
1203,257,YKL157W,1,0.143,0.083,0.000
1204,258,YOL152W,0,0.000,0.000,0.000
1205,258,YKL220C,0,0.000,0.000,0.000
1206,258,YLL051C,0,0.000,0.000,0.000
1207,259,YHR208W,3,0.500,0.339,0.022
1208,259,YCL009C,3,0.500,0.365,0.000
1209,259,YGL009C,3,0.500,0.339,0.022
1210,259,YHR002W,0,0.000,0.000,0.000
1211,260,YPL015C,0,0.000,0.000,0.000
1212,260,YOR025W,0,0.000,0.000,0.000
1213,260,YNL239W,0,0.000,0.000,0.000
1214,261,YJR069C,0,1.000,1.000,0.000
1215,262,YJR014W,2,1.000,0.577,0.000
1216,262,YER007C-A,2,1.000,0.577,0.000
1217,262,YDR117C,2,1.000,0.577,0.000
1218,263,YNL258C,7,0.233,0.045,0.001
1219,263,YLR440C,6,0.200,0.039,0.000
1220,263,YNR049C,14,0.467,0.136,0.001
1221,263,YDR189W,15,0.500,0.130,0.013
1222,263,YAL014C,6,0.200,0.056,0.000
1223,263,YOL018C,17,0.567,0.165,0.001
1224,263,YGL145W,7,0.233,0.045,0.001
1225,263,YBL102W,2,0.067,0.018,0.000
1226,264,YOL117W,4,1.000,0.447,0.000
1227,264,YDL216C,4,1.000,0.447,0.000
1228,264,YDR179C,4,1.000,0.447,0.000
1229,264,YMR025W,4,1.000,0.447,0.000
1230,264,YIL071C,4,1.000,0.447,0.000
1231,265,YHR129C,0,1.000,1.000,0.000
1232,266,YMR294W,3,1.000,0.500,0.000
1233,266,YPL174C,3,1.000,0.500,0.000
1234,266,YLL049W,3,1.000,0.500,0.000
1235,266,YDR106W,3,1.000,0.500,0.000
1236,267,YLR020C,0,0.000,0.000,0.000
1237,267,YIL090W,1,0.021,0.015,0.000
1238,267,YGR149W,1,0.021,0.023,0.000
1239,267,YPL206C,1,0.021,0.023,0.000
1240,267,YBR042C,2,0.042,0.031,0.000
1241,267,YER113C,1,0.021,0.012,0.000
1242,267,YGR110W,1,0.021,0.007,0.000
1243,267,YAL009W,3,0.062,0.028,0.000
1244,267,YLL012W,0,0.000,0.000,0.000
1245,267,YGL084C,1,0.021,0.023,0.000
1246,267,YDR018C,0,0.000,0.000,0.000
1247,267,YCL004W,3,0.062,0.037,0.000
1248,267,YHR004C,2,0.042,0.018,0.000
1249,267,YLR133W,1,0.021,0.005,0.000
1250,268,YJR049C,0,0.000,0.500,0.000
1251,268,YDR242W,0,0.000,0.500,0.000
1252,268,YGR205W,0,0.000,0.500,0.000
1253,268,YPL188W,0,0.000,0.500,0.000
1254,269,YDR077W,0,0.000,0.577,0.000
1255,269,YLR110C,0,0.000,0.577,0.000
1256,269,YKL164C,0,0.000,0.577,0.000
1257,270,YOR031W,1,0.333,0.282,0.000
1258,271,YLR034C,0,0.000,0.707,0.000
1259,271,YBR207W,0,0.000,0.707,0.000
1260,272,YLR220W,0,1.000,1.000,0.000
1261,273,YDR465C,1,0.091,0.056,0.000
1262,273,YOR021C,0,0.000,0.000,0.000
1263,273,YLR063W,0,0.000,0.000,0.000
1264,273,YNL092W,1,0.091,0.104,0.000
1265,274,YHR178W,0,0.000,0.000,0.000
1266,274,YHR064C,0,0.000,0.000,0.000
1267,274,YML076C,0,0.000,0.000,0.000
1268,274,YOR162C,0,0.000,0.000,0.000
1269,275,YOR281C,0,0.000,0.707,0.000
1270,275,YNL313C,0,0.000,0.707,0.000
1271,276,YPL212C,5,0.714,0.329,0.010
1272,276,YDL036C,5,0.714,0.334,0.010
1273,276,YFL001W,3,0.429,0.209,0.000
1274,276,YGR169C,5,0.714,0.334,0.010
1275,277,YOR230W,0,0.000,0.000,0.000
1276,278,YDR227W,0,1.000,1.000,0.000
1277,279,YJL127C,0,1.000,1.000,0.000
1278,280,YER014W,0,1.000,1.000,0.000
1279,281,YLR373C,0,0.000,0.000,0.000
1280,281,YLR403W,2,0.154,0.049,0.000
1281,281,YGR071C,0,0.000,0.000,0.000
1282,281,YDR206W,0,0.000,0.000,0.000
1283,282,YGL222C,0,0.000,0.000,0.000
1284,283,YNL063W,0,0.000,0.577,0.000
1285,283,YIL096C,0,0.000,0.577,0.000
1286,283,YBR141C,0,0.000,0.577,0.000
1287,284,YIR033W,1,0.125,0.070,0.000
1288,284,YKL020C,1,0.125,0.070,0.000
1289,284,YJL196C,5,0.625,0.337,0.000
1290,284,YLR372W,5,0.625,0.337,0.000
1291,285,YNL295W,0,1.000,1.000,0.000
1292,286,YPR155C,0,0.000,0.707,0.000
1293,286,YIL087C,0,0.000,0.707,0.000
1294,287,YBR101C,0,0.000,0.577,0.000
1295,287,YJL144W,0,0.000,0.577,0.000
1296,287,YPR158W,0,0.000,0.577,0.000
1297,288,YBR109C,0,0.000,0.707,0.000
1298,288,YNL225C,0,0.000,0.707,0.000
1299,289,YJL123C,1,0.125,0.088,0.000
1300,289,YBR137W,3,0.375,0.247,0.000
1301,289,YDR186C,0,0.000,0.000,0.000
1302,290,YBR176W,1,1.000,0.707,0.000
1303,290,YIL145C,1,1.000,0.707,0.000
1304,291,YIL164C,0,1.000,1.000,0.000
1305,292,YBR161W,4,0.667,0.398,0.089
1306,292,YGR143W,1,0.167,0.081,0.000
1307,292,YBR036C,4,0.667,0.398,0.089
1308,292,YDR367W,4,0.667,0.412,0.017
1309,292,YKL004W,4,0.667,0.412,0.017
1310,292,YDR072C,4,0.667,0.331,0.350
1311,293,YMR234W,1,0.333,0.282,0.000
1312,294,YOR264W,1,0.167,0.137,0.000
1313,294,YML034W,2,0.333,0.239,0.000
1314,295,YKR070W,0,1.000,1.000,0.000
1315,296,YMR204C,0,0.000,0.000,0.000
1316,296,YBR130C,1,0.125,0.134,0.000
1317,296,YCL063W,1,0.125,0.151,0.000
1318,296,YBL032W,1,0.125,0.134,0.000
1319,297,YBL007C,1,1.000,0.707,0.000
1320,297,YHR016C,1,1.000,0.707,0.000
1321,298,YKR019C,0,0.000,0.000,0.000
1322,298,YER060W-A,0,0.000,0.000,0.000
1323,298,YJL083W,0,0.000,0.000,0.000
1324,298,YER060W,0,0.000,0.000,0.000
1325,298,YIL095W,0,0.000,0.000,0.000
1326,299,YDL161W,0,0.000,0.707,0.000
1327,299,YLR206W,0,0.000,0.707,0.000
1328,300,YLR319C,0,1.000,1.000,0.000
1329,301,YBR164C,0,0.000,0.707,0.000
1330,301,YOR094W,0,0.000,0.707,0.000
1331,302,YBR038W,2,1.000,0.577,0.000
1332,302,YMR032W,2,1.000,0.577,0.000
1333,302,YDL117W,2,1.000,0.577,0.000
1334,303,YDR056C,7,0.778,0.351,0.000
1335,303,YCL045C,7,0.778,0.351,0.000
1336,303,YJL192C,7,0.778,0.351,0.000
1337,303,YIL027C,7,0.778,0.351,0.000
1338,303,YKL207W,7,0.778,0.351,0.000
1339,303,YGL230C,1,0.111,0.051,0.000
1340,303,YLL014W,7,0.778,0.351,0.000
1341,303,YOR289W,1,0.111,0.051,0.000
1342,304,YOR338W,0,0.000,0.500,0.000
1343,304,YOR359W,0,0.000,0.500,0.000
1344,304,YJL080C,0,0.000,0.500,0.000
1345,304,YBR172C,0,0.000,0.500,0.000
1346,305,YML068W,0,1.000,1.000,0.000
1347,306,YER042W,0,1.000,1.000,0.000
1348,307,YLR114C,2,0.400,0.394,0.000
1349,307,YPR109W,0,0.000,0.000,0.000
1350,307,YKL034W,2,0.400,0.394,0.000
1351,307,YDL219W,2,0.400,0.394,0.000
1352,307,YOR223W,2,0.400,0.394,0.000
1353,308,YPL154C,0,1.000,1.000,0.000
1354,309,YML118W,0,0.000,0.000,0.000
1355,309,YIL137C,1,0.067,0.026,0.000
1356,309,YDR061W,1,0.067,0.032,0.000
1357,309,YDR151C,1,0.067,0.032,0.000
1358,310,YKL154W,5,0.714,0.296,0.000
1359,310,YKL122C,5,0.714,0.296,0.000
1360,311,YMR265C,2,0.222,0.092,0.000
1361,311,YDR415C,2,0.222,0.092,0.000
1362,311,YAL004W,0,0.000,0.000,0.000
1363,312,YPL083C,2,0.667,0.435,0.000
1364,312,YOL102C,2,0.667,0.435,0.000
1365,313,YBL047C,0,0.000,0.707,0.000
1366,313,YDR320C,0,0.000,0.707,0.000
1367,314,YPR042C,0,0.000,0.707,0.000
1368,314,YDL224C,0,0.000,0.707,0.000
1369,315,YNL197C,0,0.000,0.707,0.000
1370,315,YPL184C,0,0.000,0.707,0.000
1371,316,YPL200W,2,1.000,0.577,0.000
1372,316,YOL104C,2,1.000,0.577,0.000
1373,316,YJL019W,2,1.000,0.577,0.000
1374,317,YBR145W,0,0.000,0.000,0.000
1375,317,YJL068C,1,0.167,0.135,0.000
1376,317,YMR083W,1,0.167,0.264,0.000
1377,318,YKL103C,0,0.000,0.707,0.000
1378,318,YHR113W,0,0.000,0.707,0.000
1379,319,YDR430C,0,0.000,0.707,0.000
1380,319,YER078C,0,0.000,0.707,0.000
1381,320,YDL160C-A,2,0.667,0.435,0.000
1382,320,YGR042W,2,0.667,0.435,0.000
1383,321,YJL105W,1,1.000,0.707,0.000
1384,321,YHR207C,1,1.000,0.707,0.000
1385,322,YHR158C,1,1.000,0.707,0.000
1386,322,YGR238C,1,1.000,0.707,0.000
1387,323,YHL024W,0,0.000,0.000,0.000
1388,324,YLR017W,2,0.400,0.300,0.000
1389,324,YNL010W,1,0.200,0.155,0.000
1390,325,YDL236W,1,0.200,0.129,0.000
1391,325,YEL070W,2,0.400,0.336,0.000
1392,326,YDL052C,0,0.000,0.707,0.000
1393,326,YGR045C,0,0.000,0.707,0.000
1394,327,YHR100C,2,1.000,0.577,0.000
1395,327,YGR046W,2,1.000,0.577,0.000
1396,327,YDL142C,2,1.000,0.577,0.000
1397,328,YOR006C,0,0.000,0.707,0.000
1398,328,YCR051W,0,0.000,0.707,0.000
1399,329,YOR334W,0,0.000,0.707,0.000
1400,329,YPL060W,0,0.000,0.707,0.000
1401,330,YOL130W,0,0.000,0.500,0.000
1402,330,YJL133W,0,0.000,0.500,0.000
1403,330,YFL050C,0,0.000,0.500,0.000
1404,330,YKL064W,0,0.000,0.500,0.000
1405,331,YCL032W,1,0.143,0.094,0.000
1406,331,YDR420W,1,0.143,0.094,0.000
1407,332,YMR258C,1,0.056,0.022,0.000
1408,332,YBR131W,3,0.167,0.064,0.000
1409,332,YPL070W,1,0.056,0.022,0.000
1410,332,YNL093W,3,0.167,0.071,0.000
1411,332,YDR229W,1,0.056,0.024,0.000
1412,333,YPL036W,0,0.000,0.707,0.000
1413,333,YGL008C,0,0.000,0.707,0.000
1414,334,YPR131C,0,1.000,1.000,0.000
1415,335,YJL062W,0,0.000,0.000,0.000
1416,336,YKL165C,5,0.208,0.101,0.008
1417,336,YCL052C,3,0.125,0.081,0.000
1418,336,YHR039C,1,0.042,0.025,0.000
1419,336,YNL149C,0,0.000,0.000,0.000
1420,336,YLR242C,0,0.000,0.000,0.000
1421,336,YFL025C,5,0.208,0.098,0.000
1422,336,YJL091C,4,0.167,0.090,0.002
1423,337,YOR140W,0,0.000,0.378,0.000
1424,337,YMR164C,0,0.000,0.378,0.000
1425,337,YHR211W,0,0.000,0.378,0.000
1426,337,YKR102W,0,0.000,0.378,0.000
1427,337,YAR050W,0,0.000,0.378,0.000
1428,337,YKL043W,0,0.000,0.378,0.000
1429,337,YAL063C,0,0.000,0.378,0.000
1430,338,YIR019C,0,0.000,0.500,0.000
1431,338,YOL116W,0,0.000,0.500,0.000
1432,338,YDL233W,0,0.000,0.500,0.000
1433,338,YER109C,0,0.000,0.500,0.000
1434,339,YJR031C,0,1.000,1.000,0.000
1435,340,YLR076C,0,0.000,0.000,0.000
1436,341,YFR056C,1,0.333,0.282,0.000
1437,342,YMR135C,6,0.750,0.376,0.000
1438,342,YDR255C,6,0.750,0.376,0.000
1439,342,YIL017C,6,0.750,0.376,0.000
1440,342,YKL124W,1,0.125,0.064,0.000
1441,342,YBL048W,0,0.000,0.000,0.000
1442,342,YBR105C,6,0.750,0.376,0.000
1443,342,YIL097W,6,0.750,0.376,0.000
1444,342,YGL227W,6,0.750,0.376,0.000
1445,343,YMR081C,0,1.000,1.000,0.000
1446,344,YDR287W,2,0.333,0.244,0.000
1447,344,YGL077C,0,0.000,0.000,0.000
1448,344,YHR046C,2,0.333,0.244,0.000
1449,345,YLR238W,4,0.800,0.365,0.000
1450,345,YDR200C,4,0.800,0.365,0.000
1451,346,YLR280C,0,0.000,0.707,0.000
1452,346,YLR125W,0,0.000,0.707,0.000
1453,347,YNL314W,0,0.000,0.707,0.000
1454,347,YDL170W,0,0.000,0.707,0.000
1455,348,YML067C,0,1.000,1.000,0.000
1456,349,YKR099W,0,0.000,0.707,0.000
1457,349,YFR034C,0,0.000,0.707,0.000
1458,350,YOL068C,0,1.000,1.000,0.000
1459,351,YFR003C,0,1.000,1.000,0.000
1460,352,YDR456W,0,0.000,0.000,0.000
1461,352,YJR054W,0,0.000,0.000,0.000
1462,353,YDL112W,1,0.250,0.245,0.000
1463,353,YPL183C,1,0.250,0.245,0.000
1464,354,YOL093W,0,1.000,1.000,0.000
1465,355,YLR316C,0,1.000,1.000,0.000
1466,356,YGL114W,0,0.000,0.707,0.000
1467,356,YKR093W,0,0.000,0.707,0.000
1468,357,YJL212C,0,0.000,0.577,0.000
1469,357,YPR194C,0,0.000,0.577,0.000
1470,357,YPL177C,0,0.000,0.577,0.000
1471,358,YNL091W,1,0.083,0.073,0.000
1472,358,YPR121W,1,0.083,0.073,0.000
1473,358,YDL024C,0,0.000,0.000,0.000
1474,358,YJR142W,1,0.083,0.069,0.000
1475,358,YBR092C,1,0.083,0.073,0.000
1476,359,YOR143C,0,0.000,0.707,0.000
1477,359,YDR481C,0,0.000,0.707,0.000
1478,360,YNR013C,2,0.143,0.096,0.000
1479,360,YFL004W,0,0.000,0.000,0.000
1480,360,YJL198W,2,0.143,0.096,0.000
1481,360,YIL047C,0,0.000,0.000,0.000
1482,361,YPL034W,0,0.000,0.707,0.000
1483,361,YCL033C,0,0.000,0.707,0.000
1484,362,YLR126C,0,0.000,0.707,0.000
1485,362,YKL069W,0,0.000,0.707,0.000
1486,363,YMR085W,0,0.000,0.000,0.000
1487,364,YOL095C,0,1.000,1.000,0.000
1488,365,YDR538W,0,1.000,1.000,0.000
1489,366,YBL061C,3,0.500,0.281,0.000
1490,366,YMR237W,3,0.500,0.281,0.000
1491,367,YLR342W,0,1.000,1.000,0.000
1492,368,YCL024W,4,0.308,0.184,0.000
1493,368,YNL166C,4,0.308,0.181,0.000
1494,368,YKL101W,3,0.231,0.140,0.000
1495,368,YER158C,0,0.000,0.000,0.000
1496,368,YNL233W,3,0.231,0.134,0.000
1497,369,YER039C-A,0,0.000,0.577,0.000
1498,369,YPL244C,0,0.000,0.577,0.000
1499,369,YML038C,0,0.000,0.577,0.000
1500,370,YLR149C,0,1.000,1.000,0.000
1501,371,YFR017C,0,1.000,1.000,0.000
1502,372,YGL169W,4,0.667,0.331,0.022
1503,372,YJL184W,4,0.667,0.350,0.000
1504,372,YDL104C,3,0.500,0.260,0.000
1505,372,YKR095W-A,4,0.667,0.350,0.000
1506,373,YBR049C,0,0.000,0.707,0.000
1507,373,YPL128C,0,0.000,0.707,0.000
1508,374,YCR036W,6,0.857,0.335,0.000
1509,374,YBR111C,5,0.714,0.284,0.000
1510,374,YOR095C,6,0.857,0.335,0.000
1511,375,YLL062C,0,0.000,0.707,0.000
1512,375,YPL273W,0,0.000,0.707,0.000
1513,376,YGR142W,0,1.000,1.000,0.000
1514,377,YDL194W,2,1.000,0.577,0.000
1515,377,YKL038W,2,1.000,0.577,0.000
1516,377,YDL138W,2,1.000,0.577,0.000
1517,378,YGR233C,0,1.000,1.000,0.000
1518,379,YFR036W,12,1.000,0.277,0.000
1519,379,YLR127C,12,1.000,0.277,0.000
1520,379,YDL008W,12,1.000,0.277,0.000
1521,379,YDR260C,12,1.000,0.277,0.000
1522,379,YNL172W,12,1.000,0.277,0.000
1523,379,YDR118W,12,1.000,0.277,0.000
1524,379,YHR166C,12,1.000,0.277,0.000
1525,379,YBL084C,12,1.000,0.277,0.000
1526,379,YOR249C,12,1.000,0.277,0.000
1527,379,YGL240W,12,1.000,0.277,0.000
1528,379,YKL022C,12,1.000,0.277,0.000
1529,379,YIR025W,12,1.000,0.277,0.000
1530,379,YLR102C,12,1.000,0.277,0.000
1531,380,YLR351C,0,0.000,0.000,0.000
1532,381,YNR027W,0,0.000,0.707,0.000
1533,381,YEL029C,0,0.000,0.707,0.000
1534,382,YJR099W,2,1.000,0.577,0.000
1535,382,YBR058C,2,1.000,0.577,0.000
1536,382,YOR124C,2,1.000,0.577,0.000
1537,383,YGR206W,12,0.545,0.192,0.000
1538,383,YDR069C,8,0.364,0.130,0.001
1539,383,YLR073C,1,0.045,0.015,0.000
1540,383,YLR181C,5,0.227,0.069,0.000
1541,383,YLR119W,12,0.545,0.192,0.000
1542,383,YER128W,1,0.045,0.014,0.000
1543,383,YJL049W,8,0.364,0.124,0.000
1544,383,YNL265C,12,0.545,0.171,0.013
1545,384,YLR261C,0,0.000,0.000,0.000
1546,385,YMR304W,0,1.000,1.000,0.000
1547,386,YJL027C,5,0.833,0.405,0.000
1548,386,YJL028W,5,0.833,0.405,0.000
1549,386,YJR056C,5,0.833,0.405,0.000
1550,386,YJL022W,5,0.833,0.405,0.000
1551,386,YPL193W,1,0.167,0.083,0.000
1552,386,YJL161W,5,0.833,0.405,0.000
1553,387,YDL055C,0,0.000,0.577,0.000
1554,387,YBR085C-A,0,0.000,0.577,0.000
1555,387,YGL065C,0,0.000,0.577,0.000
1556,388,YIL030C,0,1.000,1.000,0.000
1557,389,YMR297W,0,0.000,0.500,0.000
1558,389,YBR139W,0,0.000,0.500,0.000
1559,389,YMR174C,0,0.000,0.500,0.000
1560,389,YKR034W,0,0.000,0.500,0.000
1561,390,YGL203C,2,0.333,0.290,0.000
1562,390,YEL060C,0,0.000,0.000,0.000
1563,390,YOR219C,2,0.333,0.290,0.000
1564,390,YGR014W,2,0.333,0.330,0.000
1565,391,YGR121C,2,1.000,0.577,0.000
1566,391,YNL142W,2,1.000,0.577,0.000
1567,391,YPR138C,2,1.000,0.577,0.000
1568,392,YBR281C,0,0.000,0.000,0.000
1569,392,YOL049W,2,0.500,0.435,0.000
1570,392,YKL215C,2,0.500,0.435,0.000
1571,393,YCL035C,0,0.000,0.707,0.000
1572,393,YDR513W,0,0.000,0.707,0.000
1573,394,YGL257C,0,0.000,0.000,0.000
1574,394,YPL050C,5,0.294,0.125,0.001
1575,394,YML115C,5,0.294,0.151,0.016
1576,394,YGR199W,3,0.176,0.111,0.002
1577,394,YEL036C,5,0.294,0.151,0.016
1578,394,YHR181W,1,0.059,0.035,0.000
1579,394,YJL183W,5,0.294,0.125,0.001
1580,394,YDR307W,2,0.118,0.076,0.000
1581,395,YOR134W,0,0.000,0.000,0.000
1582,395,YDR389W,0,0.000,0.000,0.000
1583,395,YLR310C,0,0.000,0.000,0.000
1584,395,YDL135C,0,0.000,0.000,0.000
1585,395,YMR232W,0,0.000,0.000,0.000
1586,395,YJL201W,0,0.000,0.000,0.000
1587,396,YCL047C,0,0.000,0.000,0.000
1588,397,YGR276C,1,0.333,0.282,0.000
1589,398,YDL184C,0,1.000,1.000,0.000
1590,399,YHR137W,0,1.000,1.000,0.000
1591,400,YDR421W,0,0.000,0.707,0.000
1592,400,YGL202W,0,0.000,0.707,0.000
1593,401,YCR008W,0,0.000,0.000,0.000
1594,401,YBR040W,0,0.000,0.000,0.000
1595,402,YLR143W,0,1.000,1.000,0.000
1596,403,YKR074W,0,0.000,0.000,0.000
1597,404,YPR069C,3,0.750,0.482,0.000
1598,404,YPL052W,1,0.250,0.170,0.000
1599,404,YLR146C,3,0.750,0.482,0.000
1600,404,YOL052C,3,0.750,0.482,0.000
1601,405,YER174C,1,0.333,0.282,0.000
1602,406,YHR005C,1,0.250,0.354,0.000
1603,406,YER020W,1,0.250,0.354,0.000
1604,406,YBR140C,1,0.250,0.271,0.000
1605,407,YBR223C,0,1.000,1.000,0.000
1606,408,YMR070W,0,1.000,1.000,0.000
1607,409,YKR098C,3,0.750,0.439,0.000
1608,409,YOL087C,2,0.500,0.307,0.000
1609,409,YIL156W,3,0.750,0.439,0.000
1610,410,YML047C,0,1.000,1.000,0.000
1611,411,YDR414C,2,1.000,0.577,0.000
1612,411,YCR075C,2,1.000,0.577,0.000
1613,411,YKR007W,2,1.000,0.577,0.000
1614,412,YGL054C,1,0.125,0.075,0.000
1615,412,YOR016C,4,0.500,0.273,0.000
1616,412,YHR110W,4,0.500,0.263,0.007
1617,413,YMR111C,0,0.000,0.577,0.000
1618,413,YKL047W,0,0.000,0.577,0.000
1619,413,YPL236C,0,0.000,0.577,0.000
1620,414,YDR523C,1,0.143,0.091,0.000
1621,414,YCL051W,1,0.143,0.078,0.000
1622,415,YJR010C-A,3,1.000,0.500,0.000
1623,415,YIR022W,3,1.000,0.500,0.000
1624,415,YLR066W,3,1.000,0.500,0.000
1625,415,YML055W,3,1.000,0.500,0.000
1626,416,YEL076C,4,1.000,0.447,0.000
1627,416,YEL075W-A,4,1.000,0.447,0.000
1628,416,YEL074W,4,1.000,0.447,0.000
1629,416,YEL077C,4,1.000,0.447,0.000
1630,416,YEL075C,4,1.000,0.447,0.000
1631,417,YGL045W,6,0.750,0.362,0.000
1632,417,YMR063W,6,0.750,0.362,0.000
1633,417,YGR122W,2,0.250,0.125,0.000
1634,417,YNL294C,6,0.750,0.362,0.000
1635,417,YOR030W,6,0.750,0.362,0.000
1636,417,YGR058W,2,0.250,0.125,0.000
1637,418,YDL195W,0,1.000,1.000,0.000
1638,419,YBR056W-A,0,0.000,0.000,0.000
1639,420,YBR094W,1,0.125,0.082,0.000
1640,420,YGL168W,0,0.000,0.000,0.000
1641,420,YLR443W,2,0.250,0.188,0.000
1642,421,YIR018W,0,0.000,0.577,0.000
1643,421,YGL167C,0,0.000,0.577,0.000
1644,421,YMR034C,0,0.000,0.577,0.000
1645,422,YOL003C,0,0.000,0.000,0.000
1646,422,YNL326C,0,0.000,0.000,0.000
1647,423,YDL240W,0,1.000,1.000,0.000
1648,424,YGR198W,2,0.667,0.435,0.000
1649,424,YDR208W,2,0.667,0.435,0.000
1650,425,YLR422W,0,0.000,0.707,0.000
1651,425,YDR273W,0,0.000,0.707,0.000
1652,426,YOR269W,0,1.000,1.000,0.000
1653,427,YDR517W,0,0.000,0.707,0.000
1654,427,YJR134C,0,0.000,0.707,0.000
1655,428,YIL177C,0,1.000,1.000,0.000
1656,429,YML133C,2,1.000,0.577,0.000
1657,429,YML133W-B,2,1.000,0.577,0.000
1658,429,YML133W-A,2,1.000,0.577,0.000
1659,430,YLL066C,1,0.333,0.282,0.000
1660,431,YLL067C,0,1.000,1.000,0.000
1661,432,YDL124W,0,1.000,1.000,0.000
1662,433,YER150W,0,0.000,0.577,0.000
1663,433,YKL096W-A,0,0.000,0.577,0.000
1664,433,YJL159W,0,0.000,0.577,0.000
1665,434,YHR195W,0,0.000,0.447,0.000
1666,434,YML072C,0,0.000,0.447,0.000
1667,434,YKL130C,0,0.000,0.447,0.000
1668,434,YER120W,0,0.000,0.447,0.000
1669,434,YBL091C-A,0,0.000,0.447,0.000
1670,435,YNL160W,0,1.000,1.000,0.000
1671,436,YDR150W,0,1.000,1.000,0.000
1672,437,YDL113C,2,0.167,0.091,0.000
1673,437,YKR078W,3,0.250,0.155,0.000
1674,437,YJL044C,2,0.167,0.101,0.000
1675,437,YDR425W,3,0.250,0.145,0.000
1676,438,YBR086C,0,1.000,1.000,0.000
1677,439,YOR216C,1,0.143,0.000,0.000
1678,439,YKL179C,1,0.143,0.000,0.000
1679,440,YMR079W,0,1.000,1.000,0.000
1680,441,YOR086C,0,0.000,0.707,0.000
1681,441,YGR202C,0,0.000,0.707,0.000
1682,442,YPL272C,0,0.000,0.707,0.000
1683,442,YJL145W,0,0.000,0.707,0.000
1684,443,YMR010W,0,0.000,0.000,0.000
1685,443,YNR048W,0,0.000,0.000,0.000
1686,443,YCR091W,0,0.000,0.000,0.000
1687,443,YNR047W,0,0.000,0.000,0.000
1688,444,YMR162C,0,0.000,0.000,0.000
1689,445,YNL297C,2,1.000,0.577,0.000
1690,445,YDR141C,2,1.000,0.577,0.000
1691,445,YIL048W,2,1.000,0.577,0.000
1692,446,YLR307W,2,0.143,0.067,0.000
1693,446,YLR308W,2,0.143,0.067,0.000
1694,446,YOR190W,0,0.000,0.000,0.000
1695,446,YGR189C,2,0.143,0.065,0.000
1696,446,YGR282C,0,0.000,0.000,0.000
1697,446,YJL158C,2,0.143,0.065,0.000
1698,447,YLR097C,1,1.000,0.707,0.000
1699,447,YBR280C,1,1.000,0.707,0.000
1700,448,YGR003W,0,1.000,1.000,0.000
1701,449,YLR380W,0,0.000,0.707,0.000
1702,449,YNL264C,0,0.000,0.707,0.000
1703,450,YNL334C,5,1.000,0.408,0.000
1704,450,YNL333W,5,1.000,0.408,0.000
1705,450,YFL059W,5,1.000,0.408,0.000
1706,450,YMR096W,5,1.000,0.408,0.000
1707,450,YMR095C,5,1.000,0.408,0.000
1708,450,YFL060C,5,1.000,0.408,0.000
1709,451,YNL086W,5,1.000,0.408,0.000
1710,451,YGL079W,5,1.000,0.408,0.000
1711,451,YLR408C,5,1.000,0.408,0.000
1712,451,YDR357C,5,1.000,0.408,0.000
1713,451,YKL061W,5,1.000,0.408,0.000
1714,451,YEL005C,5,1.000,0.408,0.000
1715,452,YDR104C,0,0.000,0.577,0.000
1716,452,YHR105W,0,0.000,0.577,0.000
1717,452,YLR253W,0,0.000,0.577,0.000
1718,453,YOR042W,0,1.000,1.000,0.000
1719,454,YHR192W,3,1.000,0.500,0.000
1720,454,YDR233C,3,1.000,0.500,0.000
1721,454,YPR028W,3,1.000,0.500,0.000
1722,454,YOR165W,3,1.000,0.500,0.000
1723,455,YOR090C,1,1.000,0.707,0.000
1724,455,YCR079W,1,1.000,0.707,0.000
1725,456,YMR247C,0,1.000,1.000,0.000
1726,457,YDR266C,2,0.500,0.351,0.000
1727,457,YGL110C,2,0.500,0.351,0.000
1728,458,YDL198C,0,1.000,1.000,0.000
1729,459,YPL249C,0,0.000,0.707,0.000
1730,459,YGR100W,0,0.000,0.707,0.000
1731,460,YKL209C,4,0.333,0.223,0.000
1732,460,YHR135C,2,0.167,0.093,0.000
1733,460,YJL170C,0,0.000,0.000,0.000
1734,460,YNL154C,3,0.250,0.147,0.015
1735,460,YJR004C,4,0.333,0.212,0.000
1736,460,YLR040C,4,0.333,0.212,0.000
1737,461,YIL120W,0,0.000,0.447,0.000
1738,461,YIL121W,0,0.000,0.447,0.000
1739,461,YPR157W,0,0.000,0.447,0.000
1740,461,YNL065W,0,0.000,0.447,0.000
1741,461,YPR008W,0,0.000,0.447,0.000
1742,462,YNL196C,2,0.500,0.497,0.000
1743,462,YCL055W,2,0.500,0.342,0.500
1744,462,YBR057C,2,0.500,0.497,0.000
1745,462,YCL027W,1,0.250,0.155,0.000
1746,463,YJR094C,0,1.000,1.000,0.000
1747,464,YCL012C,0,0.000,0.000,0.000
1748,464,YHL049C,1,0.200,0.170,0.000
1749,465,YJL073W,0,1.000,1.000,0.000
1750,466,YJR131W,0,1.000,1.000,0.000
1751,467,YGR225W,0,1.000,1.000,0.000
1752,468,YGL117W,0,1.000,1.000,0.000
1753,469,YOR271C,0,1.000,1.000,0.000
1754,470,YDR221W,0,0.000,0.577,0.000
1755,470,YMR200W,0,0.000,0.577,0.000
1756,470,YNL322C,0,0.000,0.577,0.000
1757,471,YOR066W,0,1.000,1.000,0.000
1758,472,YMR100W,0,0.000,0.577,0.000
1759,472,YKL010C,0,0.000,0.577,0.000
1760,472,YGL141W,0,0.000,0.577,0.000
1761,473,YHR009C,0,0.000,0.707,0.000
1762,473,YDL025C,0,0.000,0.707,0.000
1763,474,YJR089W,0,1.000,1.000,0.000
1764,475,YGL071W,0,1.000,1.000,0.000
1765,476,YCL066W,3,0.600,0.339,0.033
1766,476,YCR039C,3,0.600,0.339,0.033
1767,476,YCR096C,3,0.600,0.365,0.000
1768,477,YKR088C,0,0.000,0.707,0.000
1769,477,YDR084C,0,0.000,0.707,0.000
1770,478,YDR100W,1,1.000,0.707,0.000
1771,478,YMR071C,1,1.000,0.707,0.000
1772,479,YLL028W,0,0.000,0.707,0.000
1773,479,YNR055C,0,0.000,0.707,0.000
1774,480,YBR008C,0,1.000,1.000,0.000
1775,481,YMR086W,2,0.400,0.307,0.000
1776,481,YGR130C,0,0.000,0.000,0.000
1777,482,YOL101C,2,1.000,0.577,0.000
1778,482,YLR023C,2,1.000,0.577,0.000
1779,482,YJL056C,2,1.000,0.577,0.000
1780,483,YOR043W,0,1.000,1.000,0.000
1781,484,YDR497C,0,1.000,1.000,0.000
1782,485,YPL092W,0,1.000,1.000,0.000
1783,486,YGR120C,7,0.875,0.335,0.000
1784,486,YNL051W,7,0.875,0.335,0.000
1785,486,YJL029C,4,0.500,0.197,0.000
1786,486,YGL005C,7,0.875,0.335,0.000
1787,486,YGL223C,7,0.875,0.335,0.000
1788,487,YGL038C,0,1.000,1.000,0.000
1789,488,YGL032C,0,0.000,0.577,0.000
1790,488,YCR089W,0,0.000,0.577,0.000
1791,488,YLR452C,0,0.000,0.577,0.000
1792,489,YMR216C,0,1.000,1.000,0.000
1793,490,YNR059W,0,0.000,0.000,0.000
1794,490,YIL014W,1,0.200,0.217,0.000
1795,491,YPL053C,0,1.000,1.000,0.000
1796,492,YDR089W,0,1.000,1.000,0.000
1797,493,YOR220W,0,0.000,0.707,0.000
1798,493,YMR316W,0,0.000,0.707,0.000
1799,494,YBR260C,0,1.000,1.000,0.000
1800,495,YGR004W,0,0.000,0.577,0.000
1801,495,YDR479C,0,0.000,0.577,0.000
1802,495,YBR168W,0,0.000,0.577,0.000
1803,496,YLR324W,0,0.000,0.707,0.000
1804,496,YHR150W,0,0.000,0.707,0.000
1805,497,YGR184C,0,1.000,1.000,0.000
1806,498,YNL008C,1,1.000,0.707,0.000
1807,498,YMR119W,1,1.000,0.707,0.000
1808,499,YKR039W,0,0.000,0.707,0.000
1809,499,YJR152W,0,0.000,0.707,0.000
1810,500,YLL038C,0,0.000,0.577,0.000
1811,500,YGL217C,0,0.000,0.577,0.000
1812,500,YGL102C,0,0.000,0.577,0.000
1813,501,YFL048C,0,1.000,1.000,0.000
1814,502,YGL161C,2,0.667,0.435,0.000
1815,502,YNL263C,2,0.667,0.435,0.000
1816,503,YDR264C,0,0.000,0.707,0.000
1817,503,YLR246W,0,0.000,0.707,0.000
1818,504,YBR187W,0,1.000,1.000,0.000
1819,505,YER123W,0,0.000,0.707,0.000
1820,505,YPL199C,0,0.000,0.707,0.000
1821,506,YJL151C,0,1.000,1.000,0.000
1822,507,YOL073C,0,1.000,1.000,0.000
1823,508,YOL042W,0,1.000,1.000,0.000
1824,509,YDR135C,0,0.000,0.707,0.000
1825,509,YLL048C,0,0.000,0.707,0.000
1826,510,YBR053C,0,1.000,1.000,0.000
1827,511,YMR041C,0,0.000,0.500,0.000
1828,511,YBR149W,0,0.000,0.500,0.000
1829,511,YAL008W,0,0.000,0.500,0.000
1830,511,YBR056W,0,0.000,0.500,0.000
1831,512,YOR163W,1,0.200,0.160,0.000
1832,512,YML099C,1,0.200,0.160,0.000
1833,513,YPR201W,2,1.000,0.577,0.000
1834,513,YPR199C,2,1.000,0.577,0.000
1835,513,YPR200C,2,1.000,0.577,0.000
1836,514,YBR030W,3,1.000,0.500,0.000
1837,514,YPL208W,3,1.000,0.500,0.000
1838,514,YDR198C,3,1.000,0.500,0.000
1839,514,YDR257C,3,1.000,0.500,0.000
1840,515,YDR406W,0,0.000,0.577,0.000
1841,515,YGL013C,0,0.000,0.577,0.000
1842,515,YOR328W,0,0.000,0.577,0.000
1843,516,YER049W,0,1.000,1.000,0.000
1844,517,YNL078W,1,1.000,0.707,0.000
1845,517,YOL070C,1,1.000,0.707,0.000
1846,518,YFL056C,2,1.000,0.577,0.000
1847,518,YDL243C,2,1.000,0.577,0.000
1848,518,YFL057C,2,1.000,0.577,0.000
1849,519,YOR053W,0,1.000,1.000,0.000
1850,520,YOR394C-A,0,0.000,0.577,0.000
1851,520,YOR396W,0,0.000,0.577,0.000
1852,520,YDR545W,0,0.000,0.577,0.000
1853,521,YDR545C-A,0,1.000,1.000,0.000
1854,522,YOR396C-A,0,1.000,1.000,0.000
1855,523,YPL058C,0,1.000,1.000,0.000
1856,524,YOR386W,0,0.000,0.707,0.000
1857,524,YBR078W,0,0.000,0.707,0.000
1858,525,YOR252W,0,1.000,1.000,0.000
1859,526,YOL110W,0,1.000,1.000,0.000
1860,527,YIR003W,0,1.000,1.000,0.000
1861,528,YKL142W,0,0.000,0.500,0.000
1862,528,YML052W,0,0.000,0.500,0.000
1863,528,YPR149W,0,0.000,0.500,0.000
1864,528,YMR031C,0,0.000,0.500,0.000
1865,529,YBL005W,0,1.000,1.000,0.000
1866,530,YFR018C,0,1.000,1.000,0.000
1867,531,YOR242C,0,1.000,1.000,0.000
1868,532,YJL059W,0,1.000,1.000,0.000
1869,533,YCL042W,2,1.000,0.577,0.000
1870,533,YCR024C-B,2,1.000,0.577,0.000
1871,533,YCL001W-A,2,1.000,0.577,0.000
1872,534,YBL049W,0,1.000,1.000,0.000
1873,535,YGL139W,0,0.000,0.707,0.000
1874,535,YGL146C,0,0.000,0.707,0.000
1875,536,YGL140C,0,1.000,1.000,0.000
1876,537,YML086C,0,1.000,1.000,0.000
1877,538,YOR193W,0,1.000,1.000,0.000
1878,539,YLR065C,0,1.000,1.000,0.000
1879,540,YPL075W,0,0.000,0.577,0.000
1880,540,YOR344C,0,0.000,0.577,0.000
1881,540,YDL046W,0,0.000,0.577,0.000
1882,541,YOR383C,0,1.000,1.000,0.000
1883,542,YAL068C,17,0.850,0.219,0.000
1884,542,YOL161C,17,0.850,0.219,0.000
1885,542,YGL261C,17,0.850,0.219,0.000
1886,542,YLL025W,10,0.500,0.127,0.001
1887,542,YHL046C,17,0.850,0.219,0.000
1888,542,YAR020C,8,0.400,0.106,0.000
1889,542,YLR037C,12,0.600,0.152,0.002
1890,542,YDR542W,17,0.850,0.219,0.000
1891,543,YLR047C,0,1.000,1.000,0.000
1892,544,YNL158W,0,1.000,1.000,0.000
1893,545,YNR044W,0,1.000,1.000,0.000
1894,546,YDR250C,0,0.000,0.707,0.000
1895,546,YBR294W,0,0.000,0.707,0.000
1896,547,YGR125W,0,1.000,1.000,0.000
1897,548,YER035W,0,1.000,1.000,0.000
1898,549,YHR139C,0,0.000,0.707,0.000
1899,549,YDR402C,0,0.000,0.707,0.000
1900,550,YML131W,0,0.000,0.707,0.000
1901,550,YLL059C,0,0.000,0.707,0.000
1902,551,YLL056C,0,1.000,1.000,0.000
1903,552,YNL199C,0,0.000,0.707,0.000
1904,552,YPL006W,0,0.000,0.707,0.000
1905,553,YER039C,0,1.000,1.000,0.000
1906,554,YBL111C,3,1.000,0.500,0.000
1907,554,YBL109W,3,1.000,0.500,0.000
1908,554,YBL113C,3,1.000,0.500,0.000
1909,554,YBL113W-A,3,1.000,0.500,0.000
1910,555,YEL004W,0,1.000,1.000,0.000
1911,556,YDR085C,0,1.000,1.000,0.000
1912,557,YLR467C-A,0,0.000,0.000,0.000
1913,558,YLR466C-B,0,1.000,1.000,0.000
1914,559,YBR293W,0,0.000,0.577,0.000
1915,559,YKL146W,0,0.000,0.577,0.000
1916,559,YNL101W,0,0.000,0.577,0.000
1917,560,YER119C,0,0.000,0.577,0.000
1918,560,YIL088C,0,0.000,0.577,0.000
1919,560,YCL038C,0,0.000,0.577,0.000
1920,561,YHR048W,0,0.000,0.000,0.000
1921,562,YLR156W,0,1.000,1.000,0.000
1922,563,YBL108W,0,0.000,0.000,0.000
1923,563,YDR544C,0,0.000,0.000,0.000
1924,563,YER190W,0,0.000,0.000,0.000
1925,563,YHR217C,0,0.000,0.000,0.000
1926,564,YHR219W,0,1.000,1.000,0.000
1927,565,YFL063W,0,0.000,0.000,0.000
1928,565,YNL338W,0,0.000,0.000,0.000
1929,566,YER188C-A,1,1.000,0.707,0.000
1930,566,YER189W,1,1.000,0.707,0.000
1931,567,YHL050W-A,0,1.000,1.000,0.000
1932,568,YNL034W,0,0.000,0.577,0.000
1933,568,YNL018C,0,0.000,0.577,0.000
1934,568,YFL051C,0,0.000,0.577,0.000
1935,569,YNL033W,0,0.000,0.707,0.000
1936,569,YNL019C,0,0.000,0.707,0.000
