,cluster,protein,degree,degree_centrality,eigenvector_centrality,betweenness_centrality
0,0,4932.Q0017,5,0.714,0.391,0.000
1,0,4932.Q0143,6,0.857,0.417,0.119
2,0,4932.Q0010,6,0.857,0.417,0.119
3,0,4932.Q0182,5,0.714,0.391,0.000
4,0,4932.Q0297,6,0.857,0.403,0.286
5,0,4932.Q0032,5,0.714,0.391,0.000
6,1,4932.YLL027W,14,0.875,0.261,0.016
7,1,4932.YJR122W,14,0.875,0.255,0.025
8,1,4932.YER048W-A,14,0.875,0.266,0.008
9,1,4932.YCL017C,14,0.875,0.266,0.008
10,1,4932.YGL018C,14,0.875,0.266,0.008
11,1,4932.YPL252C,14,0.875,0.266,0.008
12,2,4932.YJR045C,3,0.600,0.439,0.000
13,2,4932.YNL328C,3,0.600,0.439,0.000
14,3,4932.YKL058W,27,0.303,0.124,0.002
15,3,4932.YNL236W,24,0.270,0.069,0.001
16,3,4932.YDR460W,31,0.348,0.131,0.004
17,3,4932.YMR112C,34,0.382,0.140,0.010
18,3,4932.YKL028W,31,0.348,0.136,0.004
19,3,4932.YBL093C,24,0.270,0.069,0.001
20,3,4932.YGR186W,31,0.348,0.141,0.003
21,3,4932.YDL005C,24,0.270,0.069,0.001
22,3,4932.YBR193C,32,0.360,0.128,0.009
23,3,4932.YPL042C,28,0.315,0.088,0.027
24,3,4932.YGL151W,23,0.258,0.065,0.001
25,3,4932.YOR194C,24,0.270,0.117,0.000
26,3,4932.YER171W,34,0.382,0.136,0.013
27,3,4932.YPR168W,29,0.326,0.101,0.008
28,3,4932.YHR041C,23,0.258,0.081,0.003
29,3,4932.YGR104C,28,0.315,0.100,0.006
30,3,4932.YGR005C,31,0.348,0.141,0.004
31,3,4932.YGR063C,28,0.315,0.104,0.008
32,3,4932.YOL051W,23,0.258,0.071,0.002
33,3,4932.YDR079C-A,33,0.371,0.136,0.008
34,3,4932.YPL122C,30,0.337,0.133,0.002
35,3,4932.YJL006C,23,0.258,0.065,0.013
36,3,4932.YKR062W,32,0.360,0.139,0.009
37,3,4932.YDL108W,31,0.348,0.110,0.018
38,4,4932.YBL022C,0,0.000,0.000,0.000
39,4,4932.YGR231C,1,0.250,0.707,0.000
40,4,4932.YPL159C,0,0.000,0.000,0.000
41,4,4932.YGR132C,1,0.250,0.707,0.000
42,4,4932.YIL070C,0,0.000,0.000,0.000
43,5,4932.YLR055C,14,0.292,0.157,0.003
44,5,4932.YML098W,14,0.292,0.155,0.001
45,5,4932.YNR003C,15,0.312,0.117,0.001
46,5,4932.YBR081C,14,0.292,0.157,0.003
47,5,4932.YDR392W,16,0.333,0.169,0.011
48,5,4932.YMR227C,14,0.292,0.147,0.019
49,5,4932.YGR047C,14,0.292,0.097,0.005
50,5,4932.YPR190C,16,0.333,0.122,0.002
51,5,4932.YMR223W,14,0.292,0.157,0.003
52,5,4932.YDL150W,16,0.333,0.122,0.002
53,5,4932.YKR025W,14,0.292,0.112,0.000
54,5,4932.YER164W,14,0.292,0.157,0.003
55,5,4932.YPR110C,14,0.292,0.112,0.000
56,5,4932.YGL066W,14,0.292,0.157,0.003
57,5,4932.YGR274C,15,0.312,0.149,0.026
58,5,4932.YJL011C,14,0.292,0.112,0.000
59,5,4932.YNL113W,14,0.292,0.112,0.000
60,5,4932.YDR045C,14,0.292,0.112,0.000
61,5,4932.YNL151C,15,0.312,0.116,0.001
62,5,4932.YKL144C,14,0.292,0.112,0.000
63,5,4932.YOL148C,14,0.292,0.157,0.003
64,6,4932.YGR140W,3,0.091,0.050,0.000
65,6,4932.YMR168C,3,0.091,0.050,0.000
66,6,4932.YPR164W,3,0.091,0.070,0.000
67,6,4932.YPL003W,7,0.212,0.229,0.000
68,6,4932.YPL046C,4,0.121,0.120,0.011
69,6,4932.YJR090C,6,0.182,0.185,0.000
70,6,4932.YLR128W,7,0.212,0.193,0.005
71,6,4932.YIL046W,7,0.212,0.189,0.025
72,6,4932.YOL025W,3,0.091,0.087,0.000
73,6,4932.YMR094W,3,0.091,0.050,0.000
74,6,4932.YLR320W,3,0.091,0.070,0.000
75,6,4932.YER066W,3,0.091,0.115,0.000
76,6,4932.YFL009W,7,0.212,0.189,0.025
77,7,4932.YIL008W,10,0.500,0.275,0.009
78,7,4932.YHR111W,10,0.500,0.281,0.007
79,7,4932.YMR312W,9,0.450,0.256,0.005
80,7,4932.YNL119W,9,0.450,0.250,0.006
81,7,4932.YKL110C,8,0.400,0.226,0.011
82,7,4932.YML014W,8,0.400,0.220,0.014
83,7,4932.YPL101W,10,0.500,0.275,0.020
84,8,4932.YDR258C,10,0.435,0.231,0.005
85,8,4932.YNL007C,12,0.522,0.250,0.046
86,8,4932.YLL026W,11,0.478,0.246,0.007
87,8,4932.YNL064C,9,0.391,0.192,0.028
88,8,4932.YDR168W,9,0.391,0.203,0.004
89,8,4932.YOR298C-A,9,0.391,0.214,0.002
90,8,4932.YNL281W,9,0.391,0.208,0.003
91,9,4932.YOR023C,15,0.138,0.086,0.005
92,9,4932.YLR399C,20,0.183,0.145,0.000
93,9,4932.YHR114W,12,0.110,0.022,0.004
94,9,4932.YIL062C,14,0.128,0.024,0.004
95,9,4932.YEL044W,16,0.147,0.109,0.000
96,9,4932.YNL136W,18,0.165,0.128,0.001
97,9,4932.YLR085C,20,0.183,0.143,0.000
98,9,4932.YAL011W,17,0.156,0.127,0.000
99,9,4932.YHR023W,13,0.119,0.022,0.018
100,9,4932.YER092W,12,0.110,0.082,0.000
101,9,4932.YEL018W,17,0.156,0.112,0.000
102,9,4932.YMR109W,14,0.128,0.024,0.008
103,9,4932.YDR359C,19,0.174,0.121,0.000
104,9,4932.YNL059C,20,0.183,0.134,0.001
105,9,4932.YMR127C,19,0.174,0.126,0.001
106,9,4932.YOR213C,19,0.174,0.118,0.001
107,9,4932.YLR385C,19,0.174,0.139,0.000
108,9,4932.YLR337C,18,0.165,0.028,0.017
109,9,4932.YBR231C,19,0.174,0.139,0.000
110,9,4932.YIL034C,12,0.110,0.023,0.009
111,9,4932.YDR448W,19,0.174,0.118,0.001
112,9,4932.YDR181C,13,0.119,0.082,0.000
113,9,4932.YJR065C,17,0.156,0.028,0.006
114,9,4932.YIR006C,14,0.128,0.023,0.023
115,9,4932.YNL243W,16,0.147,0.026,0.008
116,9,4932.YNR035C,12,0.110,0.021,0.012
117,9,4932.YLL050C,20,0.183,0.030,0.010
118,9,4932.YPL254W,19,0.174,0.116,0.001
119,9,4932.YOR122C,16,0.147,0.027,0.002
120,9,4932.YML041C,20,0.183,0.145,0.000
121,9,4932.YOR141C,16,0.147,0.106,0.000
122,9,4932.YBL052C,13,0.119,0.070,0.004
123,10,4932.YOR038C,9,0.214,0.090,0.003
124,10,4932.YPL127C,9,0.214,0.135,0.000
125,10,4932.YNL246W,9,0.214,0.127,0.001
126,10,4932.YGL207W,15,0.357,0.197,0.010
127,10,4932.YBL008W,12,0.286,0.140,0.013
128,10,4932.YPR018W,10,0.238,0.121,0.004
129,10,4932.YPL001W,9,0.214,0.127,0.001
130,10,4932.YBL002W,14,0.333,0.188,0.003
131,10,4932.YML102W,14,0.333,0.150,0.014
132,10,4932.YBL003C,15,0.357,0.204,0.004
133,10,4932.YBR195C,12,0.286,0.146,0.004
134,10,4932.YLL002W,9,0.214,0.128,0.001
135,10,4932.YOL012C,15,0.357,0.189,0.048
136,10,4932.YEL056W,14,0.333,0.188,0.005
137,10,4932.YLL022C,10,0.238,0.143,0.001
138,10,4932.YDR440W,9,0.214,0.122,0.013
139,11,4932.YOL145C,0,1.000,1.000,0.000
140,12,4932.YJR035W,0,1.000,1.000,0.000
141,13,4932.YDR087C,125,0.607,0.081,0.002
142,13,4932.YHR169W,128,0.621,0.085,0.002
143,13,4932.YCL059C,138,0.670,0.090,0.003
144,13,4932.YKL099C,109,0.529,0.072,0.002
145,13,4932.YPL266W,133,0.646,0.089,0.002
146,13,4932.YOL010W,107,0.519,0.073,0.001
147,13,4932.YDL014W,122,0.592,0.081,0.002
148,13,4932.YOL041C,120,0.583,0.079,0.002
149,13,4932.YDL153C,127,0.617,0.087,0.001
150,13,4932.YPL146C,112,0.544,0.075,0.002
151,13,4932.YJL109C,128,0.621,0.084,0.003
152,13,4932.YJR002W,131,0.636,0.087,0.002
153,13,4932.YGR128C,111,0.539,0.075,0.001
154,13,4932.YOR287C,109,0.529,0.071,0.002
155,13,4932.YML093W,135,0.655,0.089,0.004
156,13,4932.YCR072C,105,0.510,0.073,0.001
157,13,4932.YLR175W,127,0.617,0.084,0.004
158,13,4932.YFL002C,132,0.641,0.089,0.002
159,13,4932.YDR060W,122,0.592,0.081,0.002
160,13,4932.YGL111W,111,0.539,0.074,0.001
161,13,4932.YPR010C,121,0.587,0.082,0.005
162,13,4932.YPL126W,130,0.631,0.086,0.002
163,13,4932.YDR324C,136,0.660,0.090,0.003
164,13,4932.YOR004W,136,0.660,0.088,0.003
165,13,4932.YGL120C,129,0.626,0.086,0.002
166,13,4932.YER126C,127,0.617,0.082,0.003
167,13,4932.YHR066W,126,0.612,0.081,0.003
168,13,4932.YLL011W,130,0.631,0.087,0.002
169,13,4932.YOR145C,138,0.670,0.090,0.003
170,13,4932.YNR038W,116,0.563,0.077,0.003
171,13,4932.YIL091C,130,0.631,0.088,0.002
172,13,4932.YDR101C,120,0.583,0.076,0.005
173,13,4932.YHR065C,115,0.558,0.080,0.001
174,13,4932.YPR112C,124,0.602,0.084,0.002
175,13,4932.YJL010C,134,0.650,0.090,0.002
176,13,4932.YMR128W,120,0.583,0.081,0.002
177,13,4932.YDL031W,133,0.646,0.087,0.003
178,13,4932.YNL248C,105,0.510,0.073,0.001
179,13,4932.YGR090W,124,0.602,0.082,0.002
180,13,4932.YJL069C,134,0.650,0.089,0.002
181,13,4932.YPR143W,116,0.563,0.077,0.002
182,13,4932.YER127W,136,0.660,0.090,0.003
183,13,4932.YMR093W,136,0.660,0.090,0.003
184,13,4932.YBR142W,122,0.592,0.083,0.002
185,13,4932.YNR053C,128,0.621,0.083,0.003
186,13,4932.YLR002C,138,0.670,0.089,0.003
187,13,4932.YKR024C,107,0.519,0.075,0.001
188,13,4932.YDL208W,108,0.524,0.072,0.003
189,13,4932.YHR088W,136,0.660,0.085,0.009
190,13,4932.YLR196W,126,0.612,0.085,0.002
191,13,4932.YKR060W,111,0.539,0.076,0.001
192,13,4932.YHR148W,115,0.558,0.077,0.002
193,13,4932.YOR340C,111,0.539,0.078,0.001
194,13,4932.YDR365C,118,0.573,0.080,0.001
195,13,4932.YMR131C,131,0.636,0.087,0.007
196,14,4932.YDR280W,17,0.586,0.237,0.003
197,14,4932.YDL111C,17,0.586,0.237,0.003
198,14,4932.YHR081W,13,0.448,0.192,0.000
199,14,4932.YHR069C,17,0.586,0.229,0.010
200,14,4932.YNR024W,13,0.448,0.192,0.000
201,14,4932.YOR076C,14,0.483,0.199,0.001
202,14,4932.YPR189W,13,0.448,0.187,0.001
203,14,4932.YLR398C,16,0.552,0.208,0.017
204,14,4932.YCR035C,16,0.552,0.226,0.002
205,15,4932.YGL050W,4,0.444,0.447,0.000
206,15,4932.YML005W,4,0.444,0.447,0.000
207,15,4932.YOL141W,4,0.444,0.447,0.000
208,15,4932.YHR070W,4,0.444,0.447,0.000
209,15,4932.YPL207W,4,0.444,0.447,0.000
210,16,4932.YNR012W,4,0.308,0.213,0.000
211,16,4932.YDR020C,4,0.308,0.213,0.000
212,16,4932.YLR014C,5,0.385,0.293,0.006
213,16,4932.YMR271C,4,0.308,0.247,0.000
214,16,4932.YML106W,6,0.462,0.346,0.013
215,16,4932.YER005W,4,0.308,0.213,0.000
216,16,4932.YLR420W,6,0.462,0.320,0.097
217,16,4932.YKL216W,6,0.462,0.346,0.013
218,17,4932.YLR245C,4,0.667,0.411,0.067
219,17,4932.YLR209C,4,0.667,0.435,0.022
220,17,4932.YDR400W,4,0.667,0.435,0.022
221,18,4932.YMR230W,148,0.892,0.083,0.001
222,18,4932.YDL191W,147,0.886,0.083,0.001
223,18,4932.YDL136W,147,0.886,0.083,0.001
224,18,4932.YPR102C,149,0.898,0.084,0.001
225,18,4932.YHR021C,147,0.886,0.082,0.001
226,18,4932.YMR121C,146,0.880,0.083,0.000
227,18,4932.YLR048W,149,0.898,0.083,0.001
228,18,4932.YHR010W,146,0.880,0.083,0.000
229,18,4932.YHL001W,146,0.880,0.083,0.000
230,18,4932.YOL120C,148,0.892,0.083,0.001
231,18,4932.YBL027W,149,0.898,0.083,0.001
232,18,4932.YDR450W,152,0.916,0.084,0.001
233,18,4932.YNL301C,148,0.892,0.083,0.000
234,18,4932.YJL191W,152,0.916,0.084,0.001
235,18,4932.YDL075W,146,0.880,0.083,0.000
236,18,4932.YML073C,147,0.886,0.083,0.000
237,18,4932.YKL180W,148,0.892,0.083,0.002
238,18,4932.YLR287C-A,151,0.910,0.083,0.002
239,18,4932.YBR084C-A,146,0.880,0.083,0.000
240,18,4932.YGL103W,151,0.910,0.084,0.001
241,18,4932.YMR242C,149,0.898,0.084,0.001
242,18,4932.YBR189W,150,0.904,0.084,0.001
243,18,4932.YGR085C,149,0.898,0.084,0.001
244,18,4932.YNL302C,148,0.892,0.083,0.001
245,18,4932.YLR325C,149,0.898,0.083,0.001
246,18,4932.YOR312C,147,0.886,0.083,0.000
247,18,4932.YDR012W,148,0.892,0.083,0.001
248,18,4932.YKL156W,149,0.898,0.083,0.001
249,18,4932.YFR031C-A,150,0.904,0.084,0.001
250,18,4932.YIL018W,147,0.886,0.083,0.000
251,18,4932.YNL162W,149,0.898,0.083,0.001
252,18,4932.YOR182C,151,0.910,0.083,0.002
253,18,4932.YNL067W,146,0.880,0.083,0.000
254,18,4932.YLR075W,150,0.904,0.083,0.007
255,18,4932.YHL033C,146,0.880,0.083,0.001
256,18,4932.YDR025W,152,0.916,0.084,0.001
257,18,4932.YDL082W,149,0.898,0.083,0.001
258,18,4932.YGL147C,148,0.892,0.083,0.001
259,18,4932.YLR029C,151,0.910,0.084,0.001
260,18,4932.YOL127W,149,0.898,0.083,0.001
261,18,4932.YOL121C,152,0.916,0.084,0.001
262,18,4932.YDR418W,148,0.892,0.083,0.013
263,18,4932.YHR141C,146,0.880,0.083,0.000
264,18,4932.YKR057W,152,0.916,0.084,0.002
265,18,4932.YBR031W,152,0.916,0.084,0.002
266,18,4932.YIL133C,146,0.880,0.083,0.000
267,18,4932.YER131W,151,0.910,0.084,0.001
268,18,4932.YGL030W,147,0.886,0.083,0.001
269,18,4932.YBL092W,147,0.886,0.082,0.001
270,19,4932.YBR118W,0,1.000,1.000,0.000
271,20,4932.YDR036C,62,0.747,0.121,0.002
272,20,4932.YDR237W,67,0.807,0.127,0.005
273,20,4932.YPL183W-A,68,0.819,0.128,0.007
274,20,4932.YMR024W,63,0.759,0.122,0.003
275,20,4932.YMR188C,63,0.759,0.119,0.005
276,20,4932.YNR036C,62,0.747,0.118,0.003
277,20,4932.YCR003W,68,0.819,0.129,0.004
278,20,4932.YDR041W,68,0.819,0.127,0.006
279,20,4932.YDR462W,62,0.747,0.121,0.002
280,20,4932.YLR439W,68,0.819,0.129,0.005
281,20,4932.YHL004W,66,0.795,0.122,0.007
282,20,4932.YGR165W,65,0.783,0.122,0.006
283,20,4932.YBL090W,67,0.807,0.127,0.004
284,20,4932.YNL284C,67,0.807,0.129,0.003
285,20,4932.YBR282W,62,0.747,0.122,0.001
286,20,4932.YJR101W,63,0.759,0.119,0.005
287,20,4932.YKL170W,66,0.795,0.126,0.012
288,20,4932.YDR405W,64,0.771,0.124,0.003
289,20,4932.YDL045W-A,65,0.783,0.125,0.003
290,20,4932.YNL252C,65,0.783,0.127,0.002
291,20,4932.YMR286W,62,0.747,0.121,0.003
292,20,4932.YGR215W,66,0.795,0.126,0.004
293,20,4932.YNL177C,67,0.807,0.128,0.004
294,20,4932.YPR100W,65,0.783,0.124,0.027
295,21,4932.YJR007W,8,0.800,0.333,0.000
296,21,4932.YPL237W,8,0.800,0.333,0.000
297,21,4932.YDR211W,8,0.800,0.333,0.000
298,21,4932.YOR260W,8,0.800,0.333,0.000
299,21,4932.YLR291C,8,0.800,0.333,0.000
300,21,4932.YGR083C,8,0.800,0.333,0.000
301,21,4932.YER025W,8,0.800,0.333,0.000
302,21,4932.YKR026C,8,0.800,0.333,0.000
303,21,4932.YDR283C,8,0.800,0.333,0.000
304,22,4932.YLR167W,2,0.333,0.435,0.000
305,22,4932.YDR059C,2,0.333,0.435,0.000
306,23,4932.YMR028W,10,0.435,0.238,0.014
307,23,4932.YOR014W,10,0.435,0.230,0.093
308,23,4932.YNL201C,7,0.304,0.180,0.003
309,23,4932.YDR435C,11,0.478,0.265,0.017
310,23,4932.YPR040W,9,0.391,0.225,0.004
311,23,4932.YDR075W,11,0.478,0.274,0.008
312,24,4932.YPR080W,0,1.000,1.000,0.000
313,25,4932.YDR188W,5,0.357,0.205,0.000
314,25,4932.YGR078C,6,0.429,0.294,0.011
315,25,4932.YJL008C,6,0.429,0.259,0.070
316,25,4932.YJL179W,5,0.357,0.270,0.000
317,25,4932.YNL153C,6,0.429,0.321,0.044
318,25,4932.YJL111W,5,0.357,0.205,0.000
319,25,4932.YJL014W,5,0.357,0.205,0.000
320,25,4932.YEL003W,5,0.357,0.270,0.000
321,25,4932.YDL143W,5,0.357,0.205,0.000
322,26,4932.YNL052W,29,0.500,0.170,0.005
323,26,4932.Q0120,31,0.534,0.163,0.017
324,26,4932.YLL041C,26,0.448,0.140,0.035
325,26,4932.YMR145C,31,0.534,0.174,0.007
326,26,4932.YHR001W-A,30,0.517,0.175,0.004
327,26,4932.YML120C,30,0.517,0.170,0.007
328,26,4932.YDR119W-A,23,0.397,0.142,0.000
329,26,4932.YKL141W,21,0.362,0.116,0.009
330,26,4932.YGL191W,30,0.517,0.172,0.006
331,26,4932.Q0045,30,0.517,0.168,0.012
332,26,4932.YDL067C,25,0.431,0.156,0.000
333,26,4932.YKL148C,21,0.362,0.110,0.020
334,26,4932.YMR256C,26,0.448,0.157,0.013
335,26,4932.YLR395C,26,0.448,0.162,0.000
336,26,4932.YIL111W,26,0.448,0.159,0.001
337,26,4932.YDL085W,29,0.500,0.160,0.008
338,27,4932.YER141W,1,0.500,0.707,0.000
339,27,4932.YPL172C,1,0.500,0.707,0.000
340,28,4932.YFL036W,2,1.000,0.577,0.000
341,28,4932.YLR067C,2,1.000,0.577,0.000
342,28,4932.YDL044C,2,1.000,0.577,0.000
343,29,4932.YJL062W-A,4,0.500,0.426,0.000
344,29,4932.YML129C,4,0.500,0.426,0.000
345,29,4932.YIL157C,4,0.500,0.426,0.000
346,30,4932.YML081C-A,21,0.700,0.228,0.015
347,30,4932.YEL051W,18,0.600,0.199,0.010
348,30,4932.YLR295C,16,0.533,0.172,0.061
349,30,4932.Q0130,18,0.600,0.203,0.007
350,30,4932.Q0085,20,0.667,0.217,0.012
351,30,4932.YBR039W,21,0.700,0.231,0.013
352,30,4932.YGR020C,16,0.533,0.177,0.006
353,30,4932.YDL185W,18,0.600,0.188,0.068
354,30,4932.YOR332W,17,0.567,0.188,0.008
355,30,4932.YDR377W,16,0.533,0.180,0.002
356,30,4932.YHR039C-A,17,0.567,0.188,0.008
357,30,4932.YBR127C,16,0.533,0.176,0.007
358,31,4932.Q0110,0,1.000,1.000,0.000
359,32,4932.Q0075,1,1.000,0.707,0.000
360,32,4932.Q0115,1,1.000,0.707,0.000
361,33,4932.YDR031W,12,0.706,0.273,0.006
362,33,4932.YHR005C-A,12,0.706,0.269,0.006
363,33,4932.YGR181W,12,0.706,0.269,0.006
364,33,4932.YJR135W-A,12,0.706,0.273,0.006
365,34,4932.YDR197W,0,1.000,1.000,0.000
366,35,4932.YPL215W,0,1.000,1.000,0.000
367,36,4932.YGR062C,1,1.000,0.707,0.000
368,36,4932.YOR266W,1,1.000,0.707,0.000
369,37,4932.YDR231C,0,1.000,1.000,0.000
370,38,4932.YDR296W,0,1.000,1.000,0.000
371,39,4932.YCL030C,9,0.409,0.247,0.047
372,39,4932.YOR202W,8,0.364,0.242,0.003
373,39,4932.YGL148W,9,0.409,0.222,0.017
374,39,4932.YDR007W,6,0.273,0.187,0.005
375,39,4932.YNL316C,6,0.273,0.184,0.007
376,39,4932.YDR127W,6,0.273,0.170,0.002
377,39,4932.YIL020C,7,0.318,0.223,0.001
378,39,4932.YER090W,6,0.273,0.184,0.007
379,39,4932.YBR248C,9,0.409,0.261,0.014
380,39,4932.YER055C,7,0.318,0.223,0.001
381,39,4932.YIL116W,9,0.409,0.227,0.053
382,40,4932.YLR033W,16,0.615,0.205,0.000
383,40,4932.YLR321C,18,0.692,0.222,0.007
384,40,4932.YIL126W,19,0.731,0.230,0.011
385,40,4932.YKR008W,16,0.615,0.205,0.000
386,40,4932.YDR303C,16,0.615,0.205,0.000
387,40,4932.YMR091C,16,0.615,0.205,0.000
388,40,4932.YBL006C,16,0.615,0.205,0.000
389,40,4932.YFR037C,19,0.731,0.230,0.011
390,40,4932.YHR056C,16,0.615,0.205,0.000
391,40,4932.YML127W,16,0.615,0.205,0.000
392,40,4932.YCR020W-B,16,0.615,0.205,0.000
393,40,4932.YCR052W,19,0.731,0.231,0.010
394,41,4932.YCR053W,0,1.000,1.000,0.000
395,42,4932.YKL018W,17,0.447,0.231,0.002
396,42,4932.YNL317W,17,0.447,0.229,0.003
397,42,4932.YDR195W,17,0.447,0.231,0.002
398,42,4932.YKL193C,12,0.316,0.026,0.028
399,42,4932.YOR179C,17,0.447,0.231,0.002
400,42,4932.YNL222W,17,0.447,0.231,0.002
401,42,4932.YJR093C,17,0.447,0.231,0.002
402,42,4932.YOL123W,11,0.289,0.150,0.000
403,42,4932.YGR156W,16,0.421,0.221,0.000
404,42,4932.YKR002W,17,0.447,0.229,0.003
405,42,4932.YOR250C,14,0.368,0.189,0.001
406,43,4932.YBR175W,6,0.857,0.378,0.000
407,43,4932.YHR119W,6,0.857,0.378,0.000
408,43,4932.YLR015W,6,0.857,0.378,0.000
409,43,4932.YAR003W,6,0.857,0.378,0.000
410,43,4932.YPL138C,6,0.857,0.378,0.000
411,43,4932.YDR469W,6,0.857,0.378,0.000
412,43,4932.YBR258C,6,0.857,0.378,0.000
413,44,4932.YBR065C,50,0.515,0.112,0.003
414,44,4932.YJR050W,40,0.412,0.087,0.002
415,44,4932.YGR129W,55,0.567,0.118,0.007
416,44,4932.YDR473C,48,0.495,0.104,0.004
417,44,4932.YGR278W,46,0.474,0.106,0.001
418,44,4932.YPR178W,40,0.412,0.091,0.001
419,44,4932.YER112W,40,0.412,0.090,0.001
420,44,4932.YDR243C,48,0.495,0.095,0.010
421,44,4932.YDR163W,49,0.505,0.110,0.003
422,44,4932.YPR101W,42,0.433,0.091,0.005
423,44,4932.YBL026W,41,0.423,0.093,0.001
424,44,4932.YDR364C,55,0.567,0.118,0.028
425,44,4932.YNL138W-A,55,0.567,0.122,0.004
426,44,4932.YGR091W,41,0.423,0.091,0.002
427,44,4932.YER013W,40,0.412,0.088,0.003
428,44,4932.YCR063W,50,0.515,0.114,0.002
429,44,4932.YGL174W,47,0.485,0.107,0.003
430,44,4932.YPL151C,51,0.526,0.115,0.003
431,44,4932.YKR086W,41,0.423,0.087,0.021
432,44,4932.YGR006W,49,0.505,0.101,0.006
433,44,4932.YNR011C,46,0.474,0.105,0.007
434,44,4932.YAL032C,54,0.557,0.119,0.004
435,44,4932.YDR088C,40,0.412,0.092,0.001
436,44,4932.YBR055C,44,0.454,0.093,0.007
437,44,4932.YER146W,41,0.423,0.092,0.002
438,44,4932.YIR005W,47,0.485,0.109,0.003
439,44,4932.YJR022W,40,0.412,0.090,0.002
440,44,4932.YDR482C,45,0.464,0.104,0.001
441,44,4932.YNL147W,40,0.412,0.091,0.001
442,44,4932.YDL209C,52,0.536,0.112,0.012
443,45,4932.YGR208W,1,1.000,0.707,0.000
444,45,4932.YOR184W,1,1.000,0.707,0.000
445,46,4932.YMR125W,1,0.500,0.707,0.000
446,46,4932.YPL178W,1,0.500,0.707,0.000
447,47,4932.YJR043C,16,0.246,0.120,0.002
448,47,4932.YCR066W,17,0.262,0.099,0.039
449,47,4932.YMR224C,16,0.246,0.116,0.018
450,47,4932.YPL024W,17,0.262,0.123,0.004
451,47,4932.YMR167W,21,0.323,0.127,0.016
452,47,4932.YCR092C,17,0.262,0.111,0.008
453,47,4932.YDL059C,18,0.277,0.136,0.003
454,47,4932.YBL088C,20,0.308,0.127,0.022
455,47,4932.YML095C,17,0.262,0.110,0.009
456,47,4932.YLR234W,21,0.323,0.146,0.006
457,47,4932.YOL090W,20,0.308,0.117,0.024
458,47,4932.YLR032W,17,0.262,0.109,0.008
459,47,4932.YHR154W,17,0.262,0.115,0.005
460,47,4932.YBR228W,16,0.246,0.113,0.003
461,47,4932.YER173W,18,0.277,0.127,0.004
462,47,4932.YBR274W,16,0.246,0.122,0.002
463,47,4932.YDR097C,19,0.292,0.125,0.013
464,48,4932.YIR001C,0,0.000,0.707,0.000
465,48,4932.YMR061W,0,0.000,0.707,0.000
466,49,4932.YOR048C,1,0.500,0.707,0.000
467,49,4932.YGL246C,1,0.500,0.707,0.000
468,50,4932.YOR323C,6,0.750,0.399,0.048
469,50,4932.YDR300C,5,0.625,0.364,0.000
470,50,4932.YER023W,5,0.625,0.364,0.000
471,50,4932.YLR438W,6,0.750,0.399,0.048
472,51,4932.YGR055W,1,0.050,0.085,0.000
473,51,4932.YFR022W,2,0.100,0.201,0.000
474,51,4932.YGR068C,1,0.050,0.116,0.000
475,51,4932.YKR021W,3,0.150,0.252,0.000
476,51,4932.YPL176C,1,0.050,0.116,0.000
477,51,4932.YBR021W,1,0.050,0.116,0.000
478,51,4932.YLR392C,1,0.050,0.116,0.000
479,51,4932.YPR030W,1,0.050,0.116,0.000
480,51,4932.YBL101C,2,0.100,0.201,0.000
481,51,4932.YML111W,2,0.100,0.174,0.000
482,51,4932.YOR138C,1,0.050,0.116,0.000
483,51,4932.YMR275C,3,0.150,0.259,0.000
484,51,4932.YMR171C,1,0.050,0.116,0.000
485,51,4932.YOR018W,3,0.150,0.252,0.000
486,52,4932.YDR457W,0,0.000,0.000,0.000
487,52,4932.YGL017W,0,0.000,0.000,0.000
488,52,4932.YDL020C,0,0.000,0.000,0.000
489,52,4932.YDL074C,1,0.250,0.707,0.000
490,52,4932.YGL058W,1,0.250,0.707,0.000
491,53,4932.YER151C,0,1.000,1.000,0.000
492,54,4932.YPL094C,11,0.250,0.177,0.006
493,54,4932.YOR103C,12,0.273,0.200,0.004
494,54,4932.YLR292C,7,0.159,0.118,0.000
495,54,4932.YGR284C,9,0.205,0.136,0.011
496,54,4932.YJL002C,12,0.273,0.208,0.004
497,54,4932.YBR171W,7,0.159,0.118,0.000
498,54,4932.YMR149W,9,0.205,0.153,0.000
499,54,4932.YDL232W,11,0.250,0.189,0.001
500,54,4932.YDR518W,8,0.182,0.103,0.009
501,54,4932.YML019W,10,0.227,0.171,0.000
502,54,4932.YML130C,10,0.227,0.094,0.048
503,54,4932.YGL226C-A,9,0.205,0.153,0.000
504,54,4932.YDR086C,9,0.205,0.150,0.004
505,55,4932.YFL037W,7,0.700,0.352,0.008
506,55,4932.YNL148C,7,0.700,0.352,0.008
507,55,4932.YML124C,7,0.700,0.340,0.024
508,55,4932.YER007W,7,0.700,0.352,0.008
509,56,4932.YOR262W,0,0.000,0.707,0.000
510,56,4932.YLR243W,0,0.000,0.707,0.000
511,57,4932.YPL087W,9,0.643,0.297,0.022
512,57,4932.YOR171C,10,0.714,0.318,0.036
513,57,4932.YLR260W,10,0.714,0.318,0.036
514,57,4932.YKR053C,9,0.643,0.298,0.022
515,57,4932.YJL134W,9,0.643,0.298,0.022
516,58,4932.YDL114W,0,1.000,1.000,0.000
517,59,4932.YJL100W,7,0.389,0.322,0.001
518,59,4932.YOR109W,7,0.389,0.322,0.001
519,59,4932.YBR058C-A,5,0.278,0.137,0.000
520,59,4932.YMR296C,5,0.278,0.137,0.000
521,59,4932.YPL268W,7,0.389,0.322,0.001
522,59,4932.YNL106C,7,0.389,0.322,0.001
523,59,4932.YNL128W,6,0.333,0.287,0.000
524,59,4932.YJR110W,6,0.333,0.287,0.000
525,59,4932.YDR062W,5,0.278,0.137,0.000
526,59,4932.YGR038W,5,0.278,0.137,0.000
527,59,4932.YLR350W,5,0.278,0.137,0.000
528,60,4932.YBR283C,0,1.000,1.000,0.000
529,61,4932.YML007W,1,0.500,0.707,0.000
530,61,4932.YIR037W,1,0.500,0.707,0.000
531,62,4932.YHL030W,23,0.267,0.097,0.000
532,62,4932.YOR157C,38,0.442,0.153,0.003
533,62,4932.YBR272C,19,0.221,0.079,0.000
534,62,4932.YBR173C,28,0.326,0.104,0.018
535,62,4932.YIL007C,33,0.384,0.135,0.001
536,62,4932.YFL007W,37,0.430,0.156,0.001
537,62,4932.YOR362C,40,0.465,0.161,0.009
538,62,4932.YFR004W,40,0.465,0.162,0.005
539,62,4932.YMR314W,37,0.430,0.152,0.002
540,62,4932.YFR010W,40,0.465,0.156,0.022
541,62,4932.YFR052W,40,0.465,0.163,0.005
542,62,4932.YDR363W-A,34,0.395,0.147,0.000
543,62,4932.YDL097C,40,0.465,0.163,0.005
544,62,4932.YFR050C,37,0.430,0.155,0.001
545,62,4932.YBR170C,20,0.233,0.011,0.018
546,62,4932.YPR103W,38,0.442,0.156,0.002
547,62,4932.YGR048W,23,0.267,0.026,0.031
548,62,4932.YML092C,39,0.453,0.159,0.007
549,62,4932.YDR427W,40,0.465,0.163,0.005
550,62,4932.YPR108W,39,0.453,0.161,0.005
551,62,4932.YGL011C,39,0.453,0.159,0.007
552,62,4932.YOL038W,39,0.453,0.156,0.012
553,62,4932.YJL001W,37,0.430,0.152,0.002
554,62,4932.YGR253C,40,0.465,0.157,0.008
555,62,4932.YGR232W,24,0.279,0.094,0.022
556,62,4932.YEL037C,23,0.267,0.084,0.011
557,62,4932.YBL041W,39,0.453,0.159,0.007
558,62,4932.YER094C,39,0.453,0.159,0.007
559,63,4932.YLR024C,0,1.000,1.000,0.000
560,64,4932.YER093C,9,0.643,0.316,0.001
561,64,4932.YJL058C,9,0.643,0.316,0.001
562,64,4932.YNL006W,9,0.643,0.316,0.001
563,64,4932.YMR068W,9,0.643,0.316,0.001
564,64,4932.YOL078W,9,0.643,0.316,0.001
565,65,4932.YBL105C,0,0.000,0.577,0.000
566,65,4932.YGR229C,0,0.000,0.577,0.000
567,65,4932.YER155C,0,0.000,0.577,0.000
568,66,4932.YNL270C,2,1.000,0.577,0.000
569,66,4932.YCR021C,2,1.000,0.577,0.000
570,66,4932.YCR027C,2,1.000,0.577,0.000
571,67,4932.YDL047W,0,1.000,1.000,0.000
572,68,4932.YJR147W,0,0.000,0.500,0.000
573,68,4932.YGL073W,0,0.000,0.500,0.000
574,68,4932.YHR206W,0,0.000,0.500,0.000
575,68,4932.YGR249W,0,0.000,0.500,0.000
576,69,4932.YPL166W,10,0.357,0.230,0.010
577,69,4932.YNL223W,11,0.393,0.257,0.013
578,69,4932.YBR217W,11,0.393,0.260,0.008
579,69,4932.YPL100W,8,0.286,0.200,0.002
580,69,4932.YPR185W,10,0.357,0.237,0.011
581,69,4932.YIL146C,6,0.214,0.120,0.020
582,69,4932.YDR022C,8,0.286,0.203,0.003
583,69,4932.YLR431C,6,0.214,0.136,0.002
584,69,4932.YMR159C,8,0.286,0.199,0.003
585,69,4932.YLR423C,9,0.321,0.213,0.005
586,70,4932.YML121W,4,1.000,0.510,0.167
587,70,4932.YCR075W-A,3,0.750,0.439,0.000
588,70,4932.YGR163W,4,1.000,0.510,0.167
589,70,4932.YBR077C,3,0.750,0.439,0.000
590,71,4932.YKL126W,0,0.000,0.707,0.000
591,71,4932.YHR205W,0,0.000,0.707,0.000
592,72,4932.YIL105C,0,1.000,1.000,0.000
593,73,4932.YGL049C,4,0.667,0.409,0.022
594,73,4932.YOR276W,4,0.667,0.409,0.022
595,74,4932.YMR104C,0,1.000,1.000,0.000
596,75,4932.YOR005C,6,0.857,0.403,0.048
597,75,4932.YMR106C,6,0.857,0.403,0.048
598,75,4932.YMR284W,6,0.857,0.403,0.048
599,75,4932.YCR014C,6,0.857,0.403,0.048
600,76,4932.YNL135C,0,1.000,1.000,0.000
601,77,4932.YPR054W,6,0.150,0.148,0.004
602,77,4932.YER045C,6,0.150,0.182,0.017
603,77,4932.YHR084W,8,0.200,0.173,0.014
604,77,4932.YJL095W,6,0.150,0.115,0.006
605,77,4932.YPL089C,5,0.125,0.114,0.007
606,77,4932.YNL053W,5,0.125,0.148,0.007
607,77,4932.YKL161C,6,0.150,0.123,0.008
608,77,4932.YPL049C,5,0.125,0.119,0.000
609,77,4932.YLR362W,7,0.175,0.193,0.025
610,77,4932.YDL006W,8,0.200,0.196,0.019
611,77,4932.YER075C,7,0.175,0.223,0.017
612,77,4932.YPL140C,7,0.175,0.153,0.016
613,78,4932.YGR286C,4,0.571,0.331,0.286
614,78,4932.YNR057C,4,0.571,0.375,0.032
615,79,4932.YGL040C,6,0.750,0.376,0.000
616,79,4932.YDL205C,6,0.750,0.376,0.000
617,79,4932.YOR278W,6,0.750,0.376,0.000
618,79,4932.YDR047W,6,0.750,0.376,0.000
619,79,4932.YOR176W,6,0.750,0.376,0.000
620,79,4932.YDR232W,6,0.750,0.376,0.000
621,80,4932.YNL240C,7,0.875,0.373,0.014
622,80,4932.YIL003W,7,0.875,0.373,0.014
623,80,4932.YGL091C,7,0.875,0.373,0.014
624,80,4932.YIL128W,7,0.875,0.373,0.014
625,80,4932.YHR122W,7,0.875,0.373,0.014
626,81,4932.YBL014C,7,1.000,0.381,0.036
627,81,4932.YLR141W,7,1.000,0.381,0.036
628,81,4932.YJL025W,7,1.000,0.381,0.036
629,81,4932.YML043C,7,1.000,0.381,0.036
630,82,4932.YFL021W,0,0.000,0.577,0.000
631,82,4932.YDL106C,0,0.000,0.577,0.000
632,82,4932.YEL009C,0,0.000,0.577,0.000
633,83,4932.YGL016W,11,0.550,0.237,0.009
634,83,4932.YNL189W,12,0.600,0.239,0.025
635,83,4932.YDR335W,11,0.550,0.230,0.014
636,83,4932.YGL241W,11,0.550,0.237,0.009
637,83,4932.YOR160W,11,0.550,0.235,0.010
638,83,4932.YOR185C,12,0.600,0.225,0.041
639,84,4932.YBR020W,6,1.000,0.405,0.033
640,84,4932.YML051W,6,1.000,0.405,0.033
641,84,4932.YDR009W,6,1.000,0.405,0.033
642,84,4932.YBR019C,6,1.000,0.405,0.033
643,85,4932.YLR244C,1,1.000,0.707,0.000
644,85,4932.YBL091C,1,1.000,0.707,0.000
645,86,4932.YDL040C,6,0.500,0.364,0.003
646,86,4932.YPR051W,7,0.583,0.391,0.059
647,86,4932.YHR013C,7,0.583,0.381,0.056
648,86,4932.YOR253W,7,0.583,0.381,0.056
649,86,4932.YEL053C,7,0.583,0.391,0.059
650,86,4932.YCR020C-A,6,0.500,0.346,0.040
651,86,4932.YOL076W,5,0.417,0.315,0.000
652,87,4932.YOR091W,3,0.429,0.384,0.024
653,87,4932.YGR173W,3,0.429,0.417,0.048
654,88,4932.YHR026W,7,0.700,0.339,0.000
655,88,4932.YPL234C,7,0.700,0.339,0.000
656,88,4932.YPR036W,7,0.700,0.339,0.000
657,88,4932.YEL027W,7,0.700,0.339,0.000
658,88,4932.YKL080W,7,0.700,0.339,0.000
659,89,4932.YLR393W,0,0.000,0.707,0.000
660,89,4932.YJL180C,0,0.000,0.707,0.000
661,90,4932.YOL027C,1,1.000,0.707,0.000
662,90,4932.YER154W,1,1.000,0.707,0.000
663,91,4932.YML008C,17,0.654,0.217,0.007
664,91,4932.YMR202W,15,0.577,0.186,0.016
665,91,4932.YMR208W,15,0.577,0.180,0.008
666,91,4932.YPL028W,17,0.654,0.207,0.016
667,91,4932.YNR043W,15,0.577,0.181,0.009
668,91,4932.YLR056W,15,0.577,0.186,0.016
669,91,4932.YNL280C,16,0.615,0.207,0.004
670,91,4932.YPL117C,16,0.615,0.194,0.011
671,91,4932.YLR100W,17,0.654,0.212,0.015
672,91,4932.YJL167W,17,0.654,0.206,0.014
673,91,4932.YMR015C,15,0.577,0.184,0.027
674,92,4932.YDL193W,5,0.455,0.272,0.048
675,92,4932.YBR002C,5,0.455,0.272,0.048
676,92,4932.YJR117W,5,0.455,0.306,0.008
677,92,4932.YDR410C,5,0.455,0.306,0.008
678,92,4932.YMR101C,5,0.455,0.272,0.048
679,93,4932.YML110C,9,0.692,0.321,0.004
680,93,4932.YNR041C,9,0.692,0.305,0.034
681,93,4932.YDR204W,9,0.692,0.321,0.004
682,93,4932.YLR201C,9,0.692,0.321,0.004
683,93,4932.YGL119W,9,0.692,0.305,0.034
684,93,4932.YBR003W,9,0.692,0.321,0.004
685,94,4932.YIL031W,9,0.562,0.292,0.009
686,94,4932.YDR409W,9,0.562,0.292,0.009
687,94,4932.YOR156C,10,0.625,0.296,0.134
688,94,4932.YDR390C,8,0.500,0.276,0.000
689,94,4932.YPR180W,8,0.500,0.276,0.000
690,94,4932.YPL020C,10,0.625,0.296,0.134
691,95,4932.YDL207W,27,0.482,0.180,0.032
692,95,4932.YJR042W,28,0.500,0.193,0.007
693,95,4932.YML103C,25,0.446,0.171,0.006
694,95,4932.YAR002W,19,0.339,0.133,0.001
695,95,4932.YMR153W,23,0.411,0.153,0.005
696,95,4932.YDR192C,25,0.446,0.167,0.022
697,95,4932.YDL088C,28,0.500,0.191,0.007
698,95,4932.YMR047C,27,0.482,0.192,0.006
699,95,4932.YIL149C,18,0.321,0.128,0.001
700,95,4932.YER107C,27,0.482,0.187,0.009
701,95,4932.YIL115C,27,0.482,0.188,0.004
702,95,4932.YKL057C,19,0.339,0.141,0.001
703,95,4932.YKL068W,26,0.464,0.187,0.005
704,95,4932.YJL061W,23,0.411,0.165,0.004
705,95,4932.YGL172W,28,0.500,0.197,0.007
706,95,4932.YMR129W,22,0.393,0.150,0.003
707,95,4932.YER105C,27,0.482,0.189,0.008
708,96,4932.YBR082C,0,1.000,1.000,0.000
709,97,4932.YDR451C,3,0.600,0.470,0.050
710,97,4932.YML027W,3,0.600,0.470,0.050
711,98,4932.YMR076C,10,0.909,0.325,0.022
712,98,4932.YFL008W,10,0.909,0.315,0.052
713,98,4932.YDL003W,10,0.909,0.325,0.022
714,98,4932.YFR027W,10,0.909,0.325,0.022
715,99,4932.YJL141C,0,1.000,1.000,0.000
716,100,4932.YDL076C,19,0.704,0.242,0.010
717,100,4932.YKR029C,19,0.704,0.226,0.047
718,100,4932.YCR033W,19,0.704,0.213,0.054
719,100,4932.YAL013W,17,0.630,0.226,0.004
720,100,4932.YIL084C,19,0.704,0.241,0.012
721,100,4932.YNL097C,19,0.704,0.241,0.012
722,100,4932.YPL181W,19,0.704,0.242,0.010
723,100,4932.YBR095C,18,0.667,0.235,0.006
724,100,4932.YMR263W,17,0.630,0.226,0.004
725,101,4932.YKL210W,0,0.000,0.707,0.000
726,101,4932.YGL087C,0,0.000,0.707,0.000
727,102,4932.YBR186W,7,0.368,0.248,0.021
728,102,4932.YIL073C,8,0.421,0.262,0.042
729,102,4932.YGL183C,7,0.368,0.250,0.014
730,102,4932.YLR394W,6,0.316,0.215,0.020
731,102,4932.YGL251C,7,0.368,0.254,0.017
732,102,4932.YPL164C,6,0.316,0.233,0.003
733,102,4932.YER179W,8,0.421,0.256,0.032
734,102,4932.YDR285W,8,0.421,0.230,0.097
735,102,4932.YOR351C,6,0.316,0.156,0.033
736,103,4932.YJL090C,31,0.517,0.128,0.004
737,103,4932.YJR068W,36,0.600,0.143,0.007
738,103,4932.YIL150C,34,0.567,0.144,0.004
739,103,4932.YNL273W,32,0.533,0.122,0.015
740,103,4932.YMR048W,34,0.567,0.136,0.014
741,103,4932.YDR052C,30,0.500,0.130,0.002
742,103,4932.YLL004W,30,0.500,0.129,0.002
743,103,4932.YMR078C,31,0.517,0.119,0.014
744,103,4932.YPR162C,30,0.500,0.129,0.002
745,103,4932.YML065W,32,0.533,0.137,0.003
746,103,4932.YDL102W,33,0.550,0.130,0.009
747,103,4932.YNL261W,35,0.583,0.147,0.005
748,103,4932.YDR013W,37,0.617,0.152,0.007
749,103,4932.YDR489W,35,0.583,0.146,0.005
750,103,4932.YOL146W,32,0.533,0.133,0.003
751,103,4932.YJL072C,35,0.583,0.144,0.006
752,103,4932.YBR060C,36,0.600,0.151,0.005
753,104,4932.YLR215C,0,0.000,0.707,0.000
754,104,4932.YDR092W,0,0.000,0.707,0.000
755,105,4932.YDR314C,0,1.000,1.000,0.000
756,106,4932.YDR295C,2,1.000,0.577,0.000
757,106,4932.YPR179C,2,1.000,0.577,0.000
758,106,4932.YNL021W,2,1.000,0.577,0.000
759,107,4932.YGR178C,3,0.600,0.469,0.150
760,107,4932.YHR121W,3,0.600,0.469,0.150
761,108,4932.YOL058W,6,0.462,0.237,0.021
762,108,4932.YAL062W,6,0.462,0.316,0.001
763,108,4932.YDR111C,6,0.462,0.316,0.001
764,108,4932.YOR375C,6,0.462,0.316,0.001
765,108,4932.YLR089C,6,0.462,0.316,0.001
766,108,4932.YDL215C,6,0.462,0.316,0.001
767,109,4932.YHR174W,16,0.842,0.247,0.025
768,109,4932.YPR074C,14,0.737,0.229,0.007
769,109,4932.YGR254W,16,0.842,0.247,0.025
770,109,4932.YAL038W,16,0.842,0.252,0.017
771,109,4932.YOR347C,15,0.789,0.240,0.013
772,110,4932.YFL030W,1,0.333,0.707,0.000
773,110,4932.YEL046C,1,0.333,0.707,0.000
774,111,4932.YMR062C,7,0.875,0.410,0.065
775,111,4932.YJL071W,5,0.625,0.338,0.000
776,111,4932.YOL140W,5,0.625,0.338,0.000
777,111,4932.YJL088W,6,0.750,0.379,0.018
778,111,4932.YER069W,7,0.875,0.410,0.065
779,111,4932.YHR018C,7,0.875,0.410,0.065
780,112,4932.YPL262W,1,1.000,0.707,0.000
781,112,4932.YDL078C,1,1.000,0.707,0.000
782,113,4932.YMR300C,0,1.000,1.000,0.000
783,114,4932.YGL237C,3,1.000,0.500,0.000
784,114,4932.YBL021C,3,1.000,0.500,0.000
785,114,4932.YOR358W,3,1.000,0.500,0.000
786,114,4932.YKL109W,3,1.000,0.500,0.000
787,115,4932.YBR208C,0,0.000,0.577,0.000
788,115,4932.YMR292W,0,0.000,0.577,0.000
789,115,4932.YIR028W,0,0.000,0.577,0.000
790,116,4932.YGL173C,2,0.667,0.577,0.000
791,116,4932.YMR080C,2,0.667,0.577,0.000
792,116,4932.YNL118C,2,0.667,0.577,0.000
793,117,4932.YNL277W,6,0.500,0.320,0.000
794,117,4932.YFR030W,7,0.583,0.354,0.015
795,117,4932.YKR069W,7,0.583,0.354,0.015
796,117,4932.YJR137C,7,0.583,0.354,0.015
797,118,4932.YJR060W,4,1.000,0.479,0.056
798,118,4932.YNL103W,4,1.000,0.479,0.056
799,118,4932.YIR017C,4,1.000,0.479,0.056
800,119,4932.YGL184C,10,0.625,0.289,0.013
801,119,4932.YML082W,10,0.625,0.295,0.004
802,119,4932.YGR155W,10,0.625,0.289,0.013
803,119,4932.YLL058W,10,0.625,0.295,0.004
804,119,4932.YLR303W,10,0.625,0.295,0.004
805,120,4932.YLR092W,0,1.000,1.000,0.000
806,121,4932.YLR300W,1,0.333,0.707,0.000
807,121,4932.YIL162W,1,0.333,0.707,0.000
808,122,4932.YGR288W,2,0.250,0.307,0.000
809,122,4932.YBR297W,3,0.375,0.439,0.000
810,122,4932.YBR298C,3,0.375,0.439,0.000
811,123,4932.YGL253W,4,0.444,0.376,0.000
812,123,4932.YLR446W,4,0.444,0.376,0.000
813,124,4932.YNL195C,7,0.100,0.051,0.001
814,124,4932.YLR251W,8,0.114,0.077,0.004
815,124,4932.YGL121C,7,0.100,0.079,0.000
816,124,4932.YDR001C,14,0.200,0.125,0.012
817,124,4932.YPR184W,12,0.171,0.127,0.010
818,124,4932.YDL222C,7,0.100,0.051,0.001
819,124,4932.YBR001C,7,0.100,0.053,0.001
820,124,4932.YFL014W,10,0.143,0.111,0.008
821,124,4932.YNL200C,7,0.100,0.093,0.000
822,124,4932.YMR090W,7,0.100,0.087,0.000
823,124,4932.YLR270W,7,0.100,0.090,0.000
824,124,4932.YJR096W,8,0.114,0.095,0.000
825,124,4932.YBR072W,12,0.171,0.127,0.002
826,124,4932.YKL151C,10,0.143,0.110,0.004
827,124,4932.YHL021C,11,0.157,0.106,0.002
828,124,4932.YMR196W,8,0.114,0.105,0.000
829,124,4932.YPL186C,8,0.114,0.101,0.000
830,124,4932.YNL274C,8,0.114,0.104,0.000
831,125,4932.YOR279C,0,0.000,0.577,0.000
832,125,4932.YJL106W,0,0.000,0.577,0.000
833,125,4932.YGR044C,0,0.000,0.577,0.000
834,126,4932.YJL137C,5,0.455,0.326,0.000
835,126,4932.YPR160W,5,0.455,0.326,0.000
836,126,4932.YLR258W,6,0.545,0.365,0.009
837,127,4932.YER008C,12,0.545,0.283,0.003
838,127,4932.YDR166C,12,0.545,0.279,0.009
839,127,4932.YLR166C,12,0.545,0.283,0.003
840,127,4932.YIL068C,12,0.545,0.279,0.009
841,127,4932.YJL085W,12,0.545,0.277,0.010
842,127,4932.YDR164C,11,0.500,0.267,0.001
843,127,4932.YNL272C,10,0.455,0.227,0.021
844,127,4932.YBR102C,12,0.545,0.277,0.010
845,128,4932.YFR042W,3,0.429,0.400,0.024
846,128,4932.YPR159W,3,0.429,0.424,0.024
847,128,4932.YOR336W,3,0.429,0.400,0.024
848,129,4932.YNL049C,2,1.000,0.577,0.000
849,129,4932.YIL109C,2,1.000,0.577,0.000
850,129,4932.YHR098C,2,1.000,0.577,0.000
851,130,4932.YBL040C,7,0.280,0.209,0.003
852,130,4932.YEL022W,9,0.360,0.232,0.019
853,130,4932.YNL204C,6,0.240,0.185,0.005
854,130,4932.YFR051C,7,0.280,0.222,0.000
855,130,4932.YPL010W,8,0.320,0.242,0.003
856,130,4932.YIL076W,7,0.280,0.222,0.000
857,131,4932.YEL048C,10,0.455,0.240,0.000
858,131,4932.YDR108W,11,0.500,0.261,0.005
859,131,4932.YDR472W,12,0.545,0.279,0.006
860,131,4932.YGR166W,11,0.500,0.251,0.005
861,131,4932.YPR181C,10,0.455,0.227,0.006
862,131,4932.YBR254C,12,0.545,0.279,0.006
863,131,4932.YDR246W,12,0.545,0.279,0.006
864,132,4932.YPR183W,8,0.444,0.221,0.027
865,132,4932.YOR067C,9,0.500,0.306,0.007
866,132,4932.YGL047W,8,0.444,0.268,0.006
867,132,4932.YNL219C,8,0.444,0.277,0.004
868,132,4932.YNR030W,9,0.500,0.297,0.011
869,132,4932.YBL082C,8,0.444,0.272,0.009
870,133,4932.YBL063W,8,0.500,0.280,0.005
871,133,4932.YPL155C,8,0.500,0.272,0.010
872,133,4932.YCL029C,9,0.562,0.302,0.014
873,133,4932.YGL216W,8,0.500,0.283,0.004
874,133,4932.YOR058C,9,0.562,0.295,0.014
875,133,4932.YPR141C,8,0.500,0.283,0.004
876,134,4932.YJL013C,12,0.211,0.154,0.006
877,134,4932.YGL215W,10,0.175,0.055,0.001
878,134,4932.YPR120C,12,0.211,0.136,0.012
879,134,4932.YER111C,13,0.228,0.096,0.015
880,134,4932.YER059W,12,0.211,0.104,0.009
881,134,4932.YOL001W,13,0.228,0.106,0.015
882,134,4932.YDL155W,10,0.175,0.144,0.002
883,134,4932.YPL256C,13,0.228,0.121,0.013
884,134,4932.YDL028C,13,0.228,0.149,0.003
885,134,4932.YPL209C,13,0.228,0.146,0.035
886,134,4932.YOR026W,12,0.211,0.149,0.005
887,134,4932.YDR146C,10,0.175,0.105,0.006
888,134,4932.YIL144W,11,0.193,0.131,0.001
889,134,4932.YLR182W,13,0.228,0.085,0.025
890,134,4932.YAL040C,12,0.211,0.113,0.026
891,134,4932.YLR210W,10,0.175,0.144,0.002
892,134,4932.YGR188C,12,0.211,0.154,0.006
893,134,4932.YPL219W,12,0.211,0.104,0.009
894,135,4932.YDR121W,1,0.500,0.707,0.000
895,135,4932.YJL065C,1,0.500,0.707,0.000
896,136,4932.YJR057W,4,0.800,0.447,0.000
897,136,4932.YIL066C,4,0.800,0.447,0.000
898,136,4932.YGR180C,4,0.800,0.447,0.000
899,136,4932.YJL026W,4,0.800,0.447,0.000
900,136,4932.YER070W,4,0.800,0.447,0.000
901,137,4932.YMR055C,9,0.529,0.291,0.018
902,137,4932.YAL024C,10,0.588,0.304,0.046
903,137,4932.YJR053W,9,0.529,0.291,0.018
904,137,4932.YIL106W,10,0.588,0.310,0.029
905,137,4932.YJL076W,7,0.412,0.175,0.046
906,137,4932.YHR152W,7,0.412,0.205,0.027
907,137,4932.YGR092W,10,0.588,0.313,0.021
908,138,4932.YPR046W,15,0.441,0.220,0.021
909,138,4932.YPL018W,15,0.441,0.229,0.012
910,138,4932.YGR179C,15,0.441,0.223,0.014
911,138,4932.YDR016C,12,0.353,0.132,0.014
912,138,4932.YDR383C,12,0.353,0.198,0.000
913,138,4932.YDR318W,15,0.441,0.227,0.008
914,138,4932.YKL052C,13,0.382,0.137,0.035
915,138,4932.YDR201W,12,0.353,0.120,0.013
916,138,4932.YLR315W,12,0.353,0.198,0.000
917,138,4932.YJR135C,14,0.412,0.208,0.018
918,138,4932.YGR113W,12,0.353,0.128,0.006
919,139,4932.YAL044C,9,0.562,0.226,0.118
920,139,4932.YGR204W,11,0.688,0.299,0.022
921,139,4932.YBR263W,11,0.688,0.294,0.036
922,139,4932.YBR084W,11,0.688,0.299,0.022
923,139,4932.YPL023C,10,0.625,0.286,0.012
924,139,4932.YGL125W,10,0.625,0.286,0.012
925,140,4932.YLR442C,1,0.500,0.707,0.000
926,140,4932.YDL042C,1,0.500,0.707,0.000
927,141,4932.YOL059W,6,0.600,0.325,0.050
928,141,4932.YHL032C,6,0.600,0.333,0.078
929,141,4932.YIL053W,6,0.600,0.355,0.076
930,141,4932.YER062C,6,0.600,0.355,0.076
931,141,4932.YDL022W,6,0.600,0.325,0.050
932,142,4932.YOR142W,10,0.769,0.305,0.010
933,142,4932.YNR001C,10,0.769,0.305,0.010
934,142,4932.YPR001W,10,0.769,0.289,0.055
935,142,4932.YKL085W,10,0.769,0.305,0.010
936,143,4932.YOR187W,0,1.000,1.000,0.000
937,144,4932.YGR193C,5,0.455,0.406,0.018
938,144,4932.YFL018C,5,0.455,0.389,0.045
939,144,4932.YPL017C,3,0.273,0.268,0.000
940,145,4932.YKR087C,1,0.500,0.707,0.000
941,145,4932.YGR101W,1,0.500,0.707,0.000
942,146,4932.YJR077C,0,0.000,0.707,0.000
943,146,4932.YMR241W,0,0.000,0.707,0.000
944,147,4932.YGR033C,14,0.359,0.154,0.006
945,147,4932.YDL217C,17,0.436,0.193,0.013
946,147,4932.YJL143W,17,0.436,0.188,0.014
947,147,4932.YML054C,13,0.333,0.158,0.003
948,147,4932.YHR083W,15,0.385,0.150,0.009
949,147,4932.YJL104W,14,0.359,0.150,0.007
950,147,4932.YPR133W-A,13,0.333,0.154,0.004
951,147,4932.YNL026W,16,0.410,0.161,0.014
952,147,4932.YMR060C,14,0.359,0.146,0.007
953,147,4932.YAL010C,15,0.385,0.147,0.052
954,147,4932.YOR045W,13,0.333,0.155,0.003
955,147,4932.YMR056C,13,0.333,0.147,0.009
956,147,4932.YLR008C,13,0.333,0.140,0.005
957,147,4932.YLR259C,16,0.410,0.185,0.008
958,147,4932.YLL006W,13,0.333,0.149,0.006
959,148,4932.YDR341C,18,0.450,0.177,0.011
960,148,4932.YPR033C,19,0.475,0.175,0.062
961,148,4932.YOL033W,16,0.400,0.112,0.064
962,148,4932.YPL097W,16,0.400,0.132,0.021
963,148,4932.YNL073W,17,0.425,0.167,0.009
964,148,4932.YOL097C,18,0.450,0.178,0.011
965,148,4932.YGR094W,18,0.450,0.172,0.014
966,148,4932.YGL105W,16,0.400,0.165,0.008
967,148,4932.YER087W,16,0.400,0.142,0.015
968,148,4932.YIL078W,20,0.500,0.190,0.022
969,148,4932.YHR020W,20,0.500,0.199,0.010
970,148,4932.YOR335C,18,0.450,0.188,0.005
971,148,4932.YBR121C,17,0.425,0.180,0.004
972,149,4932.YIR031C,8,0.471,0.250,0.024
973,149,4932.YNL071W,9,0.529,0.303,0.005
974,149,4932.YNR016C,8,0.471,0.278,0.002
975,149,4932.YBL015W,9,0.529,0.303,0.005
976,150,4932.YPL029W,0,0.000,0.577,0.000
977,150,4932.YMR228W,0,0.000,0.577,0.000
978,150,4932.YOR330C,0,0.000,0.577,0.000
979,151,4932.YOL072W,1,0.333,0.707,0.000
980,151,4932.YOR257W,1,0.333,0.707,0.000
981,152,4932.YDR159W,6,0.500,0.231,0.015
982,152,4932.YNL253W,6,0.500,0.261,0.000
983,152,4932.YML062C,6,0.500,0.261,0.000
984,152,4932.YPL169C,6,0.500,0.231,0.015
985,152,4932.YDL084W,10,0.833,0.364,0.053
986,152,4932.YNL139C,10,0.833,0.364,0.053
987,152,4932.YDR138W,10,0.833,0.364,0.053
988,152,4932.YHR167W,8,0.667,0.312,0.015
989,153,4932.YIL132C,5,1.000,0.408,0.000
990,153,4932.YGR258C,5,1.000,0.408,0.000
991,153,4932.YDR078C,5,1.000,0.408,0.000
992,153,4932.YER162C,5,1.000,0.408,0.000
993,153,4932.YHL006C,5,1.000,0.408,0.000
994,153,4932.YLR376C,5,1.000,0.408,0.000
995,154,4932.YKL042W,5,0.833,0.382,0.100
996,154,4932.YAL047C,5,0.833,0.412,0.017
997,154,4932.YHR172W,5,0.833,0.412,0.017
998,154,4932.YNL126W,5,0.833,0.412,0.017
999,155,4932.YJR084W,0,1.000,1.000,0.000
1000,156,4932.YLR457C,3,0.750,0.470,0.083
1001,156,4932.YLL003W,3,0.750,0.470,0.083
1002,157,4932.YLL040C,1,0.333,0.707,0.000
1003,157,4932.YOR228C,1,0.333,0.707,0.000
1004,158,4932.YDR493W,0,0.000,0.707,0.000
1005,158,4932.YKL192C,0,0.000,0.707,0.000
1006,159,4932.YAL039C,0,0.000,0.707,0.000
1007,159,4932.YKL087C,0,0.000,0.707,0.000
1008,160,4932.YBL018C,11,0.846,0.287,0.006
1009,160,4932.YBR167C,11,0.846,0.287,0.006
1010,160,4932.YHR062C,11,0.846,0.287,0.006
1011,160,4932.YAL033W,12,0.923,0.300,0.025
1012,160,4932.YIR015W,12,0.923,0.290,0.040
1013,161,4932.YNL259C,1,0.500,0.707,0.000
1014,161,4932.YDR270W,1,0.500,0.707,0.000
1015,162,4932.YAR015W,0,0.000,0.577,0.000
1016,162,4932.YIL094C,0,0.000,0.577,0.000
1017,162,4932.YBR115C,0,0.000,0.577,0.000
1018,163,4932.YOL071W,0,0.000,0.707,0.000
1019,163,4932.YDR511W,0,0.000,0.707,0.000
1020,164,4932.YBR026C,4,0.444,0.295,0.007
1021,164,4932.YKL055C,5,0.556,0.336,0.030
1022,164,4932.YHR067W,4,0.444,0.295,0.007
1023,164,4932.YER061C,5,0.556,0.336,0.030
1024,165,4932.YLR327C,0,0.000,0.577,0.000
1025,165,4932.YGL080W,0,0.000,0.577,0.000
1026,165,4932.YOR100C,0,0.000,0.577,0.000
1027,166,4932.YGR277C,6,0.750,0.398,0.018
1028,166,4932.YOR054C,5,0.625,0.354,0.000
1029,166,4932.YKR072C,5,0.625,0.354,0.000
1030,166,4932.YIL083C,6,0.750,0.398,0.018
1031,166,4932.YKL088W,6,0.750,0.398,0.018
1032,167,4932.YIL134W,3,0.750,0.482,0.000
1033,167,4932.YDR236C,3,0.750,0.482,0.000
1034,167,4932.YMR178W,3,0.750,0.482,0.000
1035,168,4932.YNR045W,1,0.500,0.707,0.000
1036,168,4932.YGR222W,1,0.500,0.707,0.000
1037,169,4932.YER153C,0,0.000,0.707,0.000
1038,169,4932.YMR257C,0,0.000,0.707,0.000
1039,170,4932.YGL143C,0,0.000,0.577,0.000
1040,170,4932.YOR201C,0,0.000,0.577,0.000
1041,170,4932.YHR168W,0,0.000,0.577,0.000
1042,171,4932.YOL114C,0,1.000,1.000,0.000
1043,172,4932.YPL259C,12,0.480,0.228,0.034
1044,172,4932.YKL135C,11,0.440,0.232,0.012
1045,172,4932.YBR288C,10,0.400,0.190,0.008
1046,172,4932.YDR153C,12,0.480,0.241,0.027
1047,172,4932.YLR170C,10,0.400,0.198,0.016
1048,172,4932.YHL019C,9,0.360,0.180,0.008
1049,172,4932.YJR125C,9,0.360,0.203,0.004
1050,173,4932.YCR047C,0,1.000,1.000,0.000
1051,174,4932.YBR143C,3,0.600,0.439,0.000
1052,174,4932.YDR172W,3,0.600,0.439,0.000
1053,175,4932.YGR218W,0,1.000,1.000,0.000
1054,176,4932.YDR165W,5,0.500,0.296,0.178
1055,176,4932.YML080W,5,0.500,0.354,0.000
1056,176,4932.YBL024W,6,0.600,0.399,0.044
1057,176,4932.YOL124C,6,0.600,0.399,0.044
1058,176,4932.YDL201W,6,0.600,0.399,0.044
1059,176,4932.YJL125C,6,0.600,0.399,0.044
1060,177,4932.YHL034C,1,0.053,0.167,0.000
1061,177,4932.YOR286W,1,0.053,0.049,0.000
1062,177,4932.YDR515W,1,0.053,0.167,0.000
1063,177,4932.YLL013C,2,0.105,0.180,0.053
1064,177,4932.YGL094C,2,0.105,0.229,0.000
1065,177,4932.YKL025C,2,0.105,0.229,0.000
1066,177,4932.YPR129W,1,0.053,0.167,0.000
1067,178,4932.YOL132W,0,0.000,0.408,0.000
1068,178,4932.YLR249W,0,0.000,0.408,0.000
1069,178,4932.YMR215W,0,0.000,0.408,0.000
1070,178,4932.YOL030W,0,0.000,0.408,0.000
1071,178,4932.YMR307W,0,0.000,0.408,0.000
1072,178,4932.YLR343W,0,0.000,0.408,0.000
1073,179,4932.YLL019C,0,0.000,0.707,0.000
1074,179,4932.YDR432W,0,0.000,0.707,0.000
1075,180,4932.YLR329W,4,0.800,0.440,0.000
1076,180,4932.YHR157W,4,0.800,0.440,0.000
1077,180,4932.YMR133W,4,0.800,0.440,0.000
1078,180,4932.YER044C-A,4,0.800,0.440,0.000
1079,181,4932.YPL157W,0,1.000,1.000,0.000
1080,182,4932.YKL204W,0,0.000,0.707,0.000
1081,182,4932.YLR116W,0,0.000,0.707,0.000
1082,183,4932.YGR102C,2,1.000,0.577,0.000
1083,183,4932.YMR293C,2,1.000,0.577,0.000
1084,183,4932.YBL080C,2,1.000,0.577,0.000
1085,184,4932.YLR283W,1,0.500,0.707,0.000
1086,184,4932.YLR281C,1,0.500,0.707,0.000
1087,185,4932.YMR089C,1,0.111,0.000,0.000
1088,185,4932.YMR302C,1,0.111,0.271,0.000
1089,185,4932.YER017C,1,0.111,0.000,0.000
1090,185,4932.YBR227C,1,0.111,0.271,0.000
1091,186,4932.YOR197W,3,1.000,0.557,0.167
1092,186,4932.YNL123W,3,1.000,0.557,0.167
1093,187,4932.YKR079C,0,1.000,1.000,0.000
1094,188,4932.YNR074C,0,0.000,0.707,0.000
1095,188,4932.YGR016W,0,0.000,0.707,0.000
1096,189,4932.YFR006W,0,1.000,1.000,0.000
1097,190,4932.YBR006W,1,0.333,0.707,0.000
1098,190,4932.YGR019W,1,0.333,0.707,0.000
1099,191,4932.YJR104C,2,1.000,0.577,0.000
1100,191,4932.YDR256C,2,1.000,0.577,0.000
1101,191,4932.YGR088W,2,1.000,0.577,0.000
1102,192,4932.YKL067W,0,1.000,1.000,0.000
1103,193,4932.YMR058W,3,0.375,0.391,0.000
1104,193,4932.YOR382W,3,0.375,0.342,0.018
1105,193,4932.YHL040C,4,0.500,0.466,0.054
1106,193,4932.YER145C,4,0.500,0.417,0.179
1107,194,4932.YCR010C,0,0.000,0.707,0.000
1108,194,4932.YLR174W,0,0.000,0.707,0.000
1109,195,4932.YLR355C,1,0.250,0.500,0.000
1110,195,4932.YOR108W,1,0.250,0.500,0.000
1111,196,4932.YGR008C,0,0.000,0.707,0.000
1112,196,4932.YDL181W,0,0.000,0.707,0.000
1113,197,4932.YDL107W,0,0.000,0.707,0.000
1114,197,4932.YBR185C,0,0.000,0.707,0.000
1115,198,4932.YLR109W,9,0.562,0.289,0.030
1116,198,4932.YLR043C,8,0.500,0.288,0.016
1117,198,4932.YBL064C,9,0.562,0.280,0.052
1118,198,4932.YKL086W,7,0.438,0.252,0.008
1119,198,4932.YDR353W,9,0.562,0.293,0.039
1120,198,4932.YDR453C,7,0.438,0.221,0.026
1121,198,4932.YHR106W,9,0.562,0.305,0.025
1122,199,4932.YNL329C,16,0.571,0.242,0.010
1123,199,4932.YJL210W,14,0.500,0.226,0.002
1124,199,4932.YMR026C,17,0.607,0.245,0.020
1125,199,4932.YKL197C,14,0.500,0.223,0.003
1126,199,4932.YDR265W,17,0.607,0.250,0.015
1127,199,4932.YNL214W,17,0.607,0.248,0.017
1128,199,4932.YDR329C,17,0.607,0.233,0.039
1129,199,4932.YDR142C,16,0.571,0.224,0.033
1130,199,4932.YGR077C,15,0.536,0.215,0.015
1131,199,4932.YOL044W,11,0.393,0.173,0.004
1132,200,4932.YMR020W,7,0.467,0.259,0.003
1133,200,4932.YEL020C,9,0.600,0.295,0.128
1134,200,4932.YLR151C,9,0.600,0.319,0.012
1135,200,4932.YJR019C,9,0.600,0.308,0.030
1136,200,4932.YBR041W,7,0.467,0.257,0.004
1137,201,4932.YJR078W,5,0.833,0.431,0.044
1138,201,4932.YDR428C,4,0.667,0.372,0.000
1139,201,4932.YLR231C,5,0.833,0.431,0.044
1140,201,4932.YJR025C,4,0.667,0.328,0.067
1141,201,4932.YJL060W,4,0.667,0.372,0.000
1142,202,4932.YHR008C,2,1.000,0.577,0.000
1143,202,4932.YHR050W,2,1.000,0.577,0.000
1144,202,4932.YGR257C,2,1.000,0.577,0.000
1145,203,4932.YOL067C,3,1.000,0.500,0.000
1146,203,4932.YNL076W,3,1.000,0.500,0.000
1147,203,4932.YGL252C,3,1.000,0.500,0.000
1148,203,4932.YBL103C,3,1.000,0.500,0.000
1149,204,4932.YCL018W,0,1.000,1.000,0.000
1150,205,4932.YBR112C,1,0.333,0.707,0.000
1151,205,4932.YPR065W,1,0.333,0.707,0.000
1152,206,4932.YLL001W,6,0.857,0.402,0.024
1153,206,4932.YOR211C,6,0.857,0.402,0.024
1154,206,4932.YIL065C,6,0.857,0.402,0.024
1155,207,4932.YLR028C,11,0.500,0.263,0.021
1156,207,4932.YNL141W,10,0.455,0.220,0.074
1157,207,4932.YHR216W,8,0.364,0.180,0.010
1158,207,4932.YLR432W,8,0.364,0.180,0.010
1159,207,4932.YMR120C,11,0.500,0.263,0.021
1160,207,4932.YJR105W,9,0.409,0.210,0.014
1161,207,4932.YML056C,8,0.364,0.178,0.023
1162,208,4932.YJR070C,1,1.000,0.707,0.000
1163,208,4932.YJR047C,1,1.000,0.707,0.000
1164,209,4932.YJR150C,2,0.500,0.523,0.000
1165,209,4932.YIL011W,2,0.500,0.523,0.000
1166,210,4932.YOR037W,0,0.000,0.500,0.000
1167,210,4932.YER086W,0,0.000,0.500,0.000
1168,210,4932.YCL064C,0,0.000,0.500,0.000
1169,210,4932.YDR158W,0,0.000,0.500,0.000
1170,211,4932.YOR251C,0,1.000,1.000,0.000
1171,212,4932.YLR168C,2,1.000,0.577,0.000
1172,212,4932.YKL053C-A,2,1.000,0.577,0.000
1173,212,4932.YLR193C,2,1.000,0.577,0.000
1174,213,4932.YNL100W,5,1.000,0.408,0.000
1175,213,4932.YBR262C,5,1.000,0.408,0.000
1176,213,4932.YGR235C,5,1.000,0.408,0.000
1177,213,4932.YKR016W,5,1.000,0.408,0.000
1178,213,4932.YFR011C,5,1.000,0.408,0.000
1179,213,4932.YCL057C-A,5,1.000,0.408,0.000
1180,214,4932.YJL130C,0,1.000,1.000,0.000
1181,215,4932.YDL171C,1,1.000,0.707,0.000
1182,215,4932.YPR035W,1,1.000,0.707,0.000
1183,216,4932.YOR303W,1,1.000,0.707,0.000
1184,216,4932.YJR109C,1,1.000,0.707,0.000
1185,217,4932.YAR075W,1,0.500,0.500,0.000
1186,217,4932.YMR217W,1,0.500,0.500,0.000
1187,218,4932.YLR160C,0,0.000,0.500,0.000
1188,218,4932.YLR158C,0,0.000,0.500,0.000
1189,218,4932.YLR155C,0,0.000,0.500,0.000
1190,218,4932.YLR157C,0,0.000,0.500,0.000
1191,219,4932.YMR084W,0,0.000,0.000,0.000
1192,219,4932.YNL192W,0,0.000,0.000,0.000
1193,219,4932.YOR302W,0,0.000,0.000,0.000
1194,219,4932.YKL104C,1,0.250,0.707,0.000
1195,219,4932.YEL058W,1,0.250,0.707,0.000
1196,220,4932.YGL062W,1,1.000,0.707,0.000
1197,220,4932.YBR218C,1,1.000,0.707,0.000
1198,221,4932.YDL080C,2,0.286,0.408,0.000
1199,221,4932.YDR081C,2,0.286,0.408,0.000
1200,221,4932.YGR087C,2,0.286,0.408,0.000
1201,221,4932.YLR044C,2,0.286,0.408,0.000
1202,221,4932.YLR134W,2,0.286,0.408,0.000
1203,221,4932.YBR240C,2,0.286,0.408,0.000
1204,222,4932.YMR175W,5,0.500,0.340,0.015
1205,222,4932.YBR116C,5,0.500,0.353,0.006
1206,222,4932.YDL223C,4,0.400,0.299,0.000
1207,222,4932.YLR354C,4,0.400,0.204,0.200
1208,223,4932.YGR256W,4,0.800,0.468,0.033
1209,223,4932.YHR183W,4,0.800,0.468,0.033
1210,224,4932.YDR403W,0,0.000,0.707,0.000
1211,224,4932.YPL223C,0,0.000,0.707,0.000
1212,225,4932.YOR034C,0,0.000,0.707,0.000
1213,225,4932.YHR042W,0,0.000,0.707,0.000
1214,226,4932.YPL280W,6,0.545,0.329,0.015
1215,226,4932.YOR391C,7,0.636,0.361,0.033
1216,226,4932.YML004C,7,0.636,0.359,0.042
1217,226,4932.YMR322C,7,0.636,0.361,0.033
1218,227,4932.YGR207C,1,1.000,0.707,0.000
1219,227,4932.YPR004C,1,1.000,0.707,0.000
1220,228,4932.YGL133W,5,0.833,0.448,0.044
1221,228,4932.YBR245C,5,0.833,0.448,0.044
1222,228,4932.YMR044W,4,0.667,0.392,0.000
1223,228,4932.YFR013W,4,0.667,0.392,0.000
1224,228,4932.YLR095C,5,0.833,0.448,0.044
1225,229,4932.YKR048C,0,0.000,0.707,0.000
1226,229,4932.YPL158C,0,0.000,0.707,0.000
1227,230,4932.YGL035C,4,0.211,0.141,0.102
1228,230,4932.YMR280C,3,0.158,0.104,0.012
1229,230,4932.YDR422C,6,0.316,0.329,0.000
1230,230,4932.YGL208W,6,0.316,0.329,0.000
1231,230,4932.YKL048C,3,0.158,0.176,0.000
1232,230,4932.YDR216W,3,0.158,0.087,0.099
1233,230,4932.YER027C,6,0.316,0.329,0.000
1234,231,4932.YER040W,1,0.125,0.354,0.000
1235,231,4932.YKR076W,1,0.125,0.271,0.000
1236,231,4932.YCL028W,1,0.125,0.354,0.000
1237,232,4932.YLR360W,9,0.409,0.244,0.002
1238,232,4932.YBR128C,9,0.409,0.226,0.013
1239,232,4932.YNR007C,8,0.364,0.191,0.007
1240,232,4932.YHR171W,8,0.364,0.177,0.015
1241,232,4932.YLR211C,9,0.409,0.244,0.002
1242,232,4932.YNL054W,9,0.409,0.241,0.001
1243,233,4932.YOR101W,6,0.353,0.263,0.000
1244,233,4932.YIL033C,8,0.471,0.313,0.009
1245,233,4932.YKL062W,5,0.294,0.210,0.000
1246,233,4932.YJL005W,8,0.471,0.313,0.009
1247,233,4932.YMR037C,5,0.294,0.210,0.000
1248,233,4932.YOR360C,7,0.412,0.283,0.006
1249,234,4932.YPR113W,0,1.000,1.000,0.000
1250,235,4932.YDL144C,0,0.000,0.707,0.000
1251,235,4932.YIL160C,0,0.000,0.707,0.000
1252,236,4932.YER081W,1,1.000,0.707,0.000
1253,236,4932.YIL074C,1,1.000,0.707,0.000
1254,237,4932.YMR113W,4,0.800,0.438,0.033
1255,238,4932.YLL021W,7,0.156,0.176,0.008
1256,238,4932.YDR309C,6,0.133,0.174,0.003
1257,238,4932.YGR152C,7,0.156,0.199,0.035
1258,238,4932.YLR332W,7,0.156,0.043,0.023
1259,238,4932.YOR212W,5,0.111,0.154,0.001
1260,238,4932.YOL112W,5,0.111,0.113,0.002
1261,238,4932.YNL293W,5,0.111,0.113,0.002
1262,238,4932.YLR371W,7,0.156,0.040,0.039
1263,238,4932.YOL105C,5,0.111,0.018,0.000
1264,238,4932.YOR008C,6,0.133,0.041,0.014
1265,238,4932.YPL115C,5,0.111,0.179,0.000
1266,238,4932.YGR023W,5,0.111,0.020,0.000
1267,238,4932.YER114C,5,0.111,0.132,0.007
1268,238,4932.YNL283C,5,0.111,0.020,0.000
1269,238,4932.YOR127W,7,0.156,0.194,0.011
1270,239,4932.YHR117W,0,0.000,0.577,0.000
1271,239,4932.YEL013W,0,0.000,0.577,0.000
1272,239,4932.YAR042W,0,0.000,0.577,0.000
1273,240,4932.YMR310C,2,0.286,0.577,0.000
1274,240,4932.YNL022C,2,0.286,0.577,0.000
1275,240,4932.YOR205C,0,0.000,0.000,0.000
1276,240,4932.YGL136C,0,0.000,0.000,0.000
1277,240,4932.YMR097C,0,0.000,0.000,0.000
1278,240,4932.YLR289W,0,0.000,0.000,0.000
1279,240,4932.YGR283C,2,0.286,0.577,0.000
1280,240,4932.YBR025C,0,0.000,0.000,0.000
1281,241,4932.YHR072W-A,0,1.000,1.000,0.000
1282,242,4932.YLR318W,0,0.000,0.707,0.000
1283,242,4932.YLR262C-A,0,0.000,0.707,0.000
1284,243,4932.YMR276W,0,1.000,1.000,0.000
1285,244,4932.YMR023C,2,1.000,0.577,0.000
1286,244,4932.YGL236C,2,1.000,0.577,0.000
1287,244,4932.YDL033C,2,1.000,0.577,0.000
1288,245,4932.YIR027C,2,0.500,0.577,0.000
1289,245,4932.YIR032C,2,0.500,0.577,0.000
1290,245,4932.YIR029W,2,0.500,0.577,0.000
1291,246,4932.YAL005C,2,0.333,0.485,0.000
1292,246,4932.YLL024C,2,0.333,0.485,0.000
1293,246,4932.YBR169C,2,0.333,0.357,0.400
1294,246,4932.YER103W,2,0.333,0.201,0.267
1295,247,4932.YPL225W,0,1.000,1.000,0.000
1296,248,4932.YBR153W,5,1.000,0.428,0.025
1297,248,4932.YBR256C,5,1.000,0.428,0.025
1298,248,4932.YBL033C,5,1.000,0.428,0.025
1299,248,4932.YDR487C,5,1.000,0.428,0.025
1300,249,4932.YGR240C,6,0.857,0.402,0.024
1301,249,4932.YMR205C,6,0.857,0.402,0.024
1302,249,4932.YJL155C,6,0.857,0.402,0.024
1303,250,4932.YER003C,1,1.000,0.707,0.000
1304,250,4932.YFL045C,1,1.000,0.707,0.000
1305,251,4932.YOL122C,0,0.000,0.577,0.000
1306,251,4932.YCR044C,0,0.000,0.577,0.000
1307,251,4932.YIL039W,0,0.000,0.577,0.000
1308,252,4932.YBR290W,0,1.000,1.000,0.000
1309,253,4932.YCR017C,0,0.000,0.707,0.000
1310,253,4932.YDR182W,0,0.000,0.707,0.000
1311,254,4932.YMR243C,6,0.500,0.323,0.009
1312,254,4932.YDR205W,6,0.500,0.300,0.029
1313,254,4932.YLR130C,7,0.583,0.351,0.026
1314,254,4932.YOR316C,6,0.500,0.323,0.009
1315,255,4932.YLR467W,6,0.500,0.333,0.015
1316,255,4932.YHL050C,6,0.500,0.342,0.008
1317,255,4932.YLR462W,4,0.333,0.248,0.000
1318,255,4932.YHR218W-A,4,0.333,0.248,0.000
1319,255,4932.YEL076C-A,6,0.500,0.342,0.008
1320,256,4932.YBR011C,1,1.000,0.707,0.000
1321,256,4932.YMR267W,1,1.000,0.707,0.000
1322,257,4932.YML060W,5,0.714,0.405,0.000
1323,257,4932.YOL043C,5,0.714,0.405,0.000
1324,257,4932.YML021C,5,0.714,0.405,0.000
1325,257,4932.YAL015C,5,0.714,0.405,0.000
1326,257,4932.YKL114C,5,0.714,0.405,0.000
1327,258,4932.YLR214W,2,0.333,0.435,0.000
1328,258,4932.YHR175W,2,0.333,0.435,0.000
1329,259,4932.YJR148W,4,0.667,0.436,0.056
1330,259,4932.YMR108W,4,0.667,0.436,0.056
1331,259,4932.YCL009C,3,0.500,0.365,0.000
1332,259,4932.YGL009C,3,0.500,0.339,0.022
1333,259,4932.YHR208W,3,0.500,0.339,0.022
1334,260,4932.YGR010W,5,0.625,0.448,0.024
1335,260,4932.YOR155C,4,0.500,0.392,0.000
1336,260,4932.YOR209C,5,0.625,0.448,0.024
1337,260,4932.YFR047C,5,0.625,0.448,0.024
1338,260,4932.YGL224C,4,0.500,0.392,0.000
1339,261,4932.YJR069C,0,1.000,1.000,0.000
1340,262,4932.YJR014W,2,1.000,0.577,0.000
1341,262,4932.YDR117C,2,1.000,0.577,0.000
1342,262,4932.YER007C-A,2,1.000,0.577,0.000
1343,263,4932.YOR106W,24,0.800,0.213,0.016
1344,263,4932.YBL050W,21,0.700,0.196,0.003
1345,263,4932.YBR080C,21,0.700,0.193,0.005
1346,263,4932.YMR017W,23,0.767,0.210,0.006
1347,263,4932.YHL031C,23,0.767,0.207,0.008
1348,263,4932.YOR327C,21,0.700,0.194,0.004
1349,263,4932.YLR093C,23,0.767,0.209,0.007
1350,263,4932.YAL030W,24,0.800,0.212,0.017
1351,263,4932.YIL004C,24,0.800,0.216,0.008
1352,263,4932.YMR197C,24,0.800,0.213,0.016
1353,264,4932.YMR025W,4,1.000,0.447,0.000
1354,264,4932.YIL071C,4,1.000,0.447,0.000
1355,264,4932.YOL117W,4,1.000,0.447,0.000
1356,264,4932.YDL216C,4,1.000,0.447,0.000
1357,264,4932.YDR179C,4,1.000,0.447,0.000
1358,265,4932.YHR129C,0,1.000,1.000,0.000
1359,266,4932.YPL174C,3,1.000,0.500,0.000
1360,266,4932.YDR106W,3,1.000,0.500,0.000
1361,266,4932.YLL049W,3,1.000,0.500,0.000
1362,266,4932.YMR294W,3,1.000,0.500,0.000
1363,267,4932.YKR067W,10,0.208,0.144,0.007
1364,267,4932.YPL110C,8,0.167,0.064,0.049
1365,267,4932.YER037W,9,0.188,0.126,0.004
1366,267,4932.YML059C,9,0.188,0.121,0.007
1367,267,4932.YER026C,9,0.188,0.124,0.005
1368,267,4932.YJR073C,11,0.229,0.176,0.002
1369,267,4932.YNR008W,12,0.250,0.176,0.010
1370,267,4932.YMR313C,12,0.250,0.159,0.014
1371,267,4932.YBL011W,9,0.188,0.136,0.005
1372,267,4932.YPR140W,8,0.167,0.101,0.047
1373,267,4932.YDR284C,12,0.250,0.149,0.019
1374,267,4932.YGR157W,10,0.208,0.163,0.001
1375,267,4932.YIL124W,8,0.167,0.116,0.003
1376,267,4932.YPR139C,9,0.188,0.131,0.004
1377,267,4932.YGR170W,9,0.188,0.149,0.000
1378,268,4932.YJR049C,0,0.000,0.500,0.000
1379,268,4932.YGR205W,0,0.000,0.500,0.000
1380,268,4932.YPL188W,0,0.000,0.500,0.000
1381,268,4932.YDR242W,0,0.000,0.500,0.000
1382,269,4932.YDR077W,0,0.000,0.577,0.000
1383,269,4932.YKL164C,0,0.000,0.577,0.000
1384,269,4932.YLR110C,0,0.000,0.577,0.000
1385,270,4932.YHR055C,2,0.667,0.523,0.000
1386,270,4932.YGL166W,2,0.667,0.523,0.000
1387,271,4932.YBR207W,0,0.000,0.707,0.000
1388,271,4932.YLR034C,0,0.000,0.707,0.000
1389,272,4932.YLR220W,0,1.000,1.000,0.000
1390,273,4932.YIL110W,4,0.364,0.374,0.021
1391,273,4932.YBR261C,3,0.273,0.237,0.145
1392,273,4932.YGR001C,3,0.273,0.289,0.012
1393,273,4932.YBR271W,4,0.364,0.360,0.027
1394,273,4932.YNL024C,3,0.273,0.276,0.006
1395,274,4932.YDR011W,2,0.333,0.577,0.000
1396,274,4932.YHR178W,0,0.000,0.000,0.000
1397,274,4932.YOR162C,0,0.000,0.000,0.000
1398,274,4932.YGR281W,2,0.333,0.577,0.000
1399,274,4932.YHR064C,0,0.000,0.000,0.000
1400,274,4932.YOR153W,2,0.333,0.577,0.000
1401,274,4932.YML076C,0,0.000,0.000,0.000
1402,275,4932.YOR281C,0,0.000,0.707,0.000
1403,275,4932.YNL313C,0,0.000,0.707,0.000
1404,276,4932.YGL063W,6,0.857,0.366,0.057
1405,276,4932.YLR165C,6,0.857,0.384,0.019
1406,277,4932.YDL101C,1,0.500,0.707,0.000
1407,277,4932.YML058W,1,0.500,0.707,0.000
1408,278,4932.YDR227W,0,1.000,1.000,0.000
1409,279,4932.YJL127C,0,1.000,1.000,0.000
1410,280,4932.YER014W,0,1.000,1.000,0.000
1411,281,4932.YLR223C,4,0.308,0.134,0.051
1412,281,4932.YLR453C,5,0.385,0.360,0.000
1413,281,4932.YBR275C,5,0.385,0.360,0.000
1414,281,4932.YPR104C,4,0.308,0.134,0.051
1415,282,4932.YOL149W,1,0.500,0.707,0.000
1416,282,4932.YEL015W,1,0.500,0.707,0.000
1417,283,4932.YBR141C,0,0.000,0.577,0.000
1418,283,4932.YIL096C,0,0.000,0.577,0.000
1419,283,4932.YNL063W,0,0.000,0.577,0.000
1420,284,4932.YJL097W,6,0.750,0.386,0.007
1421,284,4932.YCR034W,6,0.750,0.386,0.007
1422,284,4932.YDL015C,6,0.750,0.386,0.007
1423,284,4932.YBR159W,6,0.750,0.386,0.007
1424,285,4932.YNL295W,0,1.000,1.000,0.000
1425,286,4932.YIL087C,0,0.000,0.707,0.000
1426,286,4932.YPR155C,0,0.000,0.707,0.000
1427,287,4932.YBR101C,0,0.000,0.577,0.000
1428,287,4932.YJL144W,0,0.000,0.577,0.000
1429,287,4932.YPR158W,0,0.000,0.577,0.000
1430,288,4932.YBR109C,0,0.000,0.707,0.000
1431,288,4932.YNL225C,0,0.000,0.707,0.000
1432,289,4932.YDL100C,5,0.625,0.389,0.009
1433,289,4932.YOR007C,5,0.625,0.375,0.024
1434,289,4932.YGL020C,5,0.625,0.389,0.009
1435,290,4932.YIL145C,1,1.000,0.707,0.000
1436,290,4932.YBR176W,1,1.000,0.707,0.000
1437,291,4932.YIL164C,0,1.000,1.000,0.000
1438,292,4932.YBR161W,4,0.667,0.398,0.089
1439,292,4932.YKL004W,4,0.667,0.412,0.017
1440,292,4932.YDR367W,4,0.667,0.412,0.017
1441,292,4932.YDR072C,4,0.667,0.331,0.350
1442,292,4932.YBR036C,4,0.667,0.398,0.089
1443,293,4932.YDR279W,2,0.667,0.523,0.000
1444,293,4932.YLR154C,2,0.667,0.523,0.000
1445,294,4932.YDL089W,3,0.500,0.346,0.067
1446,294,4932.YER106W,3,0.500,0.387,0.000
1447,294,4932.YPL204W,3,0.500,0.387,0.000
1448,295,4932.YKR070W,0,1.000,1.000,0.000
1449,296,4932.YGL210W,3,0.375,0.396,0.036
1450,296,4932.YNL304W,3,0.375,0.396,0.036
1451,296,4932.YLR190W,3,0.375,0.382,0.012
1452,297,4932.YHR016C,1,1.000,0.707,0.000
1453,297,4932.YBL007C,1,1.000,0.707,0.000
1454,298,4932.YDR388W,2,0.250,0.523,0.000
1455,298,4932.YER060W-A,0,0.000,0.000,0.000
1456,298,4932.YKR019C,0,0.000,0.000,0.000
1457,298,4932.YMR192W,2,0.250,0.523,0.000
1458,298,4932.YGR241C,1,0.125,0.282,0.000
1459,298,4932.YJL083W,0,0.000,0.000,0.000
1460,298,4932.YIL095W,0,0.000,0.000,0.000
1461,298,4932.YER060W,0,0.000,0.000,0.000
1462,299,4932.YDL161W,0,0.000,0.707,0.000
1463,299,4932.YLR206W,0,0.000,0.707,0.000
1464,300,4932.YLR319C,0,1.000,1.000,0.000
1465,301,4932.YOR094W,0,0.000,0.707,0.000
1466,301,4932.YBR164C,0,0.000,0.707,0.000
1467,302,4932.YDL117W,2,1.000,0.577,0.000
1468,302,4932.YBR038W,2,1.000,0.577,0.000
1469,302,4932.YMR032W,2,1.000,0.577,0.000
1470,303,4932.YCL045C,7,0.778,0.351,0.000
1471,303,4932.YKL207W,7,0.778,0.351,0.000
1472,303,4932.YJL192C,7,0.778,0.351,0.000
1473,303,4932.YIL027C,7,0.778,0.351,0.000
1474,303,4932.YDR056C,7,0.778,0.351,0.000
1475,303,4932.YLL014W,7,0.778,0.351,0.000
1476,304,4932.YOR338W,0,0.000,0.500,0.000
1477,304,4932.YJL080C,0,0.000,0.500,0.000
1478,304,4932.YBR172C,0,0.000,0.500,0.000
1479,304,4932.YOR359W,0,0.000,0.500,0.000
1480,305,4932.YML068W,0,1.000,1.000,0.000
1481,306,4932.YER042W,0,1.000,1.000,0.000
1482,307,4932.YDL219W,2,0.400,0.394,0.000
1483,307,4932.YKL034W,2,0.400,0.394,0.000
1484,307,4932.YLR114C,2,0.400,0.394,0.000
1485,307,4932.YOR223W,2,0.400,0.394,0.000
1486,308,4932.YPL154C,0,1.000,1.000,0.000
1487,309,4932.YNR052C,10,0.667,0.289,0.048
1488,309,4932.YNL288W,10,0.667,0.307,0.005
1489,309,4932.YDL165W,10,0.667,0.307,0.005
1490,309,4932.YPR072W,10,0.667,0.307,0.005
1491,309,4932.YIL038C,10,0.667,0.307,0.005
1492,309,4932.YGR134W,10,0.667,0.307,0.005
1493,310,4932.YDL092W,7,1.000,0.384,0.031
1494,310,4932.YPL243W,7,1.000,0.384,0.031
1495,310,4932.YPR088C,7,1.000,0.384,0.031
1496,310,4932.YPL210C,7,1.000,0.384,0.031
1497,311,4932.YBR113W,5,0.556,0.371,0.000
1498,311,4932.YMR245W,6,0.667,0.407,0.046
1499,311,4932.YER121W,6,0.667,0.407,0.046
1500,311,4932.YPL182C,5,0.556,0.371,0.000
1501,311,4932.YJL199C,6,0.667,0.407,0.046
1502,312,4932.YAR008W,3,1.000,0.557,0.167
1503,312,4932.YJL087C,3,1.000,0.557,0.167
1504,313,4932.YBL047C,0,0.000,0.707,0.000
1505,313,4932.YDR320C,0,0.000,0.707,0.000
1506,314,4932.YPR042C,0,0.000,0.707,0.000
1507,314,4932.YDL224C,0,0.000,0.707,0.000
1508,315,4932.YPL184C,0,0.000,0.707,0.000
1509,315,4932.YNL197C,0,0.000,0.707,0.000
1510,316,4932.YPL200W,2,1.000,0.577,0.000
1511,316,4932.YJL019W,2,1.000,0.577,0.000
1512,316,4932.YOL104C,2,1.000,0.577,0.000
1513,317,4932.YDL168W,2,0.333,0.321,0.267
1514,317,4932.YGL258W,2,0.333,0.455,0.000
1515,317,4932.YOR387C,2,0.333,0.455,0.000
1516,318,4932.YHR113W,0,0.000,0.707,0.000
1517,318,4932.YKL103C,0,0.000,0.707,0.000
1518,319,4932.YDR430C,0,0.000,0.707,0.000
1519,319,4932.YER078C,0,0.000,0.707,0.000
1520,320,4932.YIR002C,3,1.000,0.557,0.167
1521,320,4932.YOL086W-A,3,1.000,0.557,0.167
1522,321,4932.YJL105W,1,1.000,0.707,0.000
1523,321,4932.YHR207C,1,1.000,0.707,0.000
1524,322,4932.YGR238C,1,1.000,0.707,0.000
1525,322,4932.YHR158C,1,1.000,0.707,0.000
1526,323,4932.YDR310C,1,0.500,0.707,0.000
1527,323,4932.YHR124W,1,0.500,0.707,0.000
1528,324,4932.YJR024C,3,0.600,0.425,0.000
1529,324,4932.YEL038W,3,0.600,0.425,0.000
1530,325,4932.YDL246C,3,0.600,0.453,0.050
1531,325,4932.YHR104W,3,0.600,0.465,0.100
1532,325,4932.YGR194C,3,0.600,0.383,0.400
1533,326,4932.YDL052C,0,0.000,0.707,0.000
1534,326,4932.YGR045C,0,0.000,0.707,0.000
1535,327,4932.YGR046W,2,1.000,0.577,0.000
1536,327,4932.YDL142C,2,1.000,0.577,0.000
1537,327,4932.YHR100C,2,1.000,0.577,0.000
1538,328,4932.YOR006C,0,0.000,0.707,0.000
1539,328,4932.YCR051W,0,0.000,0.707,0.000
1540,329,4932.YOR334W,0,0.000,0.707,0.000
1541,329,4932.YPL060W,0,0.000,0.707,0.000
1542,330,4932.YFL050C,0,0.000,0.500,0.000
1543,330,4932.YKL064W,0,0.000,0.500,0.000
1544,330,4932.YOL130W,0,0.000,0.500,0.000
1545,330,4932.YJL133W,0,0.000,0.500,0.000
1546,331,4932.YCR073C,5,0.714,0.418,0.012
1547,331,4932.YDL235C,5,0.714,0.418,0.012
1548,331,4932.YNR031C,5,0.714,0.418,0.012
1549,332,4932.YPL045W,12,0.667,0.277,0.008
1550,332,4932.YLR396C,13,0.722,0.282,0.046
1551,332,4932.YKR014C,13,0.722,0.259,0.220
1552,332,4932.YDR495C,13,0.722,0.293,0.015
1553,332,4932.YMR231W,13,0.722,0.293,0.015
1554,332,4932.YOR089C,12,0.667,0.276,0.011
1555,332,4932.YLR148W,13,0.722,0.293,0.015
1556,332,4932.YDL077C,12,0.667,0.262,0.050
1557,333,4932.YPL036W,0,0.000,0.707,0.000
1558,333,4932.YGL008C,0,0.000,0.707,0.000
1559,334,4932.YPR131C,0,1.000,1.000,0.000
1560,335,4932.YNR019W,1,0.500,0.707,0.000
1561,335,4932.YCR048W,1,0.500,0.707,0.000
1562,336,4932.YLL031C,12,0.500,0.264,0.025
1563,336,4932.YGR216C,10,0.417,0.218,0.019
1564,336,4932.YDR302W,7,0.292,0.149,0.007
1565,336,4932.YHR188C,12,0.500,0.249,0.040
1566,336,4932.YLR459W,7,0.292,0.146,0.004
1567,336,4932.YDR437W,11,0.458,0.246,0.024
1568,336,4932.YPL076W,9,0.375,0.197,0.013
1569,336,4932.YDR331W,12,0.500,0.261,0.039
1570,337,4932.YKL043W,0,0.000,0.378,0.000
1571,337,4932.YMR164C,0,0.000,0.378,0.000
1572,337,4932.YHR211W,0,0.000,0.378,0.000
1573,337,4932.YOR140W,0,0.000,0.378,0.000
1574,337,4932.YAL063C,0,0.000,0.378,0.000
1575,337,4932.YAR050W,0,0.000,0.378,0.000
1576,337,4932.YKR102W,0,0.000,0.378,0.000
1577,338,4932.YIR019C,0,0.000,0.500,0.000
1578,338,4932.YOL116W,0,0.000,0.500,0.000
1579,338,4932.YDL233W,0,0.000,0.500,0.000
1580,338,4932.YER109C,0,0.000,0.500,0.000
1581,339,4932.YJR031C,0,1.000,1.000,0.000
1582,340,4932.YPR044C,1,0.500,0.707,0.000
1583,340,4932.YLR062C,1,0.500,0.707,0.000
1584,341,4932.YHR212W-A,2,0.667,0.523,0.000
1585,341,4932.YHR213W,2,0.667,0.523,0.000
1586,342,4932.YIL097W,6,0.750,0.376,0.000
1587,342,4932.YBR105C,6,0.750,0.376,0.000
1588,342,4932.YDR255C,6,0.750,0.376,0.000
1589,342,4932.YIL017C,6,0.750,0.376,0.000
1590,342,4932.YMR135C,6,0.750,0.376,0.000
1591,342,4932.YGL227W,6,0.750,0.376,0.000
1592,343,4932.YMR081C,0,1.000,1.000,0.000
1593,344,4932.YHL020C,3,0.500,0.438,0.000
1594,344,4932.YDR123C,3,0.500,0.438,0.000
1595,344,4932.YOL108C,3,0.500,0.438,0.000
1596,345,4932.YMR029C,5,1.000,0.428,0.025
1597,345,4932.YFR008W,5,1.000,0.428,0.025
1598,345,4932.YNL127W,5,1.000,0.428,0.025
1599,345,4932.YMR052W,5,1.000,0.428,0.025
1600,346,4932.YLR280C,0,0.000,0.707,0.000
1601,346,4932.YLR125W,0,0.000,0.707,0.000
1602,347,4932.YNL314W,0,0.000,0.707,0.000
1603,347,4932.YDL170W,0,0.000,0.707,0.000
1604,348,4932.YML067C,0,1.000,1.000,0.000
1605,349,4932.YKR099W,0,0.000,0.707,0.000
1606,349,4932.YFR034C,0,0.000,0.707,0.000
1607,350,4932.YOL068C,0,1.000,1.000,0.000
1608,351,4932.YFR003C,0,1.000,1.000,0.000
1609,352,4932.YDR436W,2,0.400,0.523,0.000
1610,352,4932.YML016C,2,0.400,0.523,0.000
1611,353,4932.YPL030W,2,0.500,0.491,0.000
1612,353,4932.YBR061C,3,0.750,0.565,0.500
1613,353,4932.YOL125W,3,0.750,0.565,0.500
1614,354,4932.YOL093W,0,1.000,1.000,0.000
1615,355,4932.YLR316C,0,1.000,1.000,0.000
1616,356,4932.YKR093W,0,0.000,0.707,0.000
1617,356,4932.YGL114W,0,0.000,0.707,0.000
1618,357,4932.YPR194C,0,0.000,0.577,0.000
1619,357,4932.YPL177C,0,0.000,0.577,0.000
1620,357,4932.YJL212C,0,0.000,0.577,0.000
1621,358,4932.YNL332W,4,0.333,0.278,0.000
1622,358,4932.YPL258C,7,0.583,0.399,0.023
1623,358,4932.YDL244W,4,0.333,0.278,0.000
1624,358,4932.YOL055C,7,0.583,0.399,0.023
1625,358,4932.YFL058W,4,0.333,0.278,0.000
1626,358,4932.YJR156C,4,0.333,0.278,0.000
1627,359,4932.YDR481C,0,0.000,0.707,0.000
1628,359,4932.YOR143C,0,0.000,0.707,0.000
1629,360,4932.YBR296C,6,0.429,0.226,0.055
1630,360,4932.YPL019C,6,0.429,0.316,0.002
1631,360,4932.YER072W,5,0.357,0.270,0.000
1632,360,4932.YJL012C,6,0.429,0.316,0.002
1633,361,4932.YPL034W,0,0.000,0.707,0.000
1634,361,4932.YCL033C,0,0.000,0.707,0.000
1635,362,4932.YKL069W,0,0.000,0.707,0.000
1636,362,4932.YLR126C,0,0.000,0.707,0.000
1637,363,4932.YFL017C,1,0.500,0.707,0.000
1638,363,4932.YDL103C,1,0.500,0.707,0.000
1639,364,4932.YOL095C,0,1.000,1.000,0.000
1640,365,4932.YDR538W,0,1.000,1.000,0.000
1641,366,4932.YBR023C,5,0.833,0.424,0.078
1642,366,4932.YKR027W,4,0.667,0.358,0.022
1643,366,4932.YHR142W,4,0.667,0.358,0.022
1644,366,4932.YJL099W,5,0.833,0.424,0.078
1645,367,4932.YLR342W,0,1.000,1.000,0.000
1646,368,4932.YDL225W,9,0.692,0.325,0.046
1647,368,4932.YDR218C,7,0.538,0.288,0.005
1648,368,4932.YGR059W,7,0.538,0.288,0.005
1649,369,4932.YML038C,0,0.000,0.577,0.000
1650,369,4932.YER039C-A,0,0.000,0.577,0.000
1651,369,4932.YPL244C,0,0.000,0.577,0.000
1652,370,4932.YLR149C,0,1.000,1.000,0.000
1653,371,4932.YFR017C,0,1.000,1.000,0.000
1654,372,4932.YKR095W-A,4,0.667,0.350,0.000
1655,372,4932.YGL169W,4,0.667,0.331,0.022
1656,372,4932.YJL184W,4,0.667,0.350,0.000
1657,372,4932.YKR038C,5,0.833,0.408,0.044
1658,373,4932.YPL128C,0,0.000,0.707,0.000
1659,373,4932.YBR049C,0,0.000,0.707,0.000
1660,374,4932.YER099C,7,1.000,0.373,0.019
1661,374,4932.YOL061W,7,1.000,0.373,0.019
1662,374,4932.YBL068W,7,1.000,0.373,0.019
1663,374,4932.YHL011C,7,1.000,0.373,0.019
1664,374,4932.YKL181W,7,1.000,0.373,0.019
1665,375,4932.YLL062C,0,0.000,0.707,0.000
1666,375,4932.YPL273W,0,0.000,0.707,0.000
1667,376,4932.YGR142W,0,1.000,1.000,0.000
1668,377,4932.YDL138W,2,1.000,0.577,0.000
1669,377,4932.YKL038W,2,1.000,0.577,0.000
1670,377,4932.YDL194W,2,1.000,0.577,0.000
1671,378,4932.YGR233C,0,1.000,1.000,0.000
1672,379,4932.YHR166C,12,1.000,0.277,0.000
1673,379,4932.YLR127C,12,1.000,0.277,0.000
1674,379,4932.YDR118W,12,1.000,0.277,0.000
1675,379,4932.YDL008W,12,1.000,0.277,0.000
1676,379,4932.YNL172W,12,1.000,0.277,0.000
1677,379,4932.YFR036W,12,1.000,0.277,0.000
1678,379,4932.YLR102C,12,1.000,0.277,0.000
1679,379,4932.YDR260C,12,1.000,0.277,0.000
1680,379,4932.YKL022C,12,1.000,0.277,0.000
1681,379,4932.YIR025W,12,1.000,0.277,0.000
1682,379,4932.YBL084C,12,1.000,0.277,0.000
1683,379,4932.YGL240W,12,1.000,0.277,0.000
1684,379,4932.YOR249C,12,1.000,0.277,0.000
1685,380,4932.YGR017W,1,0.333,0.500,0.000
1686,380,4932.YBR035C,1,0.333,0.500,0.000
1687,381,4932.YEL029C,0,0.000,0.707,0.000
1688,381,4932.YNR027W,0,0.000,0.707,0.000
1689,382,4932.YJR099W,2,1.000,0.577,0.000
1690,382,4932.YBR058C,2,1.000,0.577,0.000
1691,382,4932.YOR124C,2,1.000,0.577,0.000
1692,383,4932.YPL084W,16,0.727,0.228,0.101
1693,383,4932.YLR417W,16,0.727,0.243,0.011
1694,383,4932.YCL008C,16,0.727,0.243,0.011
1695,383,4932.YNR006W,16,0.727,0.238,0.014
1696,383,4932.YHL002W,14,0.636,0.214,0.006
1697,383,4932.YPR173C,16,0.727,0.218,0.111
1698,383,4932.YKR035W-A,14,0.636,0.202,0.016
1699,384,4932.YOR370C,2,0.667,0.577,0.000
1700,384,4932.YER136W,2,0.667,0.577,0.000
1701,384,4932.YML097C,2,0.667,0.577,0.000
1702,385,4932.YMR304W,0,1.000,1.000,0.000
1703,386,4932.YJL028W,5,0.833,0.405,0.000
1704,386,4932.YJL027C,5,0.833,0.405,0.000
1705,386,4932.YJL022W,5,0.833,0.405,0.000
1706,386,4932.YJR056C,5,0.833,0.405,0.000
1707,386,4932.YJL161W,5,0.833,0.405,0.000
1708,387,4932.YGL065C,0,0.000,0.577,0.000
1709,387,4932.YDL055C,0,0.000,0.577,0.000
1710,387,4932.YBR085C-A,0,0.000,0.577,0.000
1711,388,4932.YIL030C,0,1.000,1.000,0.000
1712,389,4932.YBR139W,0,0.000,0.500,0.000
1713,389,4932.YMR297W,0,0.000,0.500,0.000
1714,389,4932.YMR174C,0,0.000,0.500,0.000
1715,389,4932.YKR034W,0,0.000,0.500,0.000
1716,390,4932.YGR014W,2,0.333,0.330,0.000
1717,390,4932.YLR120C,3,0.500,0.469,0.100
1718,390,4932.YOR219C,2,0.333,0.290,0.000
1719,390,4932.YGL203C,2,0.333,0.290,0.000
1720,390,4932.YDR144C,3,0.500,0.469,0.100
1721,391,4932.YPR138C,2,1.000,0.577,0.000
1722,391,4932.YNL142W,2,1.000,0.577,0.000
1723,391,4932.YGR121C,2,1.000,0.577,0.000
1724,392,4932.YER163C,3,0.750,0.557,0.083
1725,392,4932.YOL049W,2,0.500,0.435,0.000
1726,392,4932.YLR299W,3,0.750,0.557,0.083
1727,392,4932.YKL215C,2,0.500,0.435,0.000
1728,393,4932.YDR513W,0,0.000,0.707,0.000
1729,393,4932.YCL035C,0,0.000,0.707,0.000
1730,394,4932.YOR099W,8,0.471,0.274,0.072
1731,394,4932.YDL095W,8,0.471,0.316,0.029
1732,394,4932.YDR245W,8,0.471,0.245,0.063
1733,394,4932.YDL093W,8,0.471,0.316,0.049
1734,394,4932.YBR205W,8,0.471,0.269,0.138
1735,395,4932.YJR092W,2,0.133,0.179,0.000
1736,395,4932.YGR041W,3,0.200,0.385,0.076
1737,395,4932.YIL140W,3,0.200,0.281,0.033
1738,395,4932.YLR353W,3,0.200,0.385,0.076
1739,395,4932.YLR084C,3,0.200,0.376,0.003
1740,395,4932.YML104C,2,0.133,0.145,0.076
1741,395,4932.YCL014W,3,0.200,0.281,0.033
1742,396,4932.YGL067W,1,0.333,0.500,0.000
1743,396,4932.YLR328W,1,0.333,0.500,0.000
1744,397,4932.YMR285C,2,0.667,0.523,0.000
1745,397,4932.YLR107W,2,0.667,0.523,0.000
1746,398,4932.YDL184C,0,1.000,1.000,0.000
1747,399,4932.YHR137W,0,1.000,1.000,0.000
1748,400,4932.YDR421W,0,0.000,0.707,0.000
1749,400,4932.YGL202W,0,0.000,0.707,0.000
1750,401,4932.YNL321W,2,0.333,0.412,0.000
1751,401,4932.YDR040C,2,0.333,0.412,0.000
1752,402,4932.YLR143W,0,1.000,1.000,0.000
1753,403,4932.YFR044C,1,0.500,0.707,0.000
1754,403,4932.YNL191W,1,0.500,0.707,0.000
1755,404,4932.YLR146C,3,0.750,0.482,0.000
1756,404,4932.YOL052C,3,0.750,0.482,0.000
1757,404,4932.YPR069C,3,0.750,0.482,0.000
1758,405,4932.YDR098C,2,0.667,0.523,0.000
1759,405,4932.YPL202C,2,0.667,0.523,0.000
1760,406,4932.YER020W,1,0.250,0.354,0.000
1761,406,4932.YHR005C,1,0.250,0.354,0.000
1762,406,4932.YBR140C,1,0.250,0.271,0.000
1763,406,4932.YOL081W,2,0.500,0.500,0.500
1764,407,4932.YBR223C,0,1.000,1.000,0.000
1765,408,4932.YMR070W,0,1.000,1.000,0.000
1766,409,4932.YBL067C,4,1.000,0.510,0.167
1767,409,4932.YER098W,4,1.000,0.510,0.167
1768,409,4932.YKR098C,3,0.750,0.439,0.000
1769,409,4932.YIL156W,3,0.750,0.439,0.000
1770,410,4932.YML047C,0,1.000,1.000,0.000
1771,411,4932.YKR007W,2,1.000,0.577,0.000
1772,411,4932.YDR414C,2,1.000,0.577,0.000
1773,411,4932.YCR075C,2,1.000,0.577,0.000
1774,412,4932.YAL007C,6,0.750,0.369,0.045
1775,412,4932.YGL200C,6,0.750,0.376,0.025
1776,412,4932.YAR002C-A,6,0.750,0.378,0.028
1777,412,4932.YGL002W,6,0.750,0.378,0.028
1778,413,4932.YPL236C,0,0.000,0.577,0.000
1779,413,4932.YMR111C,0,0.000,0.577,0.000
1780,413,4932.YKL047W,0,0.000,0.577,0.000
1781,414,4932.YFL034C-B,5,0.714,0.420,0.024
1782,414,4932.YNL161W,5,0.714,0.372,0.286
1783,414,4932.YOR353C,5,0.714,0.420,0.024
1784,414,4932.YIL129C,5,0.714,0.420,0.024
1785,415,4932.YML055W,3,1.000,0.500,0.000
1786,415,4932.YLR066W,3,1.000,0.500,0.000
1787,415,4932.YJR010C-A,3,1.000,0.500,0.000
1788,415,4932.YIR022W,3,1.000,0.500,0.000
1789,416,4932.YEL076C,4,1.000,0.447,0.000
1790,416,4932.YEL077C,4,1.000,0.447,0.000
1791,416,4932.YEL075W-A,4,1.000,0.447,0.000
1792,416,4932.YEL075C,4,1.000,0.447,0.000
1793,416,4932.YEL074W,4,1.000,0.447,0.000
1794,417,4932.YGL045W,6,0.750,0.362,0.000
1795,417,4932.YOR030W,6,0.750,0.362,0.000
1796,417,4932.YNL294C,6,0.750,0.362,0.000
1797,417,4932.YMR063W,6,0.750,0.362,0.000
1798,417,4932.YHL027W,7,0.875,0.379,0.089
1799,417,4932.YMR154C,7,0.875,0.379,0.089
1800,418,4932.YDL195W,0,1.000,1.000,0.000
1801,419,4932.YOR385W,1,0.500,0.707,0.000
1802,419,4932.YOL016C,1,0.500,0.707,0.000
1803,420,4932.YDL128W,5,0.625,0.429,0.027
1804,420,4932.YOR087W,4,0.500,0.364,0.018
1805,420,4932.YGL006W,5,0.625,0.372,0.223
1806,420,4932.YNL291C,5,0.625,0.396,0.062
1807,420,4932.YNL027W,4,0.500,0.364,0.018
1808,421,4932.YGL167C,0,0.000,0.577,0.000
1809,421,4932.YIR018W,0,0.000,0.577,0.000
1810,421,4932.YMR034C,0,0.000,0.577,0.000
1811,422,4932.YDR126W,1,0.333,0.707,0.000
1812,422,4932.YDR459C,1,0.333,0.707,0.000
1813,423,4932.YDL240W,0,1.000,1.000,0.000
1814,424,4932.YLR305C,3,1.000,0.557,0.167
1815,424,4932.YMR212C,3,1.000,0.557,0.167
1816,425,4932.YDR273W,0,0.000,0.707,0.000
1817,425,4932.YLR422W,0,0.000,0.707,0.000
1818,426,4932.YOR269W,0,1.000,1.000,0.000
1819,427,4932.YJR134C,0,0.000,0.707,0.000
1820,427,4932.YDR517W,0,0.000,0.707,0.000
1821,428,4932.YIL177C,0,1.000,1.000,0.000
1822,429,4932.YML133W-A,2,1.000,0.577,0.000
1823,429,4932.YML133W-B,2,1.000,0.577,0.000
1824,429,4932.YML133C,2,1.000,0.577,0.000
1825,430,4932.YDR521W,2,0.667,0.523,0.000
1826,430,4932.YKL102C,2,0.667,0.523,0.000
1827,431,4932.YLL067C,0,1.000,1.000,0.000
1828,432,4932.YDL124W,0,1.000,1.000,0.000
1829,433,4932.YKL096W-A,0,0.000,0.577,0.000
1830,433,4932.YJL159W,0,0.000,0.577,0.000
1831,433,4932.YER150W,0,0.000,0.577,0.000
1832,434,4932.YKL130C,0,0.000,0.447,0.000
1833,434,4932.YBL091C-A,0,0.000,0.447,0.000
1834,434,4932.YML072C,0,0.000,0.447,0.000
1835,434,4932.YHR195W,0,0.000,0.447,0.000
1836,434,4932.YER120W,0,0.000,0.447,0.000
1837,435,4932.YNL160W,0,1.000,1.000,0.000
1838,436,4932.YDR150W,0,1.000,1.000,0.000
1839,437,4932.YOR357C,7,0.583,0.315,0.010
1840,437,4932.YOR132W,8,0.667,0.344,0.020
1841,437,4932.YJL036W,7,0.583,0.277,0.061
1842,437,4932.YOR069W,7,0.583,0.311,0.010
1843,438,4932.YBR086C,0,1.000,1.000,0.000
1844,439,4932.YDR137W,2,0.286,0.290,0.000
1845,439,4932.YDR484W,3,0.429,0.469,0.071
1846,439,4932.YDR027C,3,0.429,0.469,0.071
1847,439,4932.YKR020W,2,0.286,0.330,0.000
1848,439,4932.YLR039C,2,0.286,0.290,0.000
1849,440,4932.YMR079W,0,1.000,1.000,0.000
1850,441,4932.YGR202C,0,0.000,0.707,0.000
1851,441,4932.YOR086C,0,0.000,0.707,0.000
1852,442,4932.YPL272C,0,0.000,0.707,0.000
1853,442,4932.YJL145W,0,0.000,0.707,0.000
1854,443,4932.YCR091W,0,0.000,0.000,0.000
1855,443,4932.YMR010W,0,0.000,0.000,0.000
1856,443,4932.YNR047W,0,0.000,0.000,0.000
1857,443,4932.YNR048W,0,0.000,0.000,0.000
1858,444,4932.YDR093W,1,0.333,0.500,0.000
1859,444,4932.YAL026C,1,0.333,0.500,0.000
1860,445,4932.YIL048W,2,1.000,0.577,0.000
1861,445,4932.YDR141C,2,1.000,0.577,0.000
1862,445,4932.YNL297C,2,1.000,0.577,0.000
1863,446,4932.YHR143W,7,0.500,0.363,0.015
1864,446,4932.YBR158W,5,0.357,0.272,0.000
1865,446,4932.YGL028C,7,0.500,0.363,0.015
1866,446,4932.YNR067C,6,0.429,0.327,0.000
1867,446,4932.YER124C,7,0.500,0.363,0.015
1868,446,4932.YNL327W,7,0.500,0.363,0.015
1869,446,4932.YNL066W,7,0.500,0.363,0.015
1870,447,4932.YBR280C,1,1.000,0.707,0.000
1871,447,4932.YLR097C,1,1.000,0.707,0.000
1872,448,4932.YGR003W,0,1.000,1.000,0.000
1873,449,4932.YLR380W,0,0.000,0.707,0.000
1874,449,4932.YNL264C,0,0.000,0.707,0.000
1875,450,4932.YFL059W,5,1.000,0.408,0.000
1876,450,4932.YMR096W,5,1.000,0.408,0.000
1877,450,4932.YNL334C,5,1.000,0.408,0.000
1878,450,4932.YMR095C,5,1.000,0.408,0.000
1879,450,4932.YNL333W,5,1.000,0.408,0.000
1880,450,4932.YFL060C,5,1.000,0.408,0.000
1881,451,4932.YNL086W,5,1.000,0.408,0.000
1882,451,4932.YDR357C,5,1.000,0.408,0.000
1883,451,4932.YGL079W,5,1.000,0.408,0.000
1884,451,4932.YEL005C,5,1.000,0.408,0.000
1885,451,4932.YLR408C,5,1.000,0.408,0.000
1886,451,4932.YKL061W,5,1.000,0.408,0.000
1887,452,4932.YLR253W,0,0.000,0.577,0.000
1888,452,4932.YDR104C,0,0.000,0.577,0.000
1889,452,4932.YHR105W,0,0.000,0.577,0.000
1890,453,4932.YOR042W,0,1.000,1.000,0.000
1891,454,4932.YHR192W,3,1.000,0.500,0.000
1892,454,4932.YPR028W,3,1.000,0.500,0.000
1893,454,4932.YDR233C,3,1.000,0.500,0.000
1894,454,4932.YOR165W,3,1.000,0.500,0.000
1895,455,4932.YCR079W,1,1.000,0.707,0.000
1896,455,4932.YOR090C,1,1.000,0.707,0.000
1897,456,4932.YMR247C,0,1.000,1.000,0.000
1898,457,4932.YKR023W,3,0.750,0.470,0.083
1899,457,4932.YPL009C,3,0.750,0.470,0.083
1900,458,4932.YDL198C,0,1.000,1.000,0.000
1901,459,4932.YPL249C,0,0.000,0.707,0.000
1902,459,4932.YGR100W,0,0.000,0.707,0.000
1903,460,4932.YDR461W,6,0.500,0.329,0.024
1904,460,4932.YNL145W,5,0.417,0.277,0.012
1905,460,4932.YGL089C,6,0.500,0.316,0.043
1906,460,4932.YIL015W,6,0.500,0.320,0.033
1907,461,4932.YNL065W,0,0.000,0.447,0.000
1908,461,4932.YIL121W,0,0.000,0.447,0.000
1909,461,4932.YPR008W,0,0.000,0.447,0.000
1910,461,4932.YPR157W,0,0.000,0.447,0.000
1911,461,4932.YIL120W,0,0.000,0.447,0.000
1912,462,4932.YCL055W,2,0.500,0.342,0.500
1913,462,4932.YBR057C,2,0.500,0.497,0.000
1914,462,4932.YNL196C,2,0.500,0.497,0.000
1915,463,4932.YJR094C,0,1.000,1.000,0.000
1916,464,4932.YFL064C,3,0.600,0.482,0.000
1917,464,4932.YFL065C,3,0.600,0.482,0.000
1918,464,4932.YFL067W,3,0.600,0.482,0.000
1919,465,4932.YJL073W,0,1.000,1.000,0.000
1920,466,4932.YJR131W,0,1.000,1.000,0.000
1921,467,4932.YGR225W,0,1.000,1.000,0.000
1922,468,4932.YGL117W,0,1.000,1.000,0.000
1923,469,4932.YOR271C,0,1.000,1.000,0.000
1924,470,4932.YNL322C,0,0.000,0.577,0.000
1925,470,4932.YMR200W,0,0.000,0.577,0.000
1926,470,4932.YDR221W,0,0.000,0.577,0.000
1927,471,4932.YOR066W,0,1.000,1.000,0.000
1928,472,4932.YGL141W,0,0.000,0.577,0.000
1929,472,4932.YMR100W,0,0.000,0.577,0.000
1930,472,4932.YKL010C,0,0.000,0.577,0.000
1931,473,4932.YHR009C,0,0.000,0.707,0.000
1932,473,4932.YDL025C,0,0.000,0.707,0.000
1933,474,4932.YJR089W,0,1.000,1.000,0.000
1934,475,4932.YGL071W,0,1.000,1.000,0.000
1935,476,4932.YCR040W,4,0.800,0.436,0.083
1936,476,4932.YCL067C,4,0.800,0.436,0.083
1937,477,4932.YDR084C,0,0.000,0.707,0.000
1938,477,4932.YKR088C,0,0.000,0.707,0.000
1939,478,4932.YDR100W,1,1.000,0.707,0.000
1940,478,4932.YMR071C,1,1.000,0.707,0.000
1941,479,4932.YNR055C,0,0.000,0.707,0.000
1942,479,4932.YLL028W,0,0.000,0.707,0.000
1943,480,4932.YBR008C,0,1.000,1.000,0.000
1944,481,4932.YDR490C,3,0.600,0.439,0.000
1945,481,4932.YOL100W,3,0.600,0.439,0.000
1946,482,4932.YOL101C,2,1.000,0.577,0.000
1947,482,4932.YLR023C,2,1.000,0.577,0.000
1948,482,4932.YJL056C,2,1.000,0.577,0.000
1949,483,4932.YOR043W,0,1.000,1.000,0.000
1950,484,4932.YDR497C,0,1.000,1.000,0.000
1951,485,4932.YPL092W,0,1.000,1.000,0.000
1952,486,4932.YER157W,8,1.000,0.358,0.036
1953,486,4932.YML071C,8,1.000,0.358,0.036
1954,486,4932.YGR120C,7,0.875,0.335,0.000
1955,486,4932.YNL041C,8,1.000,0.358,0.036
1956,486,4932.YGL223C,7,0.875,0.335,0.000
1957,486,4932.YGL005C,7,0.875,0.335,0.000
1958,486,4932.YPR105C,8,1.000,0.358,0.036
1959,486,4932.YNL051W,7,0.875,0.335,0.000
1960,487,4932.YGL038C,0,1.000,1.000,0.000
1961,488,4932.YCR089W,0,0.000,0.577,0.000
1962,488,4932.YLR452C,0,0.000,0.577,0.000
1963,488,4932.YGL032C,0,0.000,0.577,0.000
1964,489,4932.YMR216C,0,1.000,1.000,0.000
1965,490,4932.YJL186W,2,0.400,0.412,0.000
1966,490,4932.YKL201C,2,0.400,0.412,0.000
1967,491,4932.YPL053C,0,1.000,1.000,0.000
1968,492,4932.YDR089W,0,1.000,1.000,0.000
1969,493,4932.YOR220W,0,0.000,0.707,0.000
1970,493,4932.YMR316W,0,0.000,0.707,0.000
1971,494,4932.YBR260C,0,1.000,1.000,0.000
1972,495,4932.YGR004W,0,0.000,0.577,0.000
1973,495,4932.YDR479C,0,0.000,0.577,0.000
1974,495,4932.YBR168W,0,0.000,0.577,0.000
1975,496,4932.YLR324W,0,0.000,0.707,0.000
1976,496,4932.YHR150W,0,0.000,0.707,0.000
1977,497,4932.YGR184C,0,1.000,1.000,0.000
1978,498,4932.YNL008C,1,1.000,0.707,0.000
1979,498,4932.YMR119W,1,1.000,0.707,0.000
1980,499,4932.YJR152W,0,0.000,0.707,0.000
1981,499,4932.YKR039W,0,0.000,0.707,0.000
1982,500,4932.YGL102C,0,0.000,0.577,0.000
1983,500,4932.YGL217C,0,0.000,0.577,0.000
1984,500,4932.YLL038C,0,0.000,0.577,0.000
1985,501,4932.YFL048C,0,1.000,1.000,0.000
1986,502,4932.YGR172C,3,1.000,0.557,0.167
1987,502,4932.YGL198W,3,1.000,0.557,0.167
1988,503,4932.YLR246W,0,0.000,0.707,0.000
1989,503,4932.YDR264C,0,0.000,0.707,0.000
1990,504,4932.YBR187W,0,1.000,1.000,0.000
1991,505,4932.YPL199C,0,0.000,0.707,0.000
1992,505,4932.YER123W,0,0.000,0.707,0.000
1993,506,4932.YJL151C,0,1.000,1.000,0.000
1994,507,4932.YOL073C,0,1.000,1.000,0.000
1995,508,4932.YOL042W,0,1.000,1.000,0.000
1996,509,4932.YDR135C,0,0.000,0.707,0.000
1997,509,4932.YLL048C,0,0.000,0.707,0.000
1998,510,4932.YBR053C,0,1.000,1.000,0.000
1999,511,4932.YMR041C,0,0.000,0.500,0.000
2000,511,4932.YBR056W,0,0.000,0.500,0.000
2001,511,4932.YBR149W,0,0.000,0.500,0.000
2002,511,4932.YAL008W,0,0.000,0.500,0.000
2003,512,4932.YLR410W,3,0.600,0.467,0.000
2004,512,4932.YDR315C,3,0.600,0.467,0.000
2005,513,4932.YPR199C,2,1.000,0.577,0.000
2006,513,4932.YPR200C,2,1.000,0.577,0.000
2007,513,4932.YPR201W,2,1.000,0.577,0.000
2008,514,4932.YBR030W,3,1.000,0.500,0.000
2009,514,4932.YDR257C,3,1.000,0.500,0.000
2010,514,4932.YPL208W,3,1.000,0.500,0.000
2011,514,4932.YDR198C,3,1.000,0.500,0.000
2012,515,4932.YOR328W,0,0.000,0.577,0.000
2013,515,4932.YDR406W,0,0.000,0.577,0.000
2014,515,4932.YGL013C,0,0.000,0.577,0.000
2015,516,4932.YER049W,0,1.000,1.000,0.000
2016,517,4932.YOL070C,1,1.000,0.707,0.000
2017,517,4932.YNL078W,1,1.000,0.707,0.000
2018,518,4932.YFL057C,2,1.000,0.577,0.000
2019,518,4932.YDL243C,2,1.000,0.577,0.000
2020,518,4932.YFL056C,2,1.000,0.577,0.000
2021,519,4932.YOR053W,0,1.000,1.000,0.000
2022,520,4932.YDR545W,0,0.000,0.577,0.000
2023,520,4932.YOR396W,0,0.000,0.577,0.000
2024,520,4932.YOR394C-A,0,0.000,0.577,0.000
2025,521,4932.YDR545C-A,0,1.000,1.000,0.000
2026,522,4932.YOR396C-A,0,1.000,1.000,0.000
2027,523,4932.YPL058C,0,1.000,1.000,0.000
2028,524,4932.YBR078W,0,0.000,0.707,0.000
2029,524,4932.YOR386W,0,0.000,0.707,0.000
2030,525,4932.YOR252W,0,1.000,1.000,0.000
2031,526,4932.YOL110W,0,1.000,1.000,0.000
2032,527,4932.YIR003W,0,1.000,1.000,0.000
2033,528,4932.YMR031C,0,0.000,0.500,0.000
2034,528,4932.YKL142W,0,0.000,0.500,0.000
2035,528,4932.YML052W,0,0.000,0.500,0.000
2036,528,4932.YPR149W,0,0.000,0.500,0.000
2037,529,4932.YBL005W,0,1.000,1.000,0.000
2038,530,4932.YFR018C,0,1.000,1.000,0.000
2039,531,4932.YOR242C,0,1.000,1.000,0.000
2040,532,4932.YJL059W,0,1.000,1.000,0.000
2041,533,4932.YCL001W-A,2,1.000,0.577,0.000
2042,533,4932.YCR024C-B,2,1.000,0.577,0.000
2043,533,4932.YCL042W,2,1.000,0.577,0.000
2044,534,4932.YBL049W,0,1.000,1.000,0.000
2045,535,4932.YGL146C,0,0.000,0.707,0.000
2046,535,4932.YGL139W,0,0.000,0.707,0.000
2047,536,4932.YGL140C,0,1.000,1.000,0.000
2048,537,4932.YML086C,0,1.000,1.000,0.000
2049,538,4932.YOR193W,0,1.000,1.000,0.000
2050,539,4932.YLR065C,0,1.000,1.000,0.000
2051,540,4932.YOR344C,0,0.000,0.577,0.000
2052,540,4932.YDL046W,0,0.000,0.577,0.000
2053,540,4932.YPL075W,0,0.000,0.577,0.000
2054,541,4932.YOR383C,0,1.000,1.000,0.000
2055,542,4932.YJL223C,20,1.000,0.239,0.016
2056,542,4932.YGR294W,19,0.950,0.234,0.008
2057,542,4932.YIR041W,20,1.000,0.239,0.016
2058,542,4932.YMR325W,20,1.000,0.239,0.016
2059,542,4932.YCR104W,20,1.000,0.239,0.016
2060,542,4932.YIL176C,20,1.000,0.239,0.016
2061,542,4932.YLL064C,18,0.900,0.227,0.003
2062,542,4932.YNR076W,19,0.950,0.232,0.011
2063,542,4932.YEL049W,18,0.900,0.225,0.005
2064,542,4932.YFL020C,20,1.000,0.239,0.016
2065,542,4932.YLR461W,18,0.900,0.227,0.003
2066,542,4932.YBR301W,19,0.950,0.232,0.011
2067,542,4932.YKL224C,18,0.900,0.225,0.005
2068,543,4932.YLR047C,0,1.000,1.000,0.000
2069,544,4932.YNL158W,0,1.000,1.000,0.000
2070,545,4932.YNR044W,0,1.000,1.000,0.000
2071,546,4932.YBR294W,0,0.000,0.707,0.000
2072,546,4932.YDR250C,0,0.000,0.707,0.000
2073,547,4932.YGR125W,0,1.000,1.000,0.000
2074,548,4932.YER035W,0,1.000,1.000,0.000
2075,549,4932.YHR139C,0,0.000,0.707,0.000
2076,549,4932.YDR402C,0,0.000,0.707,0.000
2077,550,4932.YLL059C,0,0.000,0.707,0.000
2078,550,4932.YML131W,0,0.000,0.707,0.000
2079,551,4932.YLL056C,0,1.000,1.000,0.000
2080,552,4932.YPL006W,0,0.000,0.707,0.000
2081,552,4932.YNL199C,0,0.000,0.707,0.000
2082,553,4932.YER039C,0,1.000,1.000,0.000
2083,554,4932.YBL109W,3,1.000,0.500,0.000
2084,554,4932.YBL113C,3,1.000,0.500,0.000
2085,554,4932.YBL113W-A,3,1.000,0.500,0.000
2086,554,4932.YBL111C,3,1.000,0.500,0.000
2087,555,4932.YEL004W,0,1.000,1.000,0.000
2088,556,4932.YDR085C,0,1.000,1.000,0.000
2089,557,4932.YLR465C,1,0.500,0.707,0.000
2090,557,4932.YLR463C,1,0.500,0.707,0.000
2091,558,4932.YLR466C-B,0,1.000,1.000,0.000
2092,559,4932.YNL101W,0,0.000,0.577,0.000
2093,559,4932.YBR293W,0,0.000,0.577,0.000
2094,559,4932.YKL146W,0,0.000,0.577,0.000
2095,560,4932.YIL088C,0,0.000,0.577,0.000
2096,560,4932.YER119C,0,0.000,0.577,0.000
2097,560,4932.YCL038C,0,0.000,0.577,0.000
2098,561,4932.YPR156C,1,0.500,0.707,0.000
2099,561,4932.YGR138C,1,0.500,0.707,0.000
2100,562,4932.YLR156W,0,1.000,1.000,0.000
2101,563,4932.YBL108W,0,0.000,0.000,0.000
2102,563,4932.YDR544C,0,0.000,0.000,0.000
2103,563,4932.YER190W,0,0.000,0.000,0.000
2104,563,4932.YHR217C,0,0.000,0.000,0.000
2105,564,4932.YHR219W,0,1.000,1.000,0.000
2106,565,4932.YKL225W,1,0.250,0.500,0.000
2107,565,4932.YNR077C,1,0.250,0.500,0.000
2108,566,4932.YER189W,1,1.000,0.707,0.000
2109,566,4932.YER188C-A,1,1.000,0.707,0.000
2110,567,4932.YHL050W-A,0,1.000,1.000,0.000
2111,568,4932.YNL018C,0,0.000,0.577,0.000
2112,568,4932.YFL051C,0,0.000,0.577,0.000
2113,568,4932.YNL034W,0,0.000,0.577,0.000
2114,569,4932.YNL033W,0,0.000,0.707,0.000
2115,569,4932.YNL019C,0,0.000,0.707,0.000
