,cluster,protein,degree,eigenvector_centrality,betweenness_centrality,degree_centrality
0,0,Q0142,1,0.078,0.000,0.143
1,0,Q0092,2,0.161,0.000,0.286
2,1,YMR301C,10,0.201,0.000,0.625
3,1,YLR369W,10,0.199,0.001,0.625
4,1,YOR226C,12,0.234,0.003,0.750
5,1,YAL046C,7,0.129,0.001,0.438
6,1,YAL044W-A,6,0.111,0.000,0.375
7,2,YDR376W,0,0.000,0.000,0.000
8,2,YEL030W,2,0.307,0.000,0.400
9,3,YPR161C,9,0.027,0.000,0.101
10,3,YDL115C,6,0.034,0.000,0.067
11,3,YJR072C,4,0.020,0.000,0.045
12,3,YJR052W,6,0.019,0.000,0.067
13,3,YDR030C,0,0.000,0.000,0.000
14,3,YMR039C,3,0.016,0.000,0.034
15,3,YBR279W,9,0.033,0.000,0.101
16,3,YLR226W,9,0.022,0.001,0.101
17,3,YJL148W,7,0.029,0.000,0.079
18,3,YPL228W,3,0.004,0.000,0.034
19,3,YBR236C,5,0.014,0.002,0.056
20,3,YER161C,1,0.002,0.000,0.011
21,3,YBR114W,5,0.014,0.000,0.056
22,3,YFR016C,0,0.000,0.000,0.000
23,3,YJR017C,3,0.013,0.000,0.034
24,3,YCR081W,12,0.034,0.000,0.135
25,3,YPR133C,8,0.028,0.000,0.090
26,3,YDR289C,5,0.023,0.000,0.056
27,3,YDR156W,7,0.029,0.000,0.079
28,3,YGL130W,4,0.011,0.001,0.045
29,3,YML112W,5,0.015,0.000,0.056
30,3,YDR527W,0,0.000,0.000,0.000
31,3,YKL054C,0,0.000,0.000,0.000
32,4,YBL022C,0,0.000,0.000,0.000
33,4,YPL159C,0,0.000,0.000,0.000
34,4,YIL070C,0,0.000,0.000,0.000
35,5,YPR110C,14,0.112,0.000,0.292
36,5,YKR025W,14,0.112,0.000,0.292
37,5,YPL082C,6,0.049,0.005,0.125
38,5,YKL144C,14,0.112,0.000,0.292
39,5,YDL070W,2,0.017,0.000,0.042
40,5,YAL001C,9,0.062,0.000,0.188
41,5,YNL113W,14,0.112,0.000,0.292
42,5,YJL011C,14,0.112,0.000,0.292
43,5,YER159C,3,0.024,0.000,0.062
44,5,YDR362C,11,0.080,0.002,0.229
45,5,YPR186C,7,0.059,0.000,0.146
46,5,YGR047C,14,0.097,0.005,0.292
47,5,YBR123C,13,0.096,0.009,0.271
48,5,YDR397C,3,0.024,0.000,0.062
49,5,YOR110W,8,0.059,0.000,0.167
50,5,YPL007C,8,0.059,0.000,0.167
51,5,YDR045C,14,0.112,0.000,0.292
52,5,YDR005C,2,0.015,0.000,0.042
53,6,YIL001W,0,0.000,0.000,0.000
54,6,YNL311C,1,0.040,0.000,0.030
55,6,YER143W,0,0.000,0.000,0.000
56,6,YDR202C,2,0.044,0.000,0.061
57,6,YDR332W,0,0.000,0.000,0.000
58,6,YER116C,2,0.040,0.000,0.061
59,6,YJL149W,1,0.040,0.000,0.030
60,6,YDR306C,0,0.000,0.000,0.000
61,6,YJR033C,2,0.044,0.000,0.061
62,6,YNL159C,0,0.000,0.000,0.000
63,7,YER057C,0,0.000,0.000,0.000
64,7,YJR097W,5,0.055,0.000,0.250
65,7,YLR172C,6,0.087,0.010,0.300
66,7,YIL103W,6,0.087,0.010,0.300
67,7,YAL020C,1,0.023,0.000,0.050
68,7,YKL191W,6,0.087,0.010,0.300
69,7,YBR246W,5,0.055,0.000,0.250
70,8,YIL016W,0,0.000,0.000,0.000
71,8,YLR090W,2,0.029,0.004,0.087
72,8,YMR161W,0,0.000,0.000,0.000
73,8,YGR285C,3,0.041,0.005,0.130
74,8,YGR268C,0,0.000,0.000,0.000
75,8,YNL077W,1,0.026,0.000,0.043
76,9,YOR329C,1,0.001,0.000,0.009
77,9,YER071C,0,0.000,0.000,0.000
78,9,YKL005C,1,0.000,0.000,0.009
79,9,YFR024C-A,1,0.001,0.000,0.009
80,9,YKL079W,1,0.001,0.000,0.009
81,9,YFR014C,0,0.000,0.000,0.000
82,9,YJL020C,9,0.008,0.001,0.083
83,9,YDL146W,7,0.007,0.000,0.064
84,9,YOR035C,4,0.003,0.001,0.037
85,9,YPL242C,6,0.015,0.006,0.055
86,9,YNL020C,3,0.003,0.000,0.028
87,9,YPR154W,4,0.003,0.000,0.037
88,9,YCL034W,0,0.000,0.000,0.000
89,9,YOR239W,2,0.013,0.000,0.018
90,9,YPR085C,3,0.011,0.000,0.028
91,9,YNL152W,2,0.002,0.000,0.018
92,9,YDR063W,4,0.005,0.000,0.037
93,9,YGR136W,4,0.003,0.000,0.037
94,9,YOR367W,4,0.015,0.000,0.037
95,9,YBR108W,0,0.000,0.000,0.000
96,9,YPR171W,0,0.000,0.000,0.000
97,9,YKR090W,0,0.000,0.000,0.000
98,9,YNL094W,1,0.001,0.000,0.009
99,9,YLR144C,0,0.000,0.000,0.000
100,9,YKL007W,5,0.004,0.018,0.046
101,9,YKL013C,9,0.009,0.000,0.083
102,9,YGR211W,0,0.000,0.000,0.000
103,9,YGL106W,3,0.013,0.000,0.028
104,10,YFR038W,0,0.000,0.000,0.000
105,10,YHR109W,2,0.019,0.000,0.048
106,10,YGL060W,2,0.038,0.000,0.048
107,10,YER030W,1,0.012,0.000,0.024
108,10,YMR176W,3,0.008,0.000,0.071
109,10,YPL055C,0,0.000,0.000,0.000
110,10,YJR119C,4,0.054,0.000,0.095
111,10,YDR096W,4,0.035,0.010,0.095
112,10,YMR179W,0,0.000,0.000,0.000
113,10,YER169W,4,0.035,0.010,0.095
114,10,YNL186W,1,0.014,0.000,0.024
115,11,YOL145C,0,1.000,0.000,1.000
116,12,YJR035W,0,1.000,0.000,1.000
117,13,YMR269W,4,0.003,0.000,0.019
118,13,YNL035C,1,0.001,0.000,0.005
119,13,YDR184C,5,0.003,0.000,0.024
120,13,YOL144W,9,0.005,0.000,0.044
121,13,YDR194C,22,0.016,0.000,0.107
122,13,YDR412W,19,0.014,0.000,0.092
123,13,YER156C,1,0.001,0.000,0.005
124,13,YIR026C,53,0.034,0.000,0.257
125,13,YIL104C,6,0.003,0.000,0.029
126,13,YDR361C,48,0.033,0.001,0.233
127,13,YGR187C,12,0.009,0.000,0.058
128,13,YLR336C,46,0.032,0.000,0.223
129,13,YDL063C,57,0.040,0.001,0.277
130,13,YLR068W,3,0.002,0.000,0.015
131,13,YER036C,53,0.035,0.000,0.257
132,13,YDR514C,0,0.000,0.000,0.000
133,13,YDL167C,9,0.006,0.000,0.044
134,13,YDR174W,23,0.016,0.000,0.112
135,13,YLR401C,1,0.001,0.000,0.005
136,13,YBL028C,59,0.037,0.001,0.286
137,13,YPL239W,3,0.002,0.000,0.015
138,13,YJR041C,22,0.015,0.000,0.107
139,13,YMR239C,25,0.017,0.000,0.121
140,13,YER168C,0,0.000,0.000,0.000
141,13,YOR119C,28,0.019,0.000,0.136
142,13,YNL175C,54,0.039,0.000,0.262
143,13,YOL022C,3,0.002,0.000,0.015
144,13,YLR022C,7,0.004,0.000,0.034
145,13,YKR056W,25,0.019,0.000,0.121
146,13,YBR034C,37,0.027,0.000,0.180
147,13,YLR449W,51,0.037,0.000,0.248
148,13,YAL059W,57,0.037,0.000,0.277
149,13,YPR204W,1,0.001,0.000,0.005
150,13,YDR161W,39,0.027,0.000,0.189
151,13,YJR091C,1,0.001,0.000,0.005
152,13,YNL124W,34,0.025,0.001,0.165
153,13,YKL014C,46,0.032,0.000,0.223
154,13,YJL122W,45,0.029,0.000,0.218
155,13,YIR012W,61,0.040,0.000,0.296
156,13,YGL014W,1,0.001,0.000,0.005
157,13,YHR089C,29,0.018,0.000,0.141
158,13,YOL080C,28,0.020,0.000,0.136
159,13,YNL163C,4,0.002,0.000,0.019
160,13,YPL263C,3,0.002,0.000,0.015
161,13,YNL227C,52,0.033,0.000,0.252
162,13,YBR192W,3,0.002,0.000,0.015
163,13,YCR016W,6,0.003,0.000,0.029
164,13,YOR309C,11,0.009,0.000,0.053
165,13,YGR271C-A,29,0.019,0.000,0.141
166,13,YLR221C,57,0.036,0.001,0.277
167,13,YOR039W,51,0.036,0.000,0.248
168,13,YOR046C,43,0.030,0.000,0.209
169,14,YNL251C,4,0.026,0.000,0.138
170,14,YDR374C,1,0.017,0.000,0.034
171,14,YOR017W,0,0.000,0.000,0.000
172,14,YLR430W,5,0.029,0.001,0.172
173,14,YDR370C,0,0.000,0.000,0.000
174,14,YDR293C,4,0.061,0.000,0.138
175,14,YDL175C,8,0.065,0.004,0.276
176,14,YPL190C,7,0.048,0.003,0.241
177,15,YOR274W,0,0.000,0.000,0.000
178,15,YDR140W,0,0.000,0.000,0.000
179,15,YIL025C,0,0.000,0.000,0.000
180,15,YLR405W,0,0.000,0.000,0.000
181,15,YJL035C,0,0.000,0.000,0.000
182,16,YEL063C,2,0.098,0.000,0.154
183,16,YBR068C,0,0.000,0.000,0.000
184,16,YOR128C,3,0.109,0.035,0.231
185,16,YGR061C,2,0.073,0.006,0.154
186,17,YHR144C,2,0.234,0.000,0.333
187,17,YER056C,1,0.130,0.000,0.167
188,18,YBR079C,61,0.032,0.000,0.367
189,18,YDR091C,81,0.043,0.013,0.488
190,18,YMR309C,61,0.032,0.000,0.367
191,18,YFR032C-A,142,0.081,0.000,0.855
192,18,YGR169C-A,2,0.001,0.000,0.012
193,18,YPR016C,82,0.046,0.001,0.494
194,18,YNL002C,139,0.079,0.000,0.837
195,18,YEL034W,91,0.052,0.000,0.548
196,18,YDL130W,141,0.081,0.000,0.849
197,18,YDL133C-A,1,0.001,0.000,0.006
198,18,YDR429C,86,0.047,0.000,0.518
199,18,YPL079W,142,0.081,0.000,0.855
200,18,YLR185W,141,0.081,0.000,0.849
201,18,YOR361C,71,0.038,0.000,0.428
202,18,YDR500C,140,0.080,0.000,0.843
203,18,YNL244C,61,0.032,0.000,0.367
204,18,YLR192C,44,0.023,0.000,0.265
205,18,YPL048W,81,0.046,0.000,0.488
206,18,YNL069C,140,0.080,0.000,0.843
207,18,YIL052C,141,0.081,0.000,0.849
208,18,YGR054W,61,0.034,0.000,0.367
209,18,YJL136C,142,0.081,0.000,0.855
210,18,YKL081W,92,0.052,0.000,0.554
211,18,YMR146C,105,0.057,0.001,0.633
212,18,YPL037C,44,0.025,0.000,0.265
213,18,YPL249C-A,141,0.081,0.000,0.849
214,18,YPR041W,52,0.028,0.000,0.313
215,18,YJR067C,1,0.000,0.000,0.006
216,18,YAL003W,138,0.078,0.002,0.831
217,18,YDR417C,1,0.001,0.000,0.006
218,18,YLR150W,68,0.040,0.000,0.410
219,18,YFL034C-A,139,0.080,0.000,0.837
220,18,YLR387C,12,0.007,0.000,0.072
221,18,YKL056C,133,0.077,0.000,0.801
222,18,YMR260C,69,0.037,0.000,0.416
223,18,YNL001W,41,0.024,0.000,0.247
224,18,YIL148W,142,0.081,0.001,0.855
225,18,YGR034W,140,0.081,0.000,0.843
226,18,YHR193C,85,0.049,0.000,0.512
227,18,YGR201C,6,0.004,0.000,0.036
228,18,YNL209W,37,0.022,0.000,0.223
229,18,YAL035W,123,0.068,0.001,0.741
230,19,YBR118W,0,1.000,0.000,1.000
231,20,YNL122C,38,0.076,0.001,0.458
232,20,YNR022C,14,0.028,0.000,0.169
233,20,YGR150C,1,0.002,0.000,0.012
234,20,YIL093C,45,0.086,0.001,0.542
235,20,YPR099C,1,0.002,0.000,0.012
236,20,YBR268W,37,0.074,0.004,0.446
237,20,YGL107C,1,0.001,0.000,0.012
238,20,YLR069C,12,0.022,0.000,0.145
239,20,YKL155C,28,0.054,0.000,0.337
240,20,Q0140,32,0.061,0.000,0.386
241,20,YMR225C,3,0.005,0.000,0.036
242,20,YDL202W,27,0.054,0.001,0.325
243,20,YGL068W,43,0.084,0.001,0.518
244,20,YDR494W,31,0.058,0.024,0.373
245,20,YHR038W,17,0.033,0.000,0.205
246,20,YJL096W,18,0.036,0.000,0.217
247,20,YDR115W,43,0.085,0.001,0.518
248,20,YKL011C,0,0.000,0.000,0.000
249,20,YOR158W,34,0.064,0.000,0.410
250,20,YGR084C,36,0.068,0.000,0.434
251,20,YKR006C,21,0.042,0.000,0.253
252,21,YER025W,8,0.333,0.000,0.800
253,21,YLR291C,8,0.333,0.000,0.800
254,21,YHR115C,0,0.000,0.000,0.000
255,21,YDR211W,8,0.333,0.000,0.800
256,21,YOR260W,8,0.333,0.000,0.800
257,21,YNL116W,0,0.000,0.000,0.000
258,21,YPL237W,8,0.333,0.000,0.800
259,21,YGR083C,8,0.333,0.000,0.800
260,21,YKR026C,8,0.333,0.000,0.800
261,21,YDR283C,8,0.333,0.000,0.800
262,21,YJR007W,8,0.333,0.000,0.800
263,22,YHL013C,0,0.000,0.000,0.000
264,22,YLR436C,0,0.000,0.000,0.000
265,22,YML088W,0,0.000,0.000,0.000
266,23,YGR161C,2,0.059,0.000,0.087
267,23,YMR273C,2,0.040,0.000,0.087
268,23,YNL157W,3,0.036,0.000,0.130
269,23,YOR073W,1,0.021,0.000,0.043
270,23,YHR132W-A,3,0.036,0.000,0.130
271,23,YFL033C,3,0.036,0.000,0.130
272,24,YPR080W,0,1.000,0.000,1.000
273,25,YDR183W,0,0.000,0.000,0.000
274,25,YFL023W,1,0.059,0.000,0.071
275,25,YMR074C,3,0.172,0.000,0.214
276,25,YJL014W,5,0.205,0.000,0.357
277,25,YJL111W,5,0.205,0.000,0.357
278,26,YPR010C-A,2,0.012,0.000,0.034
279,26,YGR243W,1,0.007,0.000,0.017
280,26,YDL069C,0,0.000,0.000,0.000
281,26,YMR118C,7,0.028,0.000,0.121
282,26,YEL059C-A,0,0.000,0.000,0.000
283,26,YIR021W,0,0.000,0.000,0.000
284,26,Q0050,5,0.031,0.000,0.086
285,26,YGR174C,3,0.021,0.000,0.052
286,26,YPR021C,2,0.013,0.000,0.034
287,26,YHR162W,1,0.007,0.000,0.017
288,26,Q0060,4,0.025,0.000,0.069
289,26,YBR120C,0,0.000,0.000,0.000
290,26,YDR379C-A,2,0.009,0.000,0.034
291,26,Q0055,0,0.000,0.000,0.000
292,26,YLR164W,5,0.018,0.000,0.086
293,27,YDR305C,0,0.000,0.000,0.000
294,28,YFL036W,2,0.577,0.000,1.000
295,28,YLR067C,2,0.577,0.000,1.000
296,28,YDL044C,2,0.577,0.000,1.000
297,29,YBR037C,0,0.000,0.000,0.000
298,29,YBR024W,1,0.113,0.000,0.125
299,29,YGR021W,1,0.108,0.000,0.125
300,29,YPL189C-A,1,0.113,0.000,0.125
301,30,YNR020C,0,0.000,0.000,0.000
302,30,YCL005W-A,7,0.068,0.000,0.233
303,30,YDR322C-A,10,0.113,0.000,0.333
304,30,YNL315C,2,0.026,0.000,0.067
305,30,YOR161C,0,0.000,0.000,0.000
306,30,Q0160,1,0.010,0.000,0.033
307,30,YHR132C,0,0.000,0.000,0.000
308,30,YLR294C,1,0.009,0.000,0.033
309,31,Q0110,0,1.000,0.000,1.000
310,32,Q0115,1,0.707,0.000,1.000
311,32,Q0075,1,0.707,0.000,1.000
312,33,YKL137W,1,0.018,0.000,0.059
313,33,YKL084W,1,0.025,0.000,0.059
314,33,YMR038C,7,0.168,0.000,0.412
315,33,YDR185C,0,0.000,0.000,0.000
316,33,YJR034W,4,0.099,0.000,0.235
317,34,YDR197W,0,1.000,0.000,1.000
318,35,YPL215W,0,1.000,0.000,1.000
319,36,YOR266W,1,0.707,0.000,1.000
320,36,YGR062C,1,0.707,0.000,1.000
321,37,YDR231C,0,1.000,0.000,1.000
322,38,YDR296W,0,1.000,0.000,1.000
323,39,YDR035W,5,0.133,0.000,0.227
324,39,YFR025C,2,0.053,0.000,0.091
325,39,YMR289W,2,0.064,0.000,0.091
326,39,YHR063C,0,0.000,0.000,0.000
327,39,YBR235W,1,0.048,0.000,0.045
328,39,YBR249C,5,0.133,0.000,0.227
329,39,YDR354W,4,0.130,0.001,0.182
330,40,YDR073W,10,0.096,0.000,0.385
331,40,YFL049W,10,0.096,0.000,0.385
332,40,YBR089C-A,1,0.015,0.000,0.038
333,40,YPR052C,2,0.030,0.000,0.077
334,40,YPL016W,10,0.096,0.000,0.385
335,40,YHL025W,10,0.096,0.000,0.385
336,40,YNR023W,14,0.147,0.008,0.538
337,41,YCR053W,0,1.000,0.000,1.000
338,42,YLR273C,4,0.018,0.000,0.105
339,42,YKL159C,3,0.004,0.000,0.079
340,42,YPL179W,0,0.000,0.000,0.000
341,42,YIL045W,4,0.018,0.000,0.105
342,42,YDR099W,3,0.016,0.000,0.079
343,42,YMR206W,0,0.000,0.000,0.000
344,42,YMR311C,2,0.015,0.000,0.053
345,42,YER177W,4,0.017,0.001,0.105
346,42,YBL046W,3,0.017,0.000,0.079
347,42,YDR130C,4,0.017,0.001,0.105
348,42,YBL051C,0,0.000,0.000,0.000
349,43,YPL138C,6,0.378,0.000,0.857
350,43,YLR015W,6,0.378,0.000,0.857
351,43,YDR469W,6,0.378,0.000,0.857
352,43,YBR175W,6,0.378,0.000,0.857
353,43,YAR003W,6,0.378,0.000,0.857
354,43,YPL165C,0,0.000,0.000,0.000
355,43,YHR119W,6,0.378,0.000,0.857
356,43,YBR258C,6,0.378,0.000,0.857
357,44,YBR237W,22,0.047,0.001,0.227
358,44,YKL183W,1,0.003,0.000,0.010
359,44,YFR005C,9,0.021,0.000,0.093
360,44,YHR156C,16,0.040,0.000,0.165
361,44,YGR075C,27,0.061,0.000,0.278
362,44,YOR148C,4,0.008,0.000,0.041
363,44,YNL286W,17,0.040,0.000,0.175
364,44,YGL064C,3,0.007,0.000,0.031
365,44,YBR119W,33,0.072,0.012,0.340
366,44,YGL128C,16,0.036,0.000,0.165
367,44,YMR268C,14,0.027,0.000,0.144
368,44,YKL149C,2,0.002,0.000,0.021
369,44,YPR169W,0,0.000,0.000,0.000
370,44,YPR152C,4,0.006,0.000,0.041
371,44,YNL187W,2,0.003,0.000,0.021
372,44,YPR057W,3,0.007,0.000,0.031
373,44,YGR093W,5,0.009,0.001,0.052
374,44,YDR240C,31,0.072,0.000,0.320
375,44,YKR022C,13,0.027,0.000,0.134
376,44,YKL074C,33,0.069,0.002,0.340
377,44,YLR424W,28,0.061,0.001,0.289
378,44,YBL074C,16,0.040,0.000,0.165
379,44,YNR032C-A,13,0.028,0.002,0.134
380,44,YIL041W,1,0.002,0.000,0.010
381,44,YBR188C,15,0.031,0.000,0.155
382,45,YGR208W,1,0.707,0.000,1.000
383,45,YOR184W,1,0.707,0.000,1.000
384,46,YNR004W,0,0.000,0.000,0.000
385,47,YOL063C,2,0.015,0.000,0.031
386,47,YDR014W-A,1,0.011,0.000,0.015
387,47,YAL019W,3,0.021,0.000,0.046
388,47,YDR363W,3,0.028,0.000,0.046
389,47,YDL156W,1,0.008,0.000,0.015
390,47,YDR263C,5,0.039,0.000,0.077
391,47,YDR369C,2,0.010,0.000,0.031
392,47,YMR137C,4,0.029,0.000,0.062
393,47,YLR035C,4,0.020,0.000,0.062
394,47,YER142C,1,0.006,0.000,0.015
395,47,YNL218W,3,0.020,0.000,0.046
396,47,YAL027W,3,0.018,0.000,0.046
397,47,YNL082W,8,0.045,0.000,0.123
398,47,YLR247C,1,0.004,0.000,0.015
399,47,YHR134W,0,0.000,0.000,0.000
400,47,YOR258W,0,0.000,0.000,0.000
401,47,YOR191W,4,0.032,0.000,0.062
402,48,YIR001C,0,0.707,0.000,0.000
403,48,YMR061W,0,0.707,0.000,0.000
404,49,YKR063C,0,0.000,0.000,0.000
405,50,YOR348C,1,0.073,0.000,0.125
406,50,YHR033W,3,0.224,0.000,0.375
407,50,YKL015W,2,0.151,0.000,0.250
408,51,YDL212W,0,0.000,0.000,0.000
409,51,YGR055W,1,0.085,0.000,0.050
410,51,YMR171C,1,0.116,0.000,0.050
411,51,YPR030W,1,0.116,0.000,0.050
412,51,YPL176C,1,0.116,0.000,0.050
413,51,YBR021W,1,0.116,0.000,0.050
414,51,YDR525W-A,0,0.000,0.000,0.000
415,51,YGR068C,1,0.116,0.000,0.050
416,51,YOR138C,1,0.116,0.000,0.050
417,51,YLR392C,1,0.116,0.000,0.050
418,51,YDL122W,0,0.000,0.000,0.000
419,51,YNR051C,0,0.000,0.000,0.000
420,52,YDR457W,0,0.000,0.000,0.000
421,52,YDL020C,0,0.000,0.000,0.000
422,52,YGL017W,0,0.000,0.000,0.000
423,53,YER151C,0,1.000,0.000,1.000
424,54,YCL001W,3,0.035,0.000,0.068
425,54,YLR104W,0,0.000,0.000,0.000
426,54,YDR519W,3,0.023,0.008,0.068
427,54,YDR304C,2,0.016,0.000,0.045
428,54,YHR057C,2,0.016,0.000,0.045
429,54,YBR219C,1,0.021,0.000,0.023
430,54,YOL031C,2,0.035,0.000,0.045
431,54,YDR438W,0,0.000,0.000,0.000
432,54,YDL229W,0,0.000,0.000,0.000
433,54,YBR287W,0,0.000,0.000,0.000
434,54,YPR037C,1,0.007,0.000,0.023
435,54,YBR220C,1,0.021,0.000,0.023
436,55,YPL241C,4,0.203,0.004,0.400
437,55,YMR198W,0,0.000,0.000,0.000
438,55,YPL253C,0,0.000,0.000,0.000
439,56,YLR243W,0,0.707,0.000,0.000
440,56,YOR262W,0,0.707,0.000,0.000
441,57,YER019W,4,0.132,0.002,0.286
442,57,YMR272C,4,0.128,0.000,0.286
443,57,YMR298W,4,0.128,0.000,0.286
444,57,YDR541C,0,0.000,0.000,0.000
445,58,YDL114W,0,1.000,0.000,1.000
446,59,YDR372C,1,0.061,0.000,0.056
447,59,YDL019C,0,0.000,0.000,0.000
448,59,YMR124W,0,0.000,0.000,0.000
449,59,YHR073W,2,0.077,0.000,0.111
450,59,YKL051W,0,0.000,0.000,0.000
451,60,YBR283C,0,1.000,0.000,1.000
452,61,YML116W,0,0.000,0.000,0.000
453,62,YEL052W,1,0.001,0.000,0.012
454,62,YBR273C,5,0.004,0.000,0.058
455,62,YJL139C,2,0.000,0.000,0.023
456,62,YER100W,2,0.000,0.000,0.023
457,62,YEL012W,0,0.000,0.000,0.000
458,62,YJR036C,1,0.005,0.000,0.012
459,62,YJL048C,2,0.003,0.000,0.023
460,62,YLR137W,1,0.003,0.000,0.012
461,62,YER144C,0,0.000,0.000,0.000
462,62,YBL057C,0,0.000,0.000,0.000
463,62,YAL042W,0,0.000,0.000,0.000
464,62,YDR333C,5,0.004,0.021,0.058
465,62,YNL155W,1,0.003,0.000,0.012
466,62,YDR411C,6,0.004,0.000,0.070
467,62,YMR264W,9,0.005,0.000,0.105
468,62,YDL110C,1,0.003,0.000,0.012
469,62,YDR143C,0,0.000,0.000,0.000
470,62,YML074C,2,0.003,0.000,0.023
471,62,YIL029C,0,0.000,0.000,0.000
472,62,YKR084C,1,0.000,0.000,0.012
473,62,YDR049W,6,0.005,0.000,0.070
474,62,YKL090W,0,0.000,0.000,0.000
475,63,YLR024C,0,1.000,0.000,1.000
476,64,YJL197W,0,0.000,0.000,0.000
477,64,YMR103C,0,0.000,0.000,0.000
478,64,YML078W,0,0.000,0.000,0.000
479,64,YNL047C,0,0.000,0.000,0.000
480,65,YBL105C,0,0.577,0.000,0.000
481,65,YGR229C,0,0.577,0.000,0.000
482,65,YER155C,0,0.577,0.000,0.000
483,66,YNL270C,2,0.577,0.000,1.000
484,66,YCR021C,2,0.577,0.000,1.000
485,66,YCR027C,2,0.577,0.000,1.000
486,67,YDL047W,0,1.000,0.000,1.000
487,68,YGL073W,0,0.500,0.000,0.000
488,68,YGR249W,0,0.500,0.000,0.000
489,68,YJR147W,0,0.500,0.000,0.000
490,68,YHR206W,0,0.500,0.000,0.000
491,69,YLL029W,0,0.000,0.000,0.000
492,69,YOR152C,2,0.034,0.000,0.071
493,69,YIL098C,0,0.000,0.000,0.000
494,69,YLR189C,0,0.000,0.000,0.000
495,69,YGL156W,3,0.055,0.001,0.107
496,69,YLR356W,2,0.032,0.000,0.071
497,69,YCR032W,1,0.028,0.000,0.036
498,69,YKR051W,1,0.028,0.000,0.036
499,70,YGL023C,2,0.307,0.000,0.500
500,70,YBR077C,3,0.439,0.000,0.750
501,71,YKL126W,0,0.707,0.000,0.000
502,71,YHR205W,0,0.707,0.000,0.000
503,72,YIL105C,0,1.000,0.000,1.000
504,73,YCL037C,3,0.329,0.000,0.500
505,73,YOR204W,3,0.329,0.000,0.500
506,73,YMR012W,0,0.000,0.000,0.000
507,74,YMR104C,0,1.000,0.000,1.000
508,75,YMR156C,5,0.302,0.286,0.714
509,75,YIL009C-A,1,0.055,0.000,0.143
510,76,YNL135C,0,1.000,0.000,1.000
511,77,YIL036W,0,0.000,0.000,0.000
512,77,YDR536W,2,0.037,0.000,0.050
513,77,YDR043C,0,0.000,0.000,0.000
514,77,YDL230W,1,0.033,0.000,0.025
515,77,YDL073W,0,0.000,0.000,0.000
516,77,YLR176C,0,0.000,0.000,0.000
517,77,YDR034C,0,0.000,0.000,0.000
518,77,YPR115W,1,0.005,0.000,0.025
519,77,YLR248W,1,0.033,0.000,0.025
520,77,YOR255W,0,0.000,0.000,0.000
521,77,YGR097W,2,0.037,0.000,0.050
522,78,YJR155W,3,0.294,0.000,0.429
523,78,YJR154W,3,0.294,0.000,0.429
524,78,YDL141W,1,0.077,0.000,0.143
525,79,YDR047W,6,0.376,0.000,0.750
526,79,YDL205C,6,0.376,0.000,0.750
527,79,YDR232W,6,0.376,0.000,0.750
528,79,YOR278W,6,0.376,0.000,0.750
529,79,YLR205C,1,0.064,0.000,0.125
530,79,YDL119C,0,0.000,0.000,0.000
531,79,YGL040C,6,0.376,0.000,0.750
532,79,YOR176W,6,0.376,0.000,0.750
533,80,YPR048W,6,0.335,0.000,0.750
534,80,YKR071C,6,0.335,0.000,0.750
535,80,YNL260C,0,0.000,0.000,0.000
536,80,YDR267C,5,0.284,0.000,0.625
537,81,YOR295W,6,0.348,0.000,0.857
538,81,YBL025W,6,0.348,0.000,0.857
539,81,YKL125W,4,0.239,0.000,0.571
540,81,YMR270C,6,0.348,0.000,0.857
541,82,YFL021W,0,0.577,0.000,0.000
542,82,YDL106C,0,0.577,0.000,0.000
543,82,YEL009C,0,0.577,0.000,0.000
544,83,YLR271W,0,0.000,0.000,0.000
545,83,YJR074W,3,0.060,0.000,0.150
546,83,YDR395W,7,0.158,0.001,0.350
547,83,YOR112W,1,0.027,0.000,0.050
548,83,YGL097W,6,0.120,0.001,0.300
549,83,YMR235C,7,0.138,0.002,0.350
550,84,YPL248C,4,0.294,0.000,0.667
551,84,YBR018C,5,0.359,0.000,0.833
552,84,YLR081W,5,0.359,0.000,0.833
553,85,YBL091C,1,0.707,0.000,1.000
554,85,YLR244C,1,0.707,0.000,1.000
555,86,YHR112C,0,0.000,0.000,0.000
556,86,YNR029C,0,0.000,0.000,0.000
557,86,YJL004C,1,0.032,0.000,0.083
558,86,YMR185W,0,0.000,0.000,0.000
559,87,YFR009W,1,0.131,0.000,0.143
560,87,YKL134C,0,0.000,0.000,0.000
561,88,YKL119C,2,0.060,0.000,0.200
562,88,YGR105W,3,0.151,0.000,0.300
563,88,YHR060W,2,0.060,0.000,0.200
564,89,YJL180C,0,0.707,0.000,0.000
565,89,YLR393W,0,0.707,0.000,0.000
566,90,YER154W,1,0.707,0.000,1.000
567,90,YOL027C,1,0.707,0.000,1.000
568,91,YMR220W,10,0.126,0.001,0.385
569,91,YLR450W,11,0.142,0.001,0.423
570,91,YNL111C,2,0.025,0.000,0.077
571,91,YPL170W,1,0.014,0.000,0.038
572,91,YML075C,14,0.169,0.007,0.538
573,91,YDR213W,3,0.036,0.000,0.115
574,91,YPL069C,8,0.101,0.000,0.308
575,92,YGL155W,3,0.155,0.024,0.273
576,92,YJL031C,2,0.099,0.006,0.182
577,92,YIL049W,3,0.144,0.000,0.273
578,93,YOL008W,3,0.108,0.000,0.231
579,93,YPL109C,1,0.037,0.000,0.077
580,93,YDR539W,0,0.000,0.000,0.000
581,93,YHR176W,1,0.037,0.000,0.077
582,94,YDL013W,5,0.169,0.000,0.312
583,94,YMR219W,1,0.033,0.000,0.062
584,94,YML023C,5,0.111,0.000,0.312
585,94,YER038C,5,0.111,0.000,0.312
586,94,YLL035W,1,0.033,0.000,0.062
587,95,YPL218W,5,0.007,0.001,0.089
588,95,YKL176C,2,0.006,0.000,0.036
589,95,YFR040W,0,0.000,0.000,0.000
590,95,YIR011C,0,0.000,0.000,0.000
591,95,YOR022C,0,0.000,0.000,0.000
592,95,YPL085W,4,0.006,0.000,0.071
593,95,YMR255W,3,0.014,0.000,0.054
594,95,YHR035W,2,0.006,0.000,0.036
595,95,YKR028W,0,0.000,0.000,0.000
596,95,YGR057C,5,0.008,0.001,0.089
597,95,YDR458C,0,0.000,0.000,0.000
598,95,YJL098W,0,0.000,0.000,0.000
599,95,YCR067C,3,0.006,0.000,0.054
600,95,YNR026C,3,0.006,0.000,0.054
601,95,YGL229C,0,0.000,0.000,0.000
602,96,YBR082C,0,1.000,0.000,1.000
603,97,YIL131C,2,0.351,0.000,0.400
604,97,YCR065W,2,0.351,0.000,0.400
605,97,YMR042W,0,0.000,0.000,0.000
606,98,YPR007C,3,0.109,0.000,0.273
607,98,YER147C,6,0.216,0.000,0.545
608,98,YDR014W,6,0.217,0.000,0.545
609,99,YJL141C,0,1.000,0.000,1.000
610,100,YDR155C,5,0.054,0.000,0.185
611,100,YIL112W,5,0.054,0.000,0.185
612,100,YPL116W,5,0.057,0.002,0.185
613,100,YPR068C,4,0.043,0.000,0.148
614,100,YGL131C,1,0.015,0.000,0.037
615,100,YMR053C,4,0.050,0.000,0.148
616,100,YDR169C,2,0.020,0.000,0.074
617,101,YKL210W,0,0.707,0.000,0.000
618,101,YGL087C,0,0.707,0.000,0.000
619,102,YLR263W,3,0.067,0.002,0.158
620,102,YHR014W,1,0.051,0.000,0.053
621,102,YNL250W,2,0.059,0.000,0.105
622,102,YGL175C,2,0.059,0.000,0.105
623,102,YGL249W,4,0.110,0.006,0.211
624,103,YJL173C,7,0.029,0.000,0.117
625,103,YJR046W,14,0.066,0.000,0.233
626,103,YPL008W,7,0.021,0.000,0.117
627,103,YDR325W,18,0.074,0.001,0.300
628,103,YHR118C,20,0.087,0.000,0.333
629,103,YNL088W,14,0.054,0.001,0.233
630,103,YOR217W,12,0.046,0.000,0.200
631,103,YBL097W,13,0.051,0.000,0.217
632,103,YML058W-A,0,0.000,0.000,0.000
633,103,YCL061C,21,0.089,0.003,0.350
634,103,YIL139C,9,0.038,0.000,0.150
635,103,YBR252W,15,0.069,0.000,0.250
636,103,YGL113W,17,0.077,0.000,0.283
637,103,YLR272C,13,0.052,0.000,0.217
638,103,YOL006C,20,0.084,0.002,0.333
639,103,YHR191C,6,0.019,0.000,0.100
640,104,YLR215C,0,0.707,0.000,0.000
641,104,YDR092W,0,0.707,0.000,0.000
642,105,YDR314C,0,1.000,0.000,1.000
643,106,YDR295C,2,0.577,0.000,1.000
644,106,YPR179C,2,0.577,0.000,1.000
645,106,YNL021W,2,0.577,0.000,1.000
646,107,YCR077C,2,0.290,0.000,0.400
647,107,YJL124C,2,0.290,0.000,0.400
648,108,YOR285W,0,0.000,0.000,0.000
649,108,YER052C,4,0.166,0.000,0.308
650,108,YDR321W,3,0.157,0.001,0.231
651,108,YOR388C,0,0.000,0.000,0.000
652,109,YOR393W,12,0.179,0.011,0.632
653,109,YPL281C,11,0.164,0.007,0.579
654,109,YDL021W,11,0.165,0.007,0.579
655,109,YOL056W,11,0.165,0.007,0.579
656,109,YOR283W,9,0.130,0.005,0.474
657,110,YGL196W,0,0.000,0.000,0.000
658,110,YPR002W,0,0.000,0.000,0.000
659,111,YPL111W,4,0.279,0.000,0.500
660,111,YOR130C,3,0.213,0.000,0.375
661,111,YER175C,0,0.000,0.000,0.000
662,112,YPL262W,1,0.707,0.000,1.000
663,112,YDL078C,1,0.707,0.000,1.000
664,113,YMR300C,0,1.000,0.000,1.000
665,114,YGL237C,3,0.500,0.000,1.000
666,114,YOR358W,3,0.500,0.000,1.000
667,114,YKL109W,3,0.500,0.000,1.000
668,114,YBL021C,3,0.500,0.000,1.000
669,115,YMR292W,0,0.577,0.000,0.000
670,115,YIR028W,0,0.577,0.000,0.000
671,115,YBR208C,0,0.577,0.000,0.000
672,116,YER176W,0,0.000,0.000,0.000
673,117,YCL007C,1,0.053,0.000,0.083
674,117,YCL050C,2,0.063,0.000,0.167
675,117,YGL254W,0,0.000,0.000,0.000
676,117,YDR530C,2,0.063,0.000,0.167
677,118,YPL038W,3,0.394,0.000,0.750
678,118,YDR253C,3,0.394,0.000,0.750
679,119,YLL061W,0,0.000,0.000,0.000
680,119,YNL275W,1,0.032,0.000,0.062
681,119,YDR502C,3,0.075,0.000,0.188
682,119,YLR180W,4,0.105,0.003,0.250
683,119,YHR025W,4,0.113,0.000,0.250
684,120,YLR092W,0,1.000,0.000,1.000
685,121,YIL099W,0,0.000,0.000,0.000
686,121,YGR289C,0,0.000,0.000,0.000
687,122,YOL157C,0,0.000,0.000,0.000
688,122,YIL172C,0,0.000,0.000,0.000
689,122,YJL216C,0,0.000,0.000,0.000
690,122,YGR287C,0,0.000,0.000,0.000
691,123,YDR343C,2,0.134,0.000,0.222
692,123,YDR261C,0,0.000,0.000,0.000
693,123,YDR342C,2,0.134,0.000,0.222
694,123,YNR073C,0,0.000,0.000,0.000
695,124,YBR054W,0,0.000,0.000,0.000
696,124,YMR170C,1,0.015,0.000,0.014
697,124,YCR073W-A,0,0.000,0.000,0.000
698,124,YLR179C,0,0.000,0.000,0.000
699,124,YHR138C,1,0.014,0.000,0.014
700,124,YNL015W,0,0.000,0.000,0.000
701,124,YPL247C,0,0.000,0.000,0.000
702,124,YPL061W,1,0.015,0.000,0.014
703,124,YAL060W,0,0.000,0.000,0.000
704,124,YER073W,1,0.015,0.000,0.014
705,124,YBR230C,1,0.009,0.000,0.014
706,124,YNR034W,0,0.000,0.000,0.000
707,124,YOR238W,0,0.000,0.000,0.000
708,124,YNR034W-A,0,0.000,0.000,0.000
709,124,YMR251W-A,2,0.016,0.000,0.029
710,124,YLL023C,0,0.000,0.000,0.000
711,124,YPL103C,0,0.000,0.000,0.000
712,124,YIL165C,0,0.000,0.000,0.000
713,125,YGR044C,0,0.577,0.000,0.000
714,125,YOR279C,0,0.577,0.000,0.000
715,125,YJL106W,0,0.577,0.000,0.000
716,126,YAL017W,1,0.074,0.000,0.091
717,126,YOL045W,1,0.074,0.000,0.091
718,126,YLR177W,1,0.064,0.000,0.091
719,127,YBR241C,1,0.025,0.000,0.045
720,127,YBR264C,0,0.000,0.000,0.000
721,127,YBR291C,0,0.000,0.000,0.000
722,127,YJR141W,0,0.000,0.000,0.000
723,127,YBL106C,1,0.025,0.000,0.045
724,127,YGL104C,1,0.025,0.000,0.045
725,127,YGR037C,0,0.000,0.000,0.000
726,127,YBR085W,1,0.025,0.000,0.045
727,128,YLR057W,0,0.000,0.000,0.000
728,128,YHR101C,0,0.000,0.000,0.000
729,129,YIL109C,2,0.577,0.000,1.000
730,129,YHR098C,2,0.577,0.000,1.000
731,129,YNL049C,2,0.577,0.000,1.000
732,130,YLR309C,0,0.000,0.000,0.000
733,130,YOR299W,0,0.000,0.000,0.000
734,130,YPR095C,1,0.027,0.000,0.040
735,130,YPR079W,0,0.000,0.000,0.000
736,130,YKR030W,0,0.000,0.000,0.000
737,130,YBL060W,0,0.000,0.000,0.000
738,130,YGL181W,0,0.000,0.000,0.000
739,131,YDL234C,1,0.002,0.000,0.045
740,131,YER074W-A,0,0.000,0.000,0.000
741,131,YDL099W,0,0.000,0.000,0.000
742,131,YPR176C,1,0.023,0.000,0.045
743,131,YNL044W,1,0.023,0.000,0.045
744,131,YLR080W,0,0.000,0.000,0.000
745,132,YKR061W,0,0.000,0.000,0.000
746,132,YBR199W,0,0.000,0.000,0.000
747,132,YBL020W,1,0.034,0.000,0.056
748,132,YIL085C,0,0.000,0.000,0.000
749,132,YNL029C,0,0.000,0.000,0.000
750,133,YER184C,1,0.040,0.000,0.062
751,133,YLR254C,0,0.000,0.000,0.000
752,133,YMR299C,2,0.042,0.000,0.125
753,133,YDR488C,3,0.061,0.004,0.188
754,133,YPR083W,0,0.000,0.000,0.000
755,134,YBR156C,1,0.010,0.000,0.018
756,134,YPL267W,1,0.015,0.000,0.018
757,134,YHR071W,9,0.051,0.001,0.158
758,134,YGL215W,10,0.055,0.001,0.175
759,134,YLR131C,6,0.058,0.001,0.105
760,134,YNR009W,2,0.010,0.000,0.035
761,134,YHR184W,0,0.000,0.000,0.000
762,134,YER167W,3,0.018,0.000,0.053
763,134,YGL134W,7,0.038,0.000,0.123
764,134,YIL050W,7,0.053,0.003,0.123
765,134,YBR133C,2,0.023,0.000,0.035
766,134,YKR077W,0,0.000,0.000,0.000
767,134,YOL128C,1,0.006,0.000,0.018
768,134,YIL113W,0,0.000,0.000,0.000
769,134,YJR059W,1,0.011,0.000,0.018
770,135,YOL017W,0,0.000,0.000,0.000
771,136,YJL026W,4,0.447,0.000,0.800
772,136,YER070W,4,0.447,0.000,0.800
773,136,YIL066C,4,0.447,0.000,0.800
774,136,YLR437C,0,0.000,0.000,0.000
775,136,YJR057W,4,0.447,0.000,0.800
776,136,YGR180C,4,0.447,0.000,0.800
777,137,YDR110W,4,0.089,0.005,0.235
778,137,YKR010C,3,0.068,0.000,0.176
779,137,YOR195W,3,0.096,0.000,0.176
780,137,YKR101W,2,0.058,0.000,0.118
781,137,YAR014C,0,0.000,0.000,0.000
782,138,YPL233W,8,0.088,0.003,0.235
783,138,YMR117C,9,0.089,0.015,0.265
784,138,YKL138C-A,10,0.094,0.000,0.294
785,138,YDR374W-A,4,0.052,0.000,0.118
786,138,YFR046C,8,0.096,0.011,0.235
787,138,YER018C,7,0.064,0.003,0.206
788,138,YDR532C,2,0.025,0.000,0.059
789,138,YGL093W,9,0.081,0.009,0.265
790,138,YHR199C-A,0,0.000,0.000,0.000
791,139,YJL046W,1,0.023,0.000,0.062
792,139,YPL113C,0,0.000,0.000,0.000
793,139,YBL013W,6,0.178,0.001,0.375
794,139,YOR280C,0,0.000,0.000,0.000
795,139,YER183C,6,0.171,0.008,0.375
796,140,YDR191W,0,0.000,0.000,0.000
797,141,YMR318C,4,0.236,0.006,0.400
798,141,YCR105W,4,0.236,0.006,0.400
799,141,YML070W,4,0.235,0.019,0.400
800,141,YFL053W,4,0.235,0.019,0.400
801,142,YDL066W,4,0.134,0.000,0.308
802,142,YNL009W,4,0.134,0.000,0.308
803,142,YPR006C,2,0.065,0.000,0.154
804,142,YOL126C,7,0.225,0.000,0.538
805,143,YOR187W,0,1.000,0.000,1.000
806,144,YLR239C,0,0.000,0.000,0.000
807,144,YHR076W,0,0.000,0.000,0.000
808,144,YNL036W,0,0.000,0.000,0.000
809,145,YJL102W,0,0.000,0.000,0.000
810,146,YMR241W,0,0.707,0.000,0.000
811,146,YJR077C,0,0.707,0.000,0.000
812,147,YLR072W,1,0.015,0.000,0.026
813,147,YLR348C,2,0.029,0.000,0.051
814,147,YNL310C,0,0.000,0.000,0.000
815,147,YLR099W-A,1,0.003,0.000,0.026
816,147,YHR194W,1,0.009,0.000,0.026
817,147,YOL026C,6,0.059,0.049,0.154
818,147,YPL098C,8,0.078,0.000,0.205
819,147,YBR044C,0,0.000,0.000,0.000
820,147,YGL219C,7,0.074,0.000,0.179
821,147,YOR297C,5,0.054,0.000,0.128
822,148,YCR024C,6,0.051,0.003,0.150
823,148,YKL194C,5,0.059,0.000,0.125
824,148,YPR081C,3,0.033,0.000,0.075
825,148,YGL159W,0,0.000,0.000,0.000
826,148,YCR011C,1,0.013,0.000,0.025
827,148,YPL104W,6,0.037,0.002,0.150
828,148,YGR024C,1,0.009,0.000,0.025
829,148,YPR047W,11,0.087,0.007,0.275
830,148,YHR091C,10,0.084,0.006,0.250
831,148,YDR268W,10,0.086,0.004,0.250
832,148,YOL023W,1,0.006,0.000,0.025
833,149,YDR234W,5,0.109,0.006,0.294
834,149,YJR095W,3,0.065,0.000,0.176
835,149,YIR034C,3,0.063,0.000,0.176
836,149,YEL041W,0,0.000,0.000,0.000
837,149,YNR050C,5,0.109,0.006,0.294
838,150,YMR228W,0,0.577,0.000,0.000
839,150,YPL029W,0,0.577,0.000,0.000
840,150,YOR330C,0,0.577,0.000,0.000
841,151,YPR045C,0,0.000,0.000,0.000
842,151,YML011C,0,0.000,0.000,0.000
843,152,YNL004W,5,0.227,0.000,0.417
844,152,YKL186C,3,0.107,0.000,0.250
845,152,YCL011C,5,0.227,0.000,0.417
846,152,YKL214C,1,0.049,0.000,0.083
847,153,YGR258C,5,0.408,0.000,1.000
848,153,YHL006C,5,0.408,0.000,1.000
849,153,YLR376C,5,0.408,0.000,1.000
850,153,YIL132C,5,0.408,0.000,1.000
851,153,YDR078C,5,0.408,0.000,1.000
852,153,YER162C,5,0.408,0.000,1.000
853,154,YLR212C,4,0.347,0.000,0.667
854,154,YPL124W,2,0.170,0.000,0.333
855,155,YJR084W,0,1.000,0.000,1.000
856,156,YNL188W,2,0.351,0.000,0.500
857,156,YGL075C,2,0.351,0.000,0.500
858,157,YER046W,0,0.000,0.000,0.000
859,157,YNL012W,0,0.000,0.000,0.000
860,158,YKL192C,0,0.707,0.000,0.000
861,158,YDR493W,0,0.707,0.000,0.000
862,159,YAL039C,0,0.707,0.000,0.000
863,159,YKL087C,0,0.707,0.000,0.000
864,160,YDR478W,9,0.243,0.000,0.692
865,160,YML091C,8,0.221,0.000,0.615
866,160,YLR105C,6,0.153,0.003,0.462
867,160,YMR059W,5,0.127,0.000,0.385
868,161,YOR356W,0,0.000,0.000,0.000
869,162,YIL094C,0,0.577,0.000,0.000
870,162,YBR115C,0,0.577,0.000,0.000
871,162,YAR015W,0,0.577,0.000,0.000
872,163,YOL071W,0,0.707,0.000,0.000
873,163,YDR511W,0,0.707,0.000,0.000
874,164,YMR246W,3,0.216,0.000,0.333
875,164,YOR317W,3,0.216,0.000,0.333
876,164,YIL009W,2,0.175,0.000,0.222
877,165,YOR100C,0,0.577,0.000,0.000
878,165,YGL080W,0,0.577,0.000,0.000
879,165,YLR327C,0,0.577,0.000,0.000
880,166,YPL148C,1,0.076,0.000,0.125
881,166,YGL154C,1,0.076,0.000,0.125
882,166,YDR531W,4,0.290,0.000,0.500
883,167,YIL134W,3,0.482,0.000,0.750
884,167,YPR073C,1,0.170,0.000,0.250
885,167,YDR236C,3,0.482,0.000,0.750
886,167,YMR178W,3,0.482,0.000,0.750
887,168,YMR150C,0,0.000,0.000,0.000
888,169,YER153C,0,0.707,0.000,0.000
889,169,YMR257C,0,0.707,0.000,0.000
890,170,YGL143C,0,0.577,0.000,0.000
891,170,YOR201C,0,0.577,0.000,0.000
892,170,YHR168W,0,0.577,0.000,0.000
893,171,YOL114C,0,1.000,0.000,1.000
894,172,YDR358W,3,0.058,0.000,0.120
895,172,YLL044W,0,0.000,0.000,0.000
896,172,YJL207C,3,0.064,0.000,0.120
897,172,YJL024C,6,0.115,0.002,0.240
898,172,YIL002C,3,0.047,0.000,0.120
899,172,YDR348C,0,0.000,0.000,0.000
900,172,YCR030C,0,0.000,0.000,0.000
901,173,YCR047C,0,1.000,0.000,1.000
902,174,YDR021W,2,0.307,0.000,0.400
903,174,YKR017C,0,0.000,0.000,0.000
904,175,YGR218W,0,1.000,0.000,1.000
905,176,YGL232W,1,0.067,0.000,0.100
906,176,YGL243W,0,0.000,0.000,0.000
907,176,YMR259C,1,0.053,0.000,0.100
908,176,YNR015W,1,0.067,0.000,0.100
909,177,YOR032C,0,0.000,0.000,0.000
910,177,YOR198C,0,0.000,0.000,0.000
911,177,YPL119C,0,0.000,0.000,0.000
912,177,YOR051C,0,0.000,0.000,0.000
913,177,YNL085W,0,0.000,0.000,0.000
914,177,YFR023W,0,0.000,0.000,0.000
915,177,YHR015W,0,0.000,0.000,0.000
916,177,YNL016W,0,0.000,0.000,0.000
917,177,YGR250C,0,0.000,0.000,0.000
918,178,YOL132W,0,0.408,0.000,0.000
919,178,YLR343W,0,0.408,0.000,0.000
920,178,YMR215W,0,0.408,0.000,0.000
921,178,YMR307W,0,0.408,0.000,0.000
922,178,YLR249W,0,0.408,0.000,0.000
923,178,YOL030W,0,0.408,0.000,0.000
924,179,YLL019C,0,0.707,0.000,0.000
925,179,YDR432W,0,0.707,0.000,0.000
926,180,YHR157W,4,0.440,0.000,0.800
927,180,YER044C-A,4,0.440,0.000,0.800
928,180,YLR329W,4,0.440,0.000,0.800
929,180,YNL210W,1,0.114,0.000,0.200
930,180,YMR133W,4,0.440,0.000,0.800
931,181,YPL157W,0,1.000,0.000,1.000
932,182,YLR116W,0,0.707,0.000,0.000
933,182,YKL204W,0,0.707,0.000,0.000
934,183,YGR102C,2,0.577,0.000,1.000
935,183,YBL080C,2,0.577,0.000,1.000
936,183,YMR293C,2,0.577,0.000,1.000
937,184,YLR124W,0,0.000,0.000,0.000
938,185,YIL114C,0,0.000,0.000,0.000
939,185,YPL246C,0,0.000,0.000,0.000
940,185,YKR066C,0,0.000,0.000,0.000
941,186,YJL208C,2,0.435,0.000,0.667
942,186,YNL305C,2,0.435,0.000,0.667
943,187,YKR079C,0,1.000,0.000,1.000
944,188,YNR074C,0,0.707,0.000,0.000
945,188,YGR016W,0,0.707,0.000,0.000
946,189,YFR006W,0,1.000,0.000,1.000
947,190,YDL210W,0,0.000,0.000,0.000
948,190,YIR023W,0,0.000,0.000,0.000
949,191,YDR256C,2,0.577,0.000,1.000
950,191,YGR088W,2,0.577,0.000,1.000
951,191,YJR104C,2,0.577,0.000,1.000
952,192,YKL067W,0,1.000,0.000,1.000
953,193,YKR052C,0,0.000,0.000,0.000
954,193,YFL041W,1,0.116,0.000,0.125
955,193,YHL047C,0,0.000,0.000,0.000
956,194,YCR010C,0,0.707,0.000,0.000
957,194,YLR174W,0,0.707,0.000,0.000
958,195,YLR451W,0,0.000,0.000,0.000
959,195,YKL120W,0,0.000,0.000,0.000
960,196,YDL181W,0,0.707,0.000,0.000
961,196,YGR008C,0,0.707,0.000,0.000
962,197,YBR185C,0,0.707,0.000,0.000
963,197,YDL107W,0,0.707,0.000,0.000
964,198,YCR083W,4,0.149,0.001,0.250
965,198,YBR244W,4,0.145,0.002,0.250
966,198,YIL010W,4,0.135,0.004,0.250
967,198,YDL072C,0,0.000,0.000,0.000
968,198,YBR216C,0,0.000,0.000,0.000
969,199,YPR128C,4,0.056,0.000,0.143
970,199,YCL056C,0,0.000,0.000,0.000
971,199,YHR160C,6,0.089,0.003,0.214
972,199,YGR028W,6,0.086,0.000,0.214
973,199,YGR239C,3,0.040,0.000,0.107
974,199,YPL112C,3,0.050,0.000,0.107
975,199,YMR163C,0,0.000,0.000,0.000
976,199,YAL055W,6,0.089,0.000,0.214
977,200,YIL043C,0,0.000,0.000,0.000
978,200,YBR222C,1,0.035,0.000,0.067
979,200,YAR035W,2,0.046,0.000,0.133
980,200,YER024W,2,0.046,0.000,0.133
981,201,YGR260W,2,0.173,0.000,0.333
982,201,YJR025C,4,0.328,0.067,0.667
983,202,YGR257C,2,0.577,0.000,1.000
984,202,YHR008C,2,0.577,0.000,1.000
985,202,YHR050W,2,0.577,0.000,1.000
986,203,YOL067C,3,0.500,0.000,1.000
987,203,YBL103C,3,0.500,0.000,1.000
988,203,YNL076W,3,0.500,0.000,1.000
989,203,YGL252C,3,0.500,0.000,1.000
990,204,YCL018W,0,1.000,0.000,1.000
991,205,YDR277C,0,0.000,0.000,0.000
992,205,YLR228C,0,0.000,0.000,0.000
993,206,YDR470C,4,0.292,0.000,0.571
994,206,YLR368W,1,0.075,0.000,0.143
995,207,YJL055W,0,0.000,0.000,0.000
996,207,YJR103W,4,0.068,0.006,0.182
997,207,YBL039C,3,0.045,0.006,0.136
998,207,YGL234W,4,0.109,0.000,0.182
999,207,YDR454C,3,0.087,0.000,0.136
1000,207,YJR133W,3,0.063,0.000,0.136
1001,208,YJR047C,1,0.707,0.000,1.000
1002,208,YJR070C,1,0.707,0.000,1.000
1003,209,YOR011W,1,0.282,0.000,0.250
1004,209,YHR068W,0,0.000,0.000,0.000
1005,210,YOR037W,0,0.500,0.000,0.000
1006,210,YER086W,0,0.500,0.000,0.000
1007,210,YDR158W,0,0.500,0.000,0.000
1008,210,YCL064C,0,0.500,0.000,0.000
1009,211,YOR251C,0,1.000,0.000,1.000
1010,212,YKL053C-A,2,0.577,0.000,1.000
1011,212,YLR168C,2,0.577,0.000,1.000
1012,212,YLR193C,2,0.577,0.000,1.000
1013,213,YBR262C,5,0.408,0.000,1.000
1014,213,YCL057C-A,5,0.408,0.000,1.000
1015,213,YGR235C,5,0.408,0.000,1.000
1016,213,YNL100W,5,0.408,0.000,1.000
1017,213,YFR011C,5,0.408,0.000,1.000
1018,213,YKR016W,5,0.408,0.000,1.000
1019,214,YJL130C,0,1.000,0.000,1.000
1020,215,YPR035W,1,0.707,0.000,1.000
1021,215,YDL171C,1,0.707,0.000,1.000
1022,216,YJR109C,1,0.707,0.000,1.000
1023,216,YOR303W,1,0.707,0.000,1.000
1024,217,YMR217W,1,0.500,0.000,0.500
1025,217,YAR075W,1,0.500,0.000,0.500
1026,218,YLR157C,0,0.500,0.000,0.000
1027,218,YLR158C,0,0.500,0.000,0.000
1028,218,YLR160C,0,0.500,0.000,0.000
1029,218,YLR155C,0,0.500,0.000,0.000
1030,219,YOR302W,0,0.000,0.000,0.000
1031,219,YNL192W,0,0.000,0.000,0.000
1032,219,YMR084W,0,0.000,0.000,0.000
1033,220,YGL062W,1,0.707,0.000,1.000
1034,220,YBR218C,1,0.707,0.000,1.000
1035,221,YDR380W,0,0.000,0.000,0.000
1036,221,YAL061W,0,0.000,0.000,0.000
1037,222,YDR345C,1,0.074,0.000,0.100
1038,222,YJL121C,3,0.198,0.000,0.300
1039,222,YLR070C,1,0.038,0.000,0.100
1040,223,YDR248C,3,0.386,0.000,0.600
1041,223,YKL205W,1,0.134,0.000,0.200
1042,223,YNL241C,3,0.386,0.000,0.600
1043,224,YPL223C,0,0.707,0.000,0.000
1044,224,YDR403W,0,0.707,0.000,0.000
1045,225,YOR034C,0,0.707,0.000,0.000
1046,225,YHR042W,0,0.707,0.000,0.000
1047,226,YDL174C,2,0.121,0.000,0.182
1048,226,YNL134C,1,0.035,0.000,0.091
1049,226,YDL178W,2,0.121,0.000,0.182
1050,227,YGR207C,1,0.707,0.000,1.000
1051,227,YPR004C,1,0.707,0.000,1.000
1052,228,YOR304W,3,0.303,0.000,0.500
1053,228,YPL216W,0,0.000,0.000,0.000
1054,229,YPL158C,0,0.707,0.000,0.000
1055,229,YKR048C,0,0.707,0.000,0.000
1056,230,YCR084C,1,0.021,0.000,0.053
1057,230,YBR066C,1,0.069,0.000,0.053
1058,230,YJL089W,1,0.069,0.000,0.053
1059,230,YMR303C,1,0.013,0.000,0.053
1060,230,YOR047C,0,0.000,0.000,0.000
1061,230,YMR140W,1,0.069,0.000,0.053
1062,230,YMR011W,1,0.069,0.000,0.053
1063,231,YLL060C,0,0.000,0.000,0.000
1064,231,YJL172W,0,0.000,0.000,0.000
1065,231,YGR154C,0,0.000,0.000,0.000
1066,231,YLL015W,0,0.000,0.000,0.000
1067,232,YLL042C,4,0.091,0.001,0.182
1068,232,YKL116C,1,0.033,0.000,0.045
1069,232,YOL065C,1,0.023,0.000,0.045
1070,232,YHR146W,2,0.067,0.000,0.091
1071,232,YNL173C,2,0.067,0.000,0.091
1072,232,YGR223C,3,0.067,0.000,0.136
1073,233,YLR019W,0,0.000,0.000,0.000
1074,233,YJL142C,0,0.000,0.000,0.000
1075,233,YAL056W,0,0.000,0.000,0.000
1076,233,YLL010C,0,0.000,0.000,0.000
1077,233,YOR371C,0,0.000,0.000,0.000
1078,234,YPR113W,0,1.000,0.000,1.000
1079,235,YDL144C,0,0.707,0.000,0.000
1080,235,YIL160C,0,0.707,0.000,0.000
1081,236,YER081W,1,0.707,0.000,1.000
1082,236,YIL074C,1,0.707,0.000,1.000
1083,237,YKL132C,3,0.364,0.000,0.600
1084,237,YOR241W,2,0.251,0.000,0.400
1085,237,YGR267C,3,0.364,0.000,0.600
1086,238,YNL180C,0,0.000,0.000,0.000
1087,238,YPR075C,0,0.000,0.000,0.000
1088,238,YHR047C,0,0.000,0.000,0.000
1089,238,YNL090W,2,0.009,0.000,0.044
1090,238,YOR304C-A,0,0.000,0.000,0.000
1091,238,YDR466W,0,0.000,0.000,0.000
1092,238,YAL048C,0,0.000,0.000,0.000
1093,238,YOL105C,5,0.018,0.000,0.111
1094,238,YKR055W,0,0.000,0.000,0.000
1095,238,YFL047W,0,0.000,0.000,0.000
1096,238,YEL031W,0,0.000,0.000,0.000
1097,238,YLL007C,0,0.000,0.000,0.000
1098,239,YEL013W,0,0.577,0.000,0.000
1099,239,YAR042W,0,0.577,0.000,0.000
1100,239,YHR117W,0,0.577,0.000,0.000
1101,240,YGL136C,0,0.000,0.000,0.000
1102,240,YMR097C,0,0.000,0.000,0.000
1103,240,YOR205C,0,0.000,0.000,0.000
1104,240,YLR289W,0,0.000,0.000,0.000
1105,240,YBR025C,0,0.000,0.000,0.000
1106,241,YHR072W-A,0,1.000,0.000,1.000
1107,242,YLR318W,0,0.707,0.000,0.000
1108,242,YLR262C-A,0,0.707,0.000,0.000
1109,243,YMR276W,0,1.000,0.000,1.000
1110,244,YMR023C,2,0.577,0.000,1.000
1111,244,YGL236C,2,0.577,0.000,1.000
1112,244,YDL033C,2,0.577,0.000,1.000
1113,245,YHL016C,0,0.000,0.000,0.000
1114,245,YJL126W,0,0.000,0.000,0.000
1115,246,YBL075C,1,0.090,0.000,0.167
1116,246,YMR139W,0,0.000,0.000,0.000
1117,247,YPL225W,0,1.000,0.000,1.000
1118,248,YOL143C,4,0.365,0.000,0.800
1119,248,YOL066C,4,0.365,0.000,0.800
1120,249,YOL136C,4,0.292,0.000,0.571
1121,249,YKL217W,1,0.075,0.000,0.143
1122,250,YFL045C,1,0.707,0.000,1.000
1123,250,YER003C,1,0.707,0.000,1.000
1124,251,YCR044C,0,0.577,0.000,0.000
1125,251,YIL039W,0,0.577,0.000,0.000
1126,251,YOL122C,0,0.577,0.000,0.000
1127,252,YBR290W,0,1.000,0.000,1.000
1128,253,YDR182W,0,0.707,0.000,0.000
1129,253,YCR017C,0,0.707,0.000,0.000
1130,254,YDR492W,0,0.000,0.000,0.000
1131,254,YOL002C,0,0.000,0.000,0.000
1132,254,YOL154W,1,0.055,0.000,0.083
1133,254,YOR079C,3,0.169,0.000,0.250
1134,255,YIL177W-A,0,0.000,0.000,0.000
1135,255,YLL067W-A,0,0.000,0.000,0.000
1136,255,YNL339W-A,2,0.081,0.000,0.167
1137,255,YNL339W-B,2,0.081,0.000,0.167
1138,256,YMR267W,1,0.707,0.000,1.000
1139,256,YBR011C,1,0.707,0.000,1.000
1140,257,YDL200C,0,0.000,0.000,0.000
1141,257,YKL157W,1,0.083,0.000,0.143
1142,258,YOL152W,0,0.000,0.000,0.000
1143,258,YKL220C,0,0.000,0.000,0.000
1144,258,YLL051C,0,0.000,0.000,0.000
1145,259,YHR208W,3,0.339,0.022,0.500
1146,259,YGL009C,3,0.339,0.022,0.500
1147,259,YHR002W,0,0.000,0.000,0.000
1148,260,YPL015C,0,0.000,0.000,0.000
1149,260,YOR025W,0,0.000,0.000,0.000
1150,260,YNL239W,0,0.000,0.000,0.000
1151,261,YJR069C,0,1.000,0.000,1.000
1152,262,YJR014W,2,0.577,0.000,1.000
1153,262,YER007C-A,2,0.577,0.000,1.000
1154,262,YDR117C,2,0.577,0.000,1.000
1155,263,YNL258C,7,0.045,0.001,0.233
1156,263,YLR440C,6,0.039,0.000,0.200
1157,263,YDR498C,18,0.152,0.023,0.600
1158,263,YNR049C,14,0.136,0.001,0.467
1159,263,YDR189W,15,0.130,0.013,0.500
1160,263,YAL014C,6,0.056,0.000,0.200
1161,263,YGL145W,7,0.045,0.001,0.233
1162,263,YBL102W,2,0.018,0.000,0.067
1163,264,YOL117W,4,0.447,0.000,1.000
1164,264,YDL216C,4,0.447,0.000,1.000
1165,264,YDR179C,4,0.447,0.000,1.000
1166,264,YMR025W,4,0.447,0.000,1.000
1167,264,YIL071C,4,0.447,0.000,1.000
1168,265,YHR129C,0,1.000,0.000,1.000
1169,266,YMR294W,3,0.500,0.000,1.000
1170,266,YPL174C,3,0.500,0.000,1.000
1171,266,YLL049W,3,0.500,0.000,1.000
1172,266,YDR106W,3,0.500,0.000,1.000
1173,267,YLR020C,0,0.000,0.000,0.000
1174,267,YIL090W,1,0.015,0.000,0.021
1175,267,YGR149W,1,0.023,0.000,0.021
1176,267,YPL206C,1,0.023,0.000,0.021
1177,267,YBR042C,2,0.031,0.000,0.042
1178,267,YER113C,1,0.012,0.000,0.021
1179,267,YGR110W,1,0.007,0.000,0.021
1180,267,YAL009W,3,0.028,0.000,0.062
1181,267,YLL012W,0,0.000,0.000,0.000
1182,267,YGL084C,1,0.023,0.000,0.021
1183,267,YDR018C,0,0.000,0.000,0.000
1184,267,YHR004C,2,0.018,0.000,0.042
1185,267,YLR133W,1,0.005,0.000,0.021
1186,268,YJR049C,0,0.500,0.000,0.000
1187,268,YDR242W,0,0.500,0.000,0.000
1188,268,YGR205W,0,0.500,0.000,0.000
1189,268,YPL188W,0,0.500,0.000,0.000
1190,269,YDR077W,0,0.577,0.000,0.000
1191,269,YLR110C,0,0.577,0.000,0.000
1192,269,YKL164C,0,0.577,0.000,0.000
1193,270,YOR031W,1,0.282,0.000,0.333
1194,271,YLR034C,0,0.707,0.000,0.000
1195,271,YBR207W,0,0.707,0.000,0.000
1196,272,YLR220W,0,1.000,0.000,1.000
1197,273,YDR465C,1,0.056,0.000,0.091
1198,273,YOR021C,0,0.000,0.000,0.000
1199,273,YLR063W,0,0.000,0.000,0.000
1200,274,YHR178W,0,0.000,0.000,0.000
1201,274,YHR064C,0,0.000,0.000,0.000
1202,274,YML076C,0,0.000,0.000,0.000
1203,274,YOR162C,0,0.000,0.000,0.000
1204,275,YOR281C,0,0.707,0.000,0.000
1205,275,YNL313C,0,0.707,0.000,0.000
1206,276,YPL212C,5,0.329,0.010,0.714
1207,276,YFL001W,3,0.209,0.000,0.429
1208,277,YOR230W,0,0.000,0.000,0.000
1209,278,YDR227W,0,1.000,0.000,1.000
1210,279,YJL127C,0,1.000,0.000,1.000
1211,280,YER014W,0,1.000,0.000,1.000
1212,281,YLR373C,0,0.000,0.000,0.000
1213,281,YLR403W,2,0.049,0.000,0.154
1214,281,YGR071C,0,0.000,0.000,0.000
1215,281,YDR206W,0,0.000,0.000,0.000
1216,282,YGL222C,0,0.000,0.000,0.000
1217,283,YNL063W,0,0.577,0.000,0.000
1218,283,YIL096C,0,0.577,0.000,0.000
1219,283,YBR141C,0,0.577,0.000,0.000
1220,284,YIR033W,1,0.070,0.000,0.125
1221,284,YKL020C,1,0.070,0.000,0.125
1222,284,YJL196C,5,0.337,0.000,0.625
1223,284,YLR372W,5,0.337,0.000,0.625
1224,285,YNL295W,0,1.000,0.000,1.000
1225,286,YPR155C,0,0.707,0.000,0.000
1226,286,YIL087C,0,0.707,0.000,0.000
1227,287,YBR101C,0,0.577,0.000,0.000
1228,287,YJL144W,0,0.577,0.000,0.000
1229,287,YPR158W,0,0.577,0.000,0.000
1230,288,YBR109C,0,0.707,0.000,0.000
1231,288,YNL225C,0,0.707,0.000,0.000
1232,289,YJL123C,1,0.088,0.000,0.125
1233,289,YBR137W,3,0.247,0.000,0.375
1234,289,YDR186C,0,0.000,0.000,0.000
1235,290,YBR176W,1,0.707,0.000,1.000
1236,290,YIL145C,1,0.707,0.000,1.000
1237,291,YIL164C,0,1.000,0.000,1.000
1238,292,YGR143W,1,0.081,0.000,0.167
1239,292,YDR072C,4,0.331,0.350,0.667
1240,293,YMR234W,1,0.282,0.000,0.333
1241,294,YOR264W,1,0.137,0.000,0.167
1242,294,YML034W,2,0.239,0.000,0.333
1243,295,YKR070W,0,1.000,0.000,1.000
1244,296,YMR204C,0,0.000,0.000,0.000
1245,296,YBR130C,1,0.134,0.000,0.125
1246,296,YBL032W,1,0.134,0.000,0.125
1247,297,YBL007C,1,0.707,0.000,1.000
1248,297,YHR016C,1,0.707,0.000,1.000
1249,298,YKR019C,0,0.000,0.000,0.000
1250,298,YER060W-A,0,0.000,0.000,0.000
1251,298,YJL083W,0,0.000,0.000,0.000
1252,298,YER060W,0,0.000,0.000,0.000
1253,298,YIL095W,0,0.000,0.000,0.000
1254,299,YDL161W,0,0.707,0.000,0.000
1255,299,YLR206W,0,0.707,0.000,0.000
1256,300,YLR319C,0,1.000,0.000,1.000
1257,301,YBR164C,0,0.707,0.000,0.000
1258,301,YOR094W,0,0.707,0.000,0.000
1259,302,YBR038W,2,0.577,0.000,1.000
1260,302,YMR032W,2,0.577,0.000,1.000
1261,302,YDL117W,2,0.577,0.000,1.000
1262,303,YDR056C,7,0.351,0.000,0.778
1263,303,YCL045C,7,0.351,0.000,0.778
1264,303,YJL192C,7,0.351,0.000,0.778
1265,303,YIL027C,7,0.351,0.000,0.778
1266,303,YKL207W,7,0.351,0.000,0.778
1267,303,YGL230C,1,0.051,0.000,0.111
1268,303,YLL014W,7,0.351,0.000,0.778
1269,303,YOR289W,1,0.051,0.000,0.111
1270,304,YOR338W,0,0.500,0.000,0.000
1271,304,YOR359W,0,0.500,0.000,0.000
1272,304,YJL080C,0,0.500,0.000,0.000
1273,304,YBR172C,0,0.500,0.000,0.000
1274,305,YML068W,0,1.000,0.000,1.000
1275,306,YER042W,0,1.000,0.000,1.000
1276,307,YLR114C,2,0.394,0.000,0.400
1277,307,YPR109W,0,0.000,0.000,0.000
1278,307,YKL034W,2,0.394,0.000,0.400
1279,307,YDL219W,2,0.394,0.000,0.400
1280,307,YOR223W,2,0.394,0.000,0.400
1281,308,YPL154C,0,1.000,0.000,1.000
1282,309,YML118W,0,0.000,0.000,0.000
1283,309,YIL137C,1,0.026,0.000,0.067
1284,309,YDR061W,1,0.032,0.000,0.067
1285,309,YDR151C,1,0.032,0.000,0.067
1286,310,YKL154W,5,0.296,0.000,0.714
1287,310,YKL122C,5,0.296,0.000,0.714
1288,311,YMR265C,2,0.092,0.000,0.222
1289,311,YDR415C,2,0.092,0.000,0.222
1290,311,YAL004W,0,0.000,0.000,0.000
1291,312,YPL083C,2,0.435,0.000,0.667
1292,312,YOL102C,2,0.435,0.000,0.667
1293,313,YBL047C,0,0.707,0.000,0.000
1294,313,YDR320C,0,0.707,0.000,0.000
1295,314,YPR042C,0,0.707,0.000,0.000
1296,314,YDL224C,0,0.707,0.000,0.000
1297,315,YNL197C,0,0.707,0.000,0.000
1298,315,YPL184C,0,0.707,0.000,0.000
1299,316,YPL200W,2,0.577,0.000,1.000
1300,316,YOL104C,2,0.577,0.000,1.000
1301,316,YJL019W,2,0.577,0.000,1.000
1302,317,YBR145W,0,0.000,0.000,0.000
1303,317,YJL068C,1,0.135,0.000,0.167
1304,318,YKL103C,0,0.707,0.000,0.000
1305,318,YHR113W,0,0.707,0.000,0.000
1306,319,YDR430C,0,0.707,0.000,0.000
1307,319,YER078C,0,0.707,0.000,0.000
1308,320,YDL160C-A,2,0.435,0.000,0.667
1309,320,YGR042W,2,0.435,0.000,0.667
1310,321,YJL105W,1,0.707,0.000,1.000
1311,321,YHR207C,1,0.707,0.000,1.000
1312,322,YHR158C,1,0.707,0.000,1.000
1313,322,YGR238C,1,0.707,0.000,1.000
1314,323,YHL024W,0,0.000,0.000,0.000
1315,324,YLR017W,2,0.300,0.000,0.400
1316,324,YNL010W,1,0.155,0.000,0.200
1317,325,YDL236W,1,0.129,0.000,0.200
1318,325,YEL070W,2,0.336,0.000,0.400
1319,326,YDL052C,0,0.707,0.000,0.000
1320,326,YGR045C,0,0.707,0.000,0.000
1321,327,YHR100C,2,0.577,0.000,1.000
1322,327,YGR046W,2,0.577,0.000,1.000
1323,327,YDL142C,2,0.577,0.000,1.000
1324,328,YOR006C,0,0.707,0.000,0.000
1325,328,YCR051W,0,0.707,0.000,0.000
1326,329,YOR334W,0,0.707,0.000,0.000
1327,329,YPL060W,0,0.707,0.000,0.000
1328,330,YOL130W,0,0.500,0.000,0.000
1329,330,YJL133W,0,0.500,0.000,0.000
1330,330,YFL050C,0,0.500,0.000,0.000
1331,330,YKL064W,0,0.500,0.000,0.000
1332,331,YCL032W,1,0.094,0.000,0.143
1333,331,YDR420W,1,0.094,0.000,0.143
1334,332,YMR258C,1,0.022,0.000,0.056
1335,332,YBR131W,3,0.064,0.000,0.167
1336,332,YPL070W,1,0.022,0.000,0.056
1337,332,YNL093W,3,0.071,0.000,0.167
1338,332,YDR229W,1,0.024,0.000,0.056
1339,333,YPL036W,0,0.707,0.000,0.000
1340,333,YGL008C,0,0.707,0.000,0.000
1341,334,YPR131C,0,1.000,0.000,1.000
1342,335,YJL062W,0,0.000,0.000,0.000
1343,336,YKL165C,5,0.101,0.008,0.208
1344,336,YCL052C,3,0.081,0.000,0.125
1345,336,YHR039C,1,0.025,0.000,0.042
1346,336,YNL149C,0,0.000,0.000,0.000
1347,336,YLR242C,0,0.000,0.000,0.000
1348,336,YFL025C,5,0.098,0.000,0.208
1349,336,YJL091C,4,0.090,0.002,0.167
1350,337,YOR140W,0,0.378,0.000,0.000
1351,337,YMR164C,0,0.378,0.000,0.000
1352,337,YHR211W,0,0.378,0.000,0.000
1353,337,YKR102W,0,0.378,0.000,0.000
1354,337,YAR050W,0,0.378,0.000,0.000
1355,337,YKL043W,0,0.378,0.000,0.000
1356,337,YAL063C,0,0.378,0.000,0.000
1357,338,YIR019C,0,0.500,0.000,0.000
1358,338,YOL116W,0,0.500,0.000,0.000
1359,338,YDL233W,0,0.500,0.000,0.000
1360,338,YER109C,0,0.500,0.000,0.000
1361,339,YJR031C,0,1.000,0.000,1.000
1362,340,YLR076C,0,0.000,0.000,0.000
1363,341,YFR056C,1,0.282,0.000,0.333
1364,342,YMR135C,6,0.376,0.000,0.750
1365,342,YDR255C,6,0.376,0.000,0.750
1366,342,YIL017C,6,0.376,0.000,0.750
1367,342,YKL124W,1,0.064,0.000,0.125
1368,342,YBL048W,0,0.000,0.000,0.000
1369,342,YBR105C,6,0.376,0.000,0.750
1370,342,YIL097W,6,0.376,0.000,0.750
1371,342,YGL227W,6,0.376,0.000,0.750
1372,343,YMR081C,0,1.000,0.000,1.000
1373,344,YDR287W,2,0.244,0.000,0.333
1374,344,YGL077C,0,0.000,0.000,0.000
1375,345,YLR238W,4,0.365,0.000,0.800
1376,345,YDR200C,4,0.365,0.000,0.800
1377,346,YLR280C,0,0.707,0.000,0.000
1378,346,YLR125W,0,0.707,0.000,0.000
1379,347,YNL314W,0,0.707,0.000,0.000
1380,347,YDL170W,0,0.707,0.000,0.000
1381,348,YML067C,0,1.000,0.000,1.000
1382,349,YKR099W,0,0.707,0.000,0.000
1383,349,YFR034C,0,0.707,0.000,0.000
1384,350,YOL068C,0,1.000,0.000,1.000
1385,351,YFR003C,0,1.000,0.000,1.000
1386,352,YDR456W,0,0.000,0.000,0.000
1387,352,YJR054W,0,0.000,0.000,0.000
1388,353,YDL112W,1,0.245,0.000,0.250
1389,353,YPL183C,1,0.245,0.000,0.250
1390,354,YOL093W,0,1.000,0.000,1.000
1391,355,YLR316C,0,1.000,0.000,1.000
1392,356,YGL114W,0,0.707,0.000,0.000
1393,356,YKR093W,0,0.707,0.000,0.000
1394,357,YJL212C,0,0.577,0.000,0.000
1395,357,YPR194C,0,0.577,0.000,0.000
1396,357,YPL177C,0,0.577,0.000,0.000
1397,358,YNL091W,1,0.073,0.000,0.083
1398,358,YPR121W,1,0.073,0.000,0.083
1399,358,YDL024C,0,0.000,0.000,0.000
1400,358,YJR142W,1,0.069,0.000,0.083
1401,358,YBR092C,1,0.073,0.000,0.083
1402,359,YOR143C,0,0.707,0.000,0.000
1403,359,YDR481C,0,0.707,0.000,0.000
1404,360,YNR013C,2,0.096,0.000,0.143
1405,360,YFL004W,0,0.000,0.000,0.000
1406,360,YJL198W,2,0.096,0.000,0.143
1407,360,YIL047C,0,0.000,0.000,0.000
1408,361,YPL034W,0,0.707,0.000,0.000
1409,361,YCL033C,0,0.707,0.000,0.000
1410,362,YLR126C,0,0.707,0.000,0.000
1411,362,YKL069W,0,0.707,0.000,0.000
1412,363,YMR085W,0,0.000,0.000,0.000
1413,364,YOL095C,0,1.000,0.000,1.000
1414,365,YDR538W,0,1.000,0.000,1.000
1415,366,YBL061C,3,0.281,0.000,0.500
1416,366,YMR237W,3,0.281,0.000,0.500
1417,367,YLR342W,0,1.000,0.000,1.000
1418,368,YNL166C,4,0.181,0.000,0.308
1419,368,YKL101W,3,0.140,0.000,0.231
1420,368,YER158C,0,0.000,0.000,0.000
1421,368,YNL233W,3,0.134,0.000,0.231
1422,369,YER039C-A,0,0.577,0.000,0.000
1423,369,YPL244C,0,0.577,0.000,0.000
1424,369,YML038C,0,0.577,0.000,0.000
1425,370,YLR149C,0,1.000,0.000,1.000
1426,371,YFR017C,0,1.000,0.000,1.000
1427,372,YGL169W,4,0.331,0.022,0.667
1428,372,YDL104C,3,0.260,0.000,0.500
1429,373,YBR049C,0,0.707,0.000,0.000
1430,373,YPL128C,0,0.707,0.000,0.000
1431,374,YCR036W,6,0.335,0.000,0.857
1432,374,YBR111C,5,0.284,0.000,0.714
1433,374,YOR095C,6,0.335,0.000,0.857
1434,375,YLL062C,0,0.707,0.000,0.000
1435,375,YPL273W,0,0.707,0.000,0.000
1436,376,YGR142W,0,1.000,0.000,1.000
1437,377,YDL194W,2,0.577,0.000,1.000
1438,377,YKL038W,2,0.577,0.000,1.000
1439,377,YDL138W,2,0.577,0.000,1.000
1440,378,YGR233C,0,1.000,0.000,1.000
1441,379,YFR036W,12,0.277,0.000,1.000
1442,379,YLR127C,12,0.277,0.000,1.000
1443,379,YDL008W,12,0.277,0.000,1.000
1444,379,YDR260C,12,0.277,0.000,1.000
1445,379,YNL172W,12,0.277,0.000,1.000
1446,379,YDR118W,12,0.277,0.000,1.000
1447,379,YHR166C,12,0.277,0.000,1.000
1448,379,YBL084C,12,0.277,0.000,1.000
1449,379,YOR249C,12,0.277,0.000,1.000
1450,379,YGL240W,12,0.277,0.000,1.000
1451,379,YKL022C,12,0.277,0.000,1.000
1452,379,YIR025W,12,0.277,0.000,1.000
1453,379,YLR102C,12,0.277,0.000,1.000
1454,380,YLR351C,0,0.000,0.000,0.000
1455,381,YNR027W,0,0.707,0.000,0.000
1456,381,YEL029C,0,0.707,0.000,0.000
1457,382,YJR099W,2,0.577,0.000,1.000
1458,382,YBR058C,2,0.577,0.000,1.000
1459,382,YOR124C,2,0.577,0.000,1.000
1460,383,YDR069C,8,0.130,0.001,0.364
1461,383,YLR073C,1,0.015,0.000,0.045
1462,383,YLR181C,5,0.069,0.000,0.227
1463,383,YER128W,1,0.014,0.000,0.045
1464,383,YJL049W,8,0.124,0.000,0.364
1465,383,YNL265C,12,0.171,0.013,0.545
1466,384,YLR261C,0,0.000,0.000,0.000
1467,385,YMR304W,0,1.000,0.000,1.000
1468,386,YJL027C,5,0.405,0.000,0.833
1469,386,YJL028W,5,0.405,0.000,0.833
1470,386,YJR056C,5,0.405,0.000,0.833
1471,386,YJL022W,5,0.405,0.000,0.833
1472,386,YPL193W,1,0.083,0.000,0.167
1473,386,YJL161W,5,0.405,0.000,0.833
1474,387,YDL055C,0,0.577,0.000,0.000
1475,387,YBR085C-A,0,0.577,0.000,0.000
1476,387,YGL065C,0,0.577,0.000,0.000
1477,388,YIL030C,0,1.000,0.000,1.000
1478,389,YMR297W,0,0.500,0.000,0.000
1479,389,YBR139W,0,0.500,0.000,0.000
1480,389,YMR174C,0,0.500,0.000,0.000
1481,389,YKR034W,0,0.500,0.000,0.000
1482,390,YGL203C,2,0.290,0.000,0.333
1483,390,YEL060C,0,0.000,0.000,0.000
1484,390,YOR219C,2,0.290,0.000,0.333
1485,391,YGR121C,2,0.577,0.000,1.000
1486,391,YNL142W,2,0.577,0.000,1.000
1487,391,YPR138C,2,0.577,0.000,1.000
1488,392,YBR281C,0,0.000,0.000,0.000
1489,392,YOL049W,2,0.435,0.000,0.500
1490,392,YKL215C,2,0.435,0.000,0.500
1491,393,YCL035C,0,0.707,0.000,0.000
1492,393,YDR513W,0,0.707,0.000,0.000
1493,394,YGL257C,0,0.000,0.000,0.000
1494,394,YPL050C,5,0.125,0.001,0.294
1495,394,YGR199W,3,0.111,0.002,0.176
1496,394,YHR181W,1,0.035,0.000,0.059
1497,394,YJL183W,5,0.125,0.001,0.294
1498,394,YDR307W,2,0.076,0.000,0.118
1499,395,YOR134W,0,0.000,0.000,0.000
1500,395,YDR389W,0,0.000,0.000,0.000
1501,395,YLR310C,0,0.000,0.000,0.000
1502,395,YDL135C,0,0.000,0.000,0.000
1503,395,YMR232W,0,0.000,0.000,0.000
1504,395,YJL201W,0,0.000,0.000,0.000
1505,396,YCL047C,0,0.000,0.000,0.000
1506,397,YGR276C,1,0.282,0.000,0.333
1507,398,YDL184C,0,1.000,0.000,1.000
1508,399,YHR137W,0,1.000,0.000,1.000
1509,400,YDR421W,0,0.707,0.000,0.000
1510,400,YGL202W,0,0.707,0.000,0.000
1511,401,YCR008W,0,0.000,0.000,0.000
1512,401,YBR040W,0,0.000,0.000,0.000
1513,402,YLR143W,0,1.000,0.000,1.000
1514,403,YKR074W,0,0.000,0.000,0.000
1515,404,YPR069C,3,0.482,0.000,0.750
1516,404,YPL052W,1,0.170,0.000,0.250
1517,404,YLR146C,3,0.482,0.000,0.750
1518,404,YOL052C,3,0.482,0.000,0.750
1519,405,YER174C,1,0.282,0.000,0.333
1520,406,YHR005C,1,0.354,0.000,0.250
1521,406,YER020W,1,0.354,0.000,0.250
1522,406,YBR140C,1,0.271,0.000,0.250
1523,407,YBR223C,0,1.000,0.000,1.000
1524,408,YMR070W,0,1.000,0.000,1.000
1525,409,YKR098C,3,0.439,0.000,0.750
1526,409,YOL087C,2,0.307,0.000,0.500
1527,409,YIL156W,3,0.439,0.000,0.750
1528,410,YML047C,0,1.000,0.000,1.000
1529,411,YDR414C,2,0.577,0.000,1.000
1530,411,YCR075C,2,0.577,0.000,1.000
1531,411,YKR007W,2,0.577,0.000,1.000
1532,412,YGL054C,1,0.075,0.000,0.125
1533,412,YOR016C,4,0.273,0.000,0.500
1534,412,YHR110W,4,0.263,0.007,0.500
1535,413,YMR111C,0,0.577,0.000,0.000
1536,413,YKL047W,0,0.577,0.000,0.000
1537,413,YPL236C,0,0.577,0.000,0.000
1538,414,YDR523C,1,0.091,0.000,0.143
1539,414,YCL051W,1,0.078,0.000,0.143
1540,415,YJR010C-A,3,0.500,0.000,1.000
1541,415,YIR022W,3,0.500,0.000,1.000
1542,415,YLR066W,3,0.500,0.000,1.000
1543,415,YML055W,3,0.500,0.000,1.000
1544,416,YEL076C,4,0.447,0.000,1.000
1545,416,YEL075W-A,4,0.447,0.000,1.000
1546,416,YEL074W,4,0.447,0.000,1.000
1547,416,YEL077C,4,0.447,0.000,1.000
1548,416,YEL075C,4,0.447,0.000,1.000
1549,417,YGL045W,6,0.362,0.000,0.750
1550,417,YMR063W,6,0.362,0.000,0.750
1551,417,YGR122W,2,0.125,0.000,0.250
1552,417,YNL294C,6,0.362,0.000,0.750
1553,417,YOR030W,6,0.362,0.000,0.750
1554,417,YGR058W,2,0.125,0.000,0.250
1555,418,YDL195W,0,1.000,0.000,1.000
1556,419,YBR056W-A,0,0.000,0.000,0.000
1557,420,YBR094W,1,0.082,0.000,0.125
1558,420,YGL168W,0,0.000,0.000,0.000
1559,420,YLR443W,2,0.188,0.000,0.250
1560,421,YIR018W,0,0.577,0.000,0.000
1561,421,YGL167C,0,0.577,0.000,0.000
1562,421,YMR034C,0,0.577,0.000,0.000
1563,422,YOL003C,0,0.000,0.000,0.000
1564,422,YNL326C,0,0.000,0.000,0.000
1565,423,YDL240W,0,1.000,0.000,1.000
1566,424,YGR198W,2,0.435,0.000,0.667
1567,424,YDR208W,2,0.435,0.000,0.667
1568,425,YLR422W,0,0.707,0.000,0.000
1569,425,YDR273W,0,0.707,0.000,0.000
1570,426,YOR269W,0,1.000,0.000,1.000
1571,427,YDR517W,0,0.707,0.000,0.000
1572,427,YJR134C,0,0.707,0.000,0.000
1573,428,YIL177C,0,1.000,0.000,1.000
1574,429,YML133C,2,0.577,0.000,1.000
1575,429,YML133W-B,2,0.577,0.000,1.000
1576,429,YML133W-A,2,0.577,0.000,1.000
1577,430,YLL066C,1,0.282,0.000,0.333
1578,431,YLL067C,0,1.000,0.000,1.000
1579,432,YDL124W,0,1.000,0.000,1.000
1580,433,YER150W,0,0.577,0.000,0.000
1581,433,YKL096W-A,0,0.577,0.000,0.000
1582,433,YJL159W,0,0.577,0.000,0.000
1583,434,YHR195W,0,0.447,0.000,0.000
1584,434,YML072C,0,0.447,0.000,0.000
1585,434,YKL130C,0,0.447,0.000,0.000
1586,434,YER120W,0,0.447,0.000,0.000
1587,434,YBL091C-A,0,0.447,0.000,0.000
1588,435,YNL160W,0,1.000,0.000,1.000
1589,436,YDR150W,0,1.000,0.000,1.000
1590,437,YDL113C,2,0.091,0.000,0.167
1591,437,YKR078W,3,0.155,0.000,0.250
1592,437,YJL044C,2,0.101,0.000,0.167
1593,437,YDR425W,3,0.145,0.000,0.250
1594,438,YBR086C,0,1.000,0.000,1.000
1595,439,YOR216C,1,0.000,0.000,0.143
1596,439,YKL179C,1,0.000,0.000,0.143
1597,440,YMR079W,0,1.000,0.000,1.000
1598,441,YOR086C,0,0.707,0.000,0.000
1599,441,YGR202C,0,0.707,0.000,0.000
1600,442,YPL272C,0,0.707,0.000,0.000
1601,442,YJL145W,0,0.707,0.000,0.000
1602,443,YMR010W,0,0.000,0.000,0.000
1603,443,YNR048W,0,0.000,0.000,0.000
1604,443,YCR091W,0,0.000,0.000,0.000
1605,443,YNR047W,0,0.000,0.000,0.000
1606,444,YMR162C,0,0.000,0.000,0.000
1607,445,YNL297C,2,0.577,0.000,1.000
1608,445,YDR141C,2,0.577,0.000,1.000
1609,445,YIL048W,2,0.577,0.000,1.000
1610,446,YOR190W,0,0.000,0.000,0.000
1611,446,YGR189C,2,0.065,0.000,0.143
1612,446,YGR282C,0,0.000,0.000,0.000
1613,446,YJL158C,2,0.065,0.000,0.143
1614,447,YLR097C,1,0.707,0.000,1.000
1615,447,YBR280C,1,0.707,0.000,1.000
1616,448,YGR003W,0,1.000,0.000,1.000
1617,449,YLR380W,0,0.707,0.000,0.000
1618,449,YNL264C,0,0.707,0.000,0.000
1619,450,YNL334C,5,0.408,0.000,1.000
1620,450,YNL333W,5,0.408,0.000,1.000
1621,450,YFL059W,5,0.408,0.000,1.000
1622,450,YMR096W,5,0.408,0.000,1.000
1623,450,YMR095C,5,0.408,0.000,1.000
1624,450,YFL060C,5,0.408,0.000,1.000
1625,451,YNL086W,5,0.408,0.000,1.000
1626,451,YGL079W,5,0.408,0.000,1.000
1627,451,YLR408C,5,0.408,0.000,1.000
1628,451,YDR357C,5,0.408,0.000,1.000
1629,451,YKL061W,5,0.408,0.000,1.000
1630,451,YEL005C,5,0.408,0.000,1.000
1631,452,YDR104C,0,0.577,0.000,0.000
1632,452,YHR105W,0,0.577,0.000,0.000
1633,452,YLR253W,0,0.577,0.000,0.000
1634,453,YOR042W,0,1.000,0.000,1.000
1635,454,YHR192W,3,0.500,0.000,1.000
1636,454,YDR233C,3,0.500,0.000,1.000
1637,454,YPR028W,3,0.500,0.000,1.000
1638,454,YOR165W,3,0.500,0.000,1.000
1639,455,YOR090C,1,0.707,0.000,1.000
1640,455,YCR079W,1,0.707,0.000,1.000
1641,456,YMR247C,0,1.000,0.000,1.000
1642,457,YDR266C,2,0.351,0.000,0.500
1643,457,YGL110C,2,0.351,0.000,0.500
1644,458,YDL198C,0,1.000,0.000,1.000
1645,459,YPL249C,0,0.707,0.000,0.000
1646,459,YGR100W,0,0.707,0.000,0.000
1647,460,YHR135C,2,0.093,0.000,0.167
1648,460,YJL170C,0,0.000,0.000,0.000
1649,460,YNL154C,3,0.147,0.015,0.250
1650,460,YJR004C,4,0.212,0.000,0.333
1651,460,YLR040C,4,0.212,0.000,0.333
1652,461,YIL120W,0,0.447,0.000,0.000
1653,461,YIL121W,0,0.447,0.000,0.000
1654,461,YPR157W,0,0.447,0.000,0.000
1655,461,YNL065W,0,0.447,0.000,0.000
1656,461,YPR008W,0,0.447,0.000,0.000
1657,462,YCL055W,2,0.342,0.500,0.500
1658,462,YCL027W,1,0.155,0.000,0.250
1659,463,YJR094C,0,1.000,0.000,1.000
1660,464,YCL012C,0,0.000,0.000,0.000
1661,464,YHL049C,1,0.170,0.000,0.200
1662,465,YJL073W,0,1.000,0.000,1.000
1663,466,YJR131W,0,1.000,0.000,1.000
1664,467,YGR225W,0,1.000,0.000,1.000
1665,468,YGL117W,0,1.000,0.000,1.000
1666,469,YOR271C,0,1.000,0.000,1.000
1667,470,YDR221W,0,0.577,0.000,0.000
1668,470,YMR200W,0,0.577,0.000,0.000
1669,470,YNL322C,0,0.577,0.000,0.000
1670,471,YOR066W,0,1.000,0.000,1.000
1671,472,YMR100W,0,0.577,0.000,0.000
1672,472,YKL010C,0,0.577,0.000,0.000
1673,472,YGL141W,0,0.577,0.000,0.000
1674,473,YHR009C,0,0.707,0.000,0.000
1675,473,YDL025C,0,0.707,0.000,0.000
1676,474,YJR089W,0,1.000,0.000,1.000
1677,475,YGL071W,0,1.000,0.000,1.000
1678,476,YCL066W,3,0.339,0.033,0.600
1679,476,YCR039C,3,0.339,0.033,0.600
1680,477,YKR088C,0,0.707,0.000,0.000
1681,477,YDR084C,0,0.707,0.000,0.000
1682,478,YDR100W,1,0.707,0.000,1.000
1683,478,YMR071C,1,0.707,0.000,1.000
1684,479,YLL028W,0,0.707,0.000,0.000
1685,479,YNR055C,0,0.707,0.000,0.000
1686,480,YBR008C,0,1.000,0.000,1.000
1687,481,YMR086W,2,0.307,0.000,0.400
1688,481,YGR130C,0,0.000,0.000,0.000
1689,482,YOL101C,2,0.577,0.000,1.000
1690,482,YLR023C,2,0.577,0.000,1.000
1691,482,YJL056C,2,0.577,0.000,1.000
1692,483,YOR043W,0,1.000,0.000,1.000
1693,484,YDR497C,0,1.000,0.000,1.000
1694,485,YPL092W,0,1.000,0.000,1.000
1695,486,YGR120C,7,0.335,0.000,0.875
1696,486,YNL051W,7,0.335,0.000,0.875
1697,486,YJL029C,4,0.197,0.000,0.500
1698,486,YGL005C,7,0.335,0.000,0.875
1699,486,YGL223C,7,0.335,0.000,0.875
1700,487,YGL038C,0,1.000,0.000,1.000
1701,488,YGL032C,0,0.577,0.000,0.000
1702,488,YCR089W,0,0.577,0.000,0.000
1703,488,YLR452C,0,0.577,0.000,0.000
1704,489,YMR216C,0,1.000,0.000,1.000
1705,490,YNR059W,0,0.000,0.000,0.000
1706,490,YIL014W,1,0.217,0.000,0.200
1707,491,YPL053C,0,1.000,0.000,1.000
1708,492,YDR089W,0,1.000,0.000,1.000
1709,493,YOR220W,0,0.707,0.000,0.000
1710,493,YMR316W,0,0.707,0.000,0.000
1711,494,YBR260C,0,1.000,0.000,1.000
1712,495,YGR004W,0,0.577,0.000,0.000
1713,495,YDR479C,0,0.577,0.000,0.000
1714,495,YBR168W,0,0.577,0.000,0.000
1715,496,YLR324W,0,0.707,0.000,0.000
1716,496,YHR150W,0,0.707,0.000,0.000
1717,497,YGR184C,0,1.000,0.000,1.000
1718,498,YNL008C,1,0.707,0.000,1.000
1719,498,YMR119W,1,0.707,0.000,1.000
1720,499,YKR039W,0,0.707,0.000,0.000
1721,499,YJR152W,0,0.707,0.000,0.000
1722,500,YLL038C,0,0.577,0.000,0.000
1723,500,YGL217C,0,0.577,0.000,0.000
1724,500,YGL102C,0,0.577,0.000,0.000
1725,501,YFL048C,0,1.000,0.000,1.000
1726,502,YGL161C,2,0.435,0.000,0.667
1727,502,YNL263C,2,0.435,0.000,0.667
1728,503,YDR264C,0,0.707,0.000,0.000
1729,503,YLR246W,0,0.707,0.000,0.000
1730,504,YBR187W,0,1.000,0.000,1.000
1731,505,YER123W,0,0.707,0.000,0.000
1732,505,YPL199C,0,0.707,0.000,0.000
1733,506,YJL151C,0,1.000,0.000,1.000
1734,507,YOL073C,0,1.000,0.000,1.000
1735,508,YOL042W,0,1.000,0.000,1.000
1736,509,YDR135C,0,0.707,0.000,0.000
1737,509,YLL048C,0,0.707,0.000,0.000
1738,510,YBR053C,0,1.000,0.000,1.000
1739,511,YMR041C,0,0.500,0.000,0.000
1740,511,YBR149W,0,0.500,0.000,0.000
1741,511,YAL008W,0,0.500,0.000,0.000
1742,511,YBR056W,0,0.500,0.000,0.000
1743,512,YOR163W,1,0.160,0.000,0.200
1744,512,YML099C,1,0.160,0.000,0.200
1745,513,YPR201W,2,0.577,0.000,1.000
1746,513,YPR199C,2,0.577,0.000,1.000
1747,513,YPR200C,2,0.577,0.000,1.000
1748,514,YBR030W,3,0.500,0.000,1.000
1749,514,YPL208W,3,0.500,0.000,1.000
1750,514,YDR198C,3,0.500,0.000,1.000
1751,514,YDR257C,3,0.500,0.000,1.000
1752,515,YDR406W,0,0.577,0.000,0.000
1753,515,YGL013C,0,0.577,0.000,0.000
1754,515,YOR328W,0,0.577,0.000,0.000
1755,516,YER049W,0,1.000,0.000,1.000
1756,517,YNL078W,1,0.707,0.000,1.000
1757,517,YOL070C,1,0.707,0.000,1.000
1758,518,YFL056C,2,0.577,0.000,1.000
1759,518,YDL243C,2,0.577,0.000,1.000
1760,518,YFL057C,2,0.577,0.000,1.000
1761,519,YOR053W,0,1.000,0.000,1.000
1762,520,YOR394C-A,0,0.577,0.000,0.000
1763,520,YOR396W,0,0.577,0.000,0.000
1764,520,YDR545W,0,0.577,0.000,0.000
1765,521,YDR545C-A,0,1.000,0.000,1.000
1766,522,YOR396C-A,0,1.000,0.000,1.000
1767,523,YPL058C,0,1.000,0.000,1.000
1768,524,YOR386W,0,0.707,0.000,0.000
1769,524,YBR078W,0,0.707,0.000,0.000
1770,525,YOR252W,0,1.000,0.000,1.000
1771,526,YOL110W,0,1.000,0.000,1.000
1772,527,YIR003W,0,1.000,0.000,1.000
1773,528,YKL142W,0,0.500,0.000,0.000
1774,528,YML052W,0,0.500,0.000,0.000
1775,528,YPR149W,0,0.500,0.000,0.000
1776,528,YMR031C,0,0.500,0.000,0.000
1777,529,YBL005W,0,1.000,0.000,1.000
1778,530,YFR018C,0,1.000,0.000,1.000
1779,531,YOR242C,0,1.000,0.000,1.000
1780,532,YJL059W,0,1.000,0.000,1.000
1781,533,YCL042W,2,0.577,0.000,1.000
1782,533,YCR024C-B,2,0.577,0.000,1.000
1783,533,YCL001W-A,2,0.577,0.000,1.000
1784,534,YBL049W,0,1.000,0.000,1.000
1785,535,YGL139W,0,0.707,0.000,0.000
1786,535,YGL146C,0,0.707,0.000,0.000
1787,536,YGL140C,0,1.000,0.000,1.000
1788,537,YML086C,0,1.000,0.000,1.000
1789,538,YOR193W,0,1.000,0.000,1.000
1790,539,YLR065C,0,1.000,0.000,1.000
1791,540,YPL075W,0,0.577,0.000,0.000
1792,540,YOR344C,0,0.577,0.000,0.000
1793,540,YDL046W,0,0.577,0.000,0.000
1794,541,YOR383C,0,1.000,0.000,1.000
1795,542,YAL068C,17,0.219,0.000,0.850
1796,542,YOL161C,17,0.219,0.000,0.850
1797,542,YGL261C,17,0.219,0.000,0.850
1798,542,YLL025W,10,0.127,0.001,0.500
1799,542,YHL046C,17,0.219,0.000,0.850
1800,542,YAR020C,8,0.106,0.000,0.400
1801,542,YLR037C,12,0.152,0.002,0.600
1802,542,YDR542W,17,0.219,0.000,0.850
1803,543,YLR047C,0,1.000,0.000,1.000
1804,544,YNL158W,0,1.000,0.000,1.000
1805,545,YNR044W,0,1.000,0.000,1.000
1806,546,YDR250C,0,0.707,0.000,0.000
1807,546,YBR294W,0,0.707,0.000,0.000
1808,547,YGR125W,0,1.000,0.000,1.000
1809,548,YER035W,0,1.000,0.000,1.000
1810,549,YHR139C,0,0.707,0.000,0.000
1811,549,YDR402C,0,0.707,0.000,0.000
1812,550,YML131W,0,0.707,0.000,0.000
1813,550,YLL059C,0,0.707,0.000,0.000
1814,551,YLL056C,0,1.000,0.000,1.000
1815,552,YNL199C,0,0.707,0.000,0.000
1816,552,YPL006W,0,0.707,0.000,0.000
1817,553,YER039C,0,1.000,0.000,1.000
1818,554,YBL111C,3,0.500,0.000,1.000
1819,554,YBL109W,3,0.500,0.000,1.000
1820,554,YBL113C,3,0.500,0.000,1.000
1821,554,YBL113W-A,3,0.500,0.000,1.000
1822,555,YEL004W,0,1.000,0.000,1.000
1823,556,YDR085C,0,1.000,0.000,1.000
1824,557,YLR467C-A,0,0.000,0.000,0.000
1825,558,YLR466C-B,0,1.000,0.000,1.000
1826,559,YBR293W,0,0.577,0.000,0.000
1827,559,YKL146W,0,0.577,0.000,0.000
1828,559,YNL101W,0,0.577,0.000,0.000
1829,560,YER119C,0,0.577,0.000,0.000
1830,560,YIL088C,0,0.577,0.000,0.000
1831,560,YCL038C,0,0.577,0.000,0.000
1832,561,YHR048W,0,0.000,0.000,0.000
1833,562,YLR156W,0,1.000,0.000,1.000
1834,563,YBL108W,0,0.000,0.000,0.000
1835,563,YDR544C,0,0.000,0.000,0.000
1836,563,YER190W,0,0.000,0.000,0.000
1837,563,YHR217C,0,0.000,0.000,0.000
1838,564,YHR219W,0,1.000,0.000,1.000
1839,565,YFL063W,0,0.000,0.000,0.000
1840,565,YNL338W,0,0.000,0.000,0.000
1841,566,YER188C-A,1,0.707,0.000,1.000
1842,566,YER189W,1,0.707,0.000,1.000
1843,567,YHL050W-A,0,1.000,0.000,1.000
1844,568,YNL034W,0,0.577,0.000,0.000
1845,568,YNL018C,0,0.577,0.000,0.000
1846,568,YFL051C,0,0.577,0.000,0.000
1847,569,YNL033W,0,0.707,0.000,0.000
1848,569,YNL019C,0,0.707,0.000,0.000
