,cluster,protein,degree,eigenvector_centrality,betweenness_centrality,degree_centrality
0,0,4932.Q0182,5,0.391,0.000,0.714
1,0,4932.Q0297,6,0.403,0.286,0.857
2,1,4932.YLL027W,14,0.261,0.016,0.875
3,1,4932.YJR122W,14,0.255,0.025,0.875
4,1,4932.YER048W-A,14,0.266,0.008,0.875
5,1,4932.YCL017C,14,0.266,0.008,0.875
6,1,4932.YGL018C,14,0.266,0.008,0.875
7,1,4932.YPL252C,14,0.266,0.008,0.875
8,2,4932.YJR045C,3,0.439,0.000,0.600
9,2,4932.YNL328C,3,0.439,0.000,0.600
10,3,4932.YKL058W,27,0.124,0.002,0.303
11,3,4932.YDR460W,31,0.131,0.004,0.348
12,3,4932.YBR253W,22,0.075,0.002,0.247
13,3,4932.YKL028W,31,0.136,0.004,0.348
14,3,4932.YBR193C,32,0.128,0.009,0.360
15,3,4932.YDR311W,22,0.076,0.006,0.247
16,3,4932.YPL042C,28,0.088,0.027,0.315
17,3,4932.YOR194C,24,0.117,0.000,0.270
18,3,4932.YER171W,34,0.136,0.013,0.382
19,3,4932.YML010W,36,0.113,0.046,0.404
20,3,4932.YPR168W,29,0.101,0.008,0.326
21,3,4932.YHR041C,23,0.081,0.003,0.258
22,3,4932.YMR277W,22,0.085,0.006,0.247
23,3,4932.YGR104C,28,0.100,0.006,0.315
24,3,4932.YHR058C,36,0.139,0.012,0.404
25,3,4932.YGR063C,28,0.104,0.008,0.315
26,3,4932.YER139C,18,0.083,0.002,0.202
27,3,4932.YLR418C,19,0.074,0.003,0.213
28,3,4932.YDR079C-A,33,0.136,0.008,0.371
29,3,4932.YPL122C,30,0.133,0.002,0.337
30,3,4932.YKR062W,32,0.139,0.009,0.360
31,3,4932.YDL108W,31,0.110,0.018,0.348
32,4,4932.YBL022C,0,0.000,0.000,0.000
33,4,4932.YGR231C,1,0.707,0.000,0.250
34,4,4932.YPL159C,0,0.000,0.000,0.000
35,4,4932.YGR132C,1,0.707,0.000,0.250
36,4,4932.YIL070C,0,0.000,0.000,0.000
37,5,4932.YNL039W,21,0.140,0.015,0.438
38,5,4932.YML098W,14,0.155,0.001,0.292
39,5,4932.YPL047W,13,0.139,0.000,0.271
40,5,4932.YGR246C,22,0.143,0.024,0.458
41,5,4932.YMR227C,14,0.147,0.019,0.292
42,5,4932.YCR042C,13,0.146,0.000,0.271
43,5,4932.YML114C,13,0.146,0.000,0.271
44,5,4932.YPL011C,13,0.146,0.000,0.271
45,5,4932.YML015C,13,0.146,0.000,0.271
46,5,4932.YBR111W-A,13,0.139,0.000,0.271
47,5,4932.YMR005W,13,0.146,0.000,0.271
48,5,4932.YGR274C,15,0.149,0.026,0.312
49,5,4932.YOL148C,14,0.157,0.003,0.292
50,6,4932.YPL046C,4,0.120,0.011,0.121
51,6,4932.YJR090C,6,0.185,0.000,0.182
52,6,4932.YOR080W,2,0.076,0.000,0.061
53,6,4932.YLR128W,7,0.193,0.005,0.212
54,6,4932.YIL046W,7,0.189,0.025,0.212
55,6,4932.YOL025W,3,0.087,0.000,0.091
56,6,4932.YER066W,3,0.115,0.000,0.091
57,6,4932.YFL009W,7,0.189,0.025,0.212
58,6,4932.YLR352W,2,0.076,0.000,0.061
59,7,4932.YIL008W,10,0.275,0.009,0.500
60,7,4932.YMR312W,9,0.256,0.005,0.450
61,7,4932.YNL119W,9,0.250,0.006,0.450
62,7,4932.YKL110C,8,0.226,0.011,0.400
63,7,4932.YBL071W-A,13,0.228,0.264,0.650
64,7,4932.YPL101W,10,0.275,0.020,0.500
65,8,4932.YDR258C,10,0.231,0.005,0.435
66,8,4932.YNL007C,12,0.250,0.046,0.522
67,8,4932.YLL026W,11,0.246,0.007,0.478
68,8,4932.YDR168W,9,0.203,0.004,0.391
69,8,4932.YOR298C-A,9,0.214,0.002,0.391
70,8,4932.YNL281W,9,0.208,0.003,0.391
71,9,4932.YOR023C,15,0.086,0.005,0.138
72,9,4932.YNL215W,7,0.049,0.000,0.064
73,9,4932.YDL029W,30,0.037,0.041,0.275
74,9,4932.YEL044W,16,0.109,0.000,0.147
75,9,4932.YCR088W,22,0.032,0.028,0.202
76,9,4932.YAL011W,17,0.127,0.000,0.156
77,9,4932.YDR176W,22,0.127,0.007,0.202
78,9,4932.YER092W,12,0.082,0.000,0.110
79,9,4932.YEL018W,17,0.112,0.000,0.156
80,9,4932.YOR064C,7,0.028,0.000,0.064
81,9,4932.YDR359C,19,0.121,0.000,0.174
82,9,4932.YKL033W,8,0.028,0.001,0.073
83,9,4932.YMR127C,19,0.126,0.001,0.174
84,9,4932.YOR213C,19,0.118,0.001,0.174
85,9,4932.YLR337C,18,0.028,0.017,0.165
86,9,4932.YDR129C,23,0.033,0.009,0.211
87,9,4932.YOR181W,28,0.035,0.047,0.257
88,9,4932.YDR448W,19,0.118,0.001,0.174
89,9,4932.YDR181C,13,0.082,0.000,0.119
90,9,4932.YPR031W,7,0.029,0.000,0.064
91,9,4932.YJR065C,17,0.028,0.006,0.156
92,9,4932.YLL050C,20,0.030,0.010,0.183
93,9,4932.YPL254W,19,0.116,0.001,0.174
94,9,4932.YOR122C,16,0.027,0.002,0.147
95,9,4932.YCL010C,10,0.053,0.001,0.092
96,9,4932.YOR141C,16,0.106,0.000,0.147
97,9,4932.YBL052C,13,0.070,0.004,0.119
98,10,4932.YPL127C,9,0.135,0.000,0.214
99,10,4932.YBL008W,12,0.140,0.013,0.286
100,10,4932.YNL206C,16,0.168,0.020,0.381
101,10,4932.YJL168C,17,0.185,0.065,0.405
102,10,4932.YPL001W,9,0.127,0.001,0.214
103,10,4932.YBL002W,14,0.188,0.003,0.333
104,10,4932.YML102W,14,0.150,0.014,0.333
105,10,4932.YBR195C,12,0.146,0.004,0.286
106,10,4932.YLL002W,9,0.128,0.001,0.214
107,10,4932.YEL056W,14,0.188,0.005,0.333
108,10,4932.YLL022C,10,0.143,0.001,0.238
109,11,4932.YOL145C,0,1.000,0.000,1.000
110,12,4932.YJR035W,0,1.000,0.000,1.000
111,13,4932.YDR087C,125,0.081,0.002,0.607
112,13,4932.YHR169W,128,0.085,0.002,0.621
113,13,4932.YCL059C,138,0.090,0.003,0.670
114,13,4932.YKL099C,109,0.072,0.002,0.529
115,13,4932.YPL266W,133,0.089,0.002,0.646
116,13,4932.YOL010W,107,0.073,0.001,0.519
117,13,4932.YDL014W,122,0.081,0.002,0.592
118,13,4932.YOL041C,120,0.079,0.002,0.583
119,13,4932.YDL153C,127,0.087,0.001,0.617
120,13,4932.YPL146C,112,0.075,0.002,0.544
121,13,4932.YJL109C,128,0.084,0.003,0.621
122,13,4932.YJR002W,131,0.087,0.002,0.636
123,13,4932.YGR128C,111,0.075,0.001,0.539
124,13,4932.YML093W,135,0.089,0.004,0.655
125,13,4932.YCR072C,105,0.073,0.001,0.510
126,13,4932.YLR175W,127,0.084,0.004,0.617
127,13,4932.YFL002C,132,0.089,0.002,0.641
128,13,4932.YDR060W,122,0.081,0.002,0.592
129,13,4932.YGL111W,111,0.074,0.001,0.539
130,13,4932.YPR010C,121,0.082,0.005,0.587
131,13,4932.YPL126W,130,0.086,0.002,0.631
132,13,4932.YOR004W,136,0.088,0.003,0.660
133,13,4932.YGL120C,129,0.086,0.002,0.626
134,13,4932.YER126C,127,0.082,0.003,0.617
135,13,4932.YHR066W,126,0.081,0.003,0.612
136,13,4932.YLL011W,130,0.087,0.002,0.631
137,13,4932.YKL021C,102,0.072,0.001,0.495
138,13,4932.YNR038W,116,0.077,0.003,0.563
139,13,4932.YIL091C,130,0.088,0.002,0.631
140,13,4932.YDR101C,120,0.076,0.005,0.583
141,13,4932.YHR065C,115,0.080,0.001,0.558
142,13,4932.YPR112C,124,0.084,0.002,0.602
143,13,4932.YPL211W,139,0.088,0.007,0.675
144,13,4932.YMR128W,120,0.081,0.002,0.583
145,13,4932.YDL031W,133,0.087,0.003,0.646
146,13,4932.YNL248C,105,0.073,0.001,0.510
147,13,4932.YGR090W,124,0.082,0.002,0.602
148,13,4932.YJL069C,134,0.089,0.002,0.650
149,13,4932.YPR143W,116,0.077,0.002,0.563
150,13,4932.YER127W,136,0.090,0.003,0.660
151,13,4932.YBR142W,122,0.083,0.002,0.592
152,13,4932.YNR053C,128,0.083,0.003,0.621
153,13,4932.YAL025C,144,0.090,0.008,0.699
154,13,4932.YLR002C,138,0.089,0.003,0.670
155,13,4932.YKR024C,107,0.075,0.001,0.519
156,13,4932.YHR088W,136,0.085,0.009,0.660
157,13,4932.YLR196W,126,0.085,0.002,0.612
158,13,4932.YKR060W,111,0.076,0.001,0.539
159,13,4932.YHR148W,115,0.077,0.002,0.558
160,13,4932.YOR340C,111,0.078,0.001,0.539
161,13,4932.YDR365C,118,0.080,0.001,0.573
162,13,4932.YMR131C,131,0.087,0.007,0.636
163,14,4932.YDR280W,17,0.237,0.003,0.586
164,14,4932.YDL111C,17,0.237,0.003,0.586
165,14,4932.YHR081W,13,0.192,0.000,0.448
166,14,4932.YHR069C,17,0.229,0.010,0.586
167,14,4932.YNR024W,13,0.192,0.000,0.448
168,14,4932.YOR076C,14,0.199,0.001,0.483
169,14,4932.YLR398C,16,0.208,0.017,0.552
170,14,4932.YCR035C,16,0.226,0.002,0.552
171,15,4932.YGL050W,4,0.447,0.000,0.444
172,15,4932.YML005W,4,0.447,0.000,0.444
173,15,4932.YOL141W,4,0.447,0.000,0.444
174,15,4932.YHR070W,4,0.447,0.000,0.444
175,15,4932.YPL207W,4,0.447,0.000,0.444
176,16,4932.YLR014C,5,0.293,0.006,0.385
177,16,4932.YMR271C,4,0.247,0.000,0.308
178,16,4932.YLR420W,6,0.320,0.097,0.462
179,17,4932.YLR245C,4,0.411,0.067,0.667
180,17,4932.YLR209C,4,0.435,0.022,0.667
181,17,4932.YDR400W,4,0.435,0.022,0.667
182,18,4932.YMR230W,148,0.083,0.001,0.892
183,18,4932.YDL191W,147,0.083,0.001,0.886
184,18,4932.YDL136W,147,0.083,0.001,0.886
185,18,4932.YPR102C,149,0.084,0.001,0.898
186,18,4932.YMR121C,146,0.083,0.000,0.880
187,18,4932.YLR048W,149,0.083,0.001,0.898
188,18,4932.YHR010W,146,0.083,0.000,0.880
189,18,4932.YHL001W,146,0.083,0.000,0.880
190,18,4932.YOL120C,148,0.083,0.001,0.892
191,18,4932.YBL027W,149,0.083,0.001,0.898
192,18,4932.YDR450W,152,0.084,0.001,0.916
193,18,4932.YNL301C,148,0.083,0.000,0.892
194,18,4932.YML073C,147,0.083,0.000,0.886
195,18,4932.YKL180W,148,0.083,0.002,0.892
196,18,4932.YLR287C-A,151,0.083,0.002,0.910
197,18,4932.YBR084C-A,146,0.083,0.000,0.880
198,18,4932.YGL103W,151,0.084,0.001,0.910
199,18,4932.YMR242C,149,0.084,0.001,0.898
200,18,4932.YBR189W,150,0.084,0.001,0.904
201,18,4932.YGR085C,149,0.084,0.001,0.898
202,18,4932.YNL302C,148,0.083,0.001,0.892
203,18,4932.YLR325C,149,0.083,0.001,0.898
204,18,4932.YOR312C,147,0.083,0.000,0.886
205,18,4932.YDR012W,148,0.083,0.001,0.892
206,18,4932.YKL156W,149,0.083,0.001,0.898
207,18,4932.YFR031C-A,150,0.084,0.001,0.904
208,18,4932.YIL018W,147,0.083,0.000,0.886
209,18,4932.YNL162W,149,0.083,0.001,0.898
210,18,4932.YOR182C,151,0.083,0.002,0.910
211,18,4932.YNL067W,146,0.083,0.000,0.880
212,18,4932.YLR075W,150,0.083,0.007,0.904
213,18,4932.YDR025W,152,0.084,0.001,0.916
214,18,4932.YDL082W,149,0.083,0.001,0.898
215,18,4932.YGL147C,148,0.083,0.001,0.892
216,18,4932.YLR029C,151,0.084,0.001,0.910
217,18,4932.YOL127W,149,0.083,0.001,0.898
218,18,4932.YOL121C,152,0.084,0.001,0.916
219,18,4932.YDR418W,148,0.083,0.013,0.892
220,18,4932.YKR057W,152,0.084,0.002,0.916
221,18,4932.YIL133C,146,0.083,0.000,0.880
222,18,4932.YER131W,151,0.084,0.001,0.910
223,18,4932.YGL030W,147,0.083,0.001,0.886
224,19,4932.YBR118W,0,1.000,0.000,1.000
225,20,4932.YDR036C,62,0.121,0.002,0.747
226,20,4932.YDR237W,67,0.127,0.005,0.807
227,20,4932.YPL183W-A,68,0.128,0.007,0.819
228,20,4932.YDR322W,61,0.119,0.002,0.735
229,20,4932.YMR024W,63,0.122,0.003,0.759
230,20,4932.YDR041W,68,0.127,0.006,0.819
231,20,4932.YDR462W,62,0.121,0.002,0.747
232,20,4932.YLR439W,68,0.129,0.005,0.819
233,20,4932.YHL004W,66,0.122,0.007,0.795
234,20,4932.YGR165W,65,0.122,0.006,0.783
235,20,4932.YBL090W,67,0.127,0.004,0.807
236,20,4932.YBR282W,62,0.122,0.001,0.747
237,20,4932.YKL170W,66,0.126,0.012,0.795
238,20,4932.YNL137C,69,0.129,0.007,0.831
239,20,4932.YDR405W,64,0.124,0.003,0.771
240,20,4932.YDL045W-A,65,0.125,0.003,0.783
241,20,4932.YNL252C,65,0.127,0.002,0.783
242,20,4932.YMR286W,62,0.121,0.003,0.747
243,20,4932.YGR215W,66,0.126,0.004,0.795
244,20,4932.YNL177C,67,0.128,0.004,0.807
245,20,4932.YPR100W,65,0.124,0.027,0.783
246,21,4932.YJR007W,8,0.333,0.000,0.800
247,21,4932.YPL237W,8,0.333,0.000,0.800
248,21,4932.YDR211W,8,0.333,0.000,0.800
249,21,4932.YOR260W,8,0.333,0.000,0.800
250,21,4932.YLR291C,8,0.333,0.000,0.800
251,21,4932.YGR083C,8,0.333,0.000,0.800
252,21,4932.YER025W,8,0.333,0.000,0.800
253,21,4932.YKR026C,8,0.333,0.000,0.800
254,21,4932.YDR283C,8,0.333,0.000,0.800
255,22,4932.YLR167W,2,0.435,0.000,0.333
256,22,4932.YDR059C,2,0.435,0.000,0.333
257,23,4932.YMR028W,10,0.238,0.014,0.435
258,23,4932.YOR014W,10,0.230,0.093,0.435
259,23,4932.YNL201C,7,0.180,0.003,0.304
260,23,4932.YDR435C,11,0.265,0.017,0.478
261,23,4932.YPR040W,9,0.225,0.004,0.391
262,23,4932.YDR075W,11,0.274,0.008,0.478
263,24,4932.YPR080W,0,1.000,0.000,1.000
264,25,4932.YGR078C,6,0.294,0.011,0.429
265,25,4932.YJL008C,6,0.259,0.070,0.429
266,25,4932.YJL179W,5,0.270,0.000,0.357
267,25,4932.YEL003W,5,0.270,0.000,0.357
268,26,4932.YNL052W,29,0.170,0.005,0.500
269,26,4932.Q0120,31,0.163,0.017,0.534
270,26,4932.Q0275,32,0.170,0.021,0.552
271,26,4932.YLL041C,26,0.140,0.035,0.448
272,26,4932.YJR048W,19,0.118,0.000,0.328
273,26,4932.YML120C,30,0.170,0.007,0.517
274,26,4932.YDR119W-A,23,0.142,0.000,0.397
275,26,4932.YKL141W,21,0.116,0.009,0.362
276,26,4932.YGL191W,30,0.172,0.006,0.517
277,26,4932.Q0045,30,0.168,0.012,0.517
278,26,4932.YDL067C,25,0.156,0.000,0.431
279,26,4932.YMR256C,26,0.157,0.013,0.448
280,26,4932.YLR395C,26,0.162,0.000,0.448
281,26,4932.YIL111W,26,0.159,0.001,0.448
282,26,4932.YDL085W,29,0.160,0.008,0.500
283,27,4932.YER141W,1,0.707,0.000,0.500
284,27,4932.YPL172C,1,0.707,0.000,0.500
285,28,4932.YFL036W,2,0.577,0.000,1.000
286,28,4932.YLR067C,2,0.577,0.000,1.000
287,28,4932.YDL044C,2,0.577,0.000,1.000
288,29,4932.YJL062W-A,4,0.426,0.000,0.500
289,29,4932.YML129C,4,0.426,0.000,0.500
290,29,4932.YIL157C,4,0.426,0.000,0.500
291,30,4932.YML081C-A,21,0.228,0.015,0.700
292,30,4932.YEL051W,18,0.199,0.010,0.600
293,30,4932.Q0130,18,0.203,0.007,0.600
294,30,4932.Q0085,20,0.217,0.012,0.667
295,30,4932.YDL185W,18,0.188,0.068,0.600
296,30,4932.YOR332W,17,0.188,0.008,0.567
297,30,4932.YDR377W,16,0.180,0.002,0.533
298,30,4932.YHR039C-A,17,0.188,0.008,0.567
299,31,4932.Q0110,0,1.000,0.000,1.000
300,32,4932.Q0075,1,0.707,0.000,1.000
301,32,4932.Q0115,1,0.707,0.000,1.000
302,33,4932.YDR031W,12,0.273,0.006,0.706
303,33,4932.YHR005C-A,12,0.269,0.006,0.706
304,33,4932.YGR181W,12,0.269,0.006,0.706
305,33,4932.YJR135W-A,12,0.273,0.006,0.706
306,34,4932.YDR197W,0,1.000,0.000,1.000
307,35,4932.YPL215W,0,1.000,0.000,1.000
308,36,4932.YGR062C,1,0.707,0.000,1.000
309,36,4932.YOR266W,1,0.707,0.000,1.000
310,37,4932.YDR231C,0,1.000,0.000,1.000
311,38,4932.YDR296W,0,1.000,0.000,1.000
312,39,4932.YGL148W,9,0.222,0.017,0.409
313,39,4932.YDR007W,6,0.187,0.005,0.273
314,39,4932.YIL020C,7,0.223,0.001,0.318
315,39,4932.YER090W,6,0.184,0.007,0.273
316,39,4932.YER055C,7,0.223,0.001,0.318
317,39,4932.YIL116W,9,0.227,0.053,0.409
318,40,4932.YLR033W,16,0.205,0.000,0.615
319,40,4932.YLR321C,18,0.222,0.007,0.692
320,40,4932.YIL126W,19,0.230,0.011,0.731
321,40,4932.YKR008W,16,0.205,0.000,0.615
322,40,4932.YDR303C,16,0.205,0.000,0.615
323,40,4932.YMR091C,16,0.205,0.000,0.615
324,40,4932.YBL006C,16,0.205,0.000,0.615
325,40,4932.YFR037C,19,0.230,0.011,0.731
326,40,4932.YHR056C,16,0.205,0.000,0.615
327,40,4932.YML127W,16,0.205,0.000,0.615
328,40,4932.YCR020W-B,16,0.205,0.000,0.615
329,41,4932.YCR053W,0,1.000,0.000,1.000
330,42,4932.YKL018W,17,0.231,0.002,0.447
331,42,4932.YNL317W,17,0.229,0.003,0.447
332,42,4932.YDR195W,17,0.231,0.002,0.447
333,42,4932.YKL193C,12,0.026,0.028,0.316
334,42,4932.YOR179C,17,0.231,0.002,0.447
335,42,4932.YNL222W,17,0.231,0.002,0.447
336,42,4932.YJR093C,17,0.231,0.002,0.447
337,42,4932.YOL123W,11,0.150,0.000,0.289
338,42,4932.YGR156W,16,0.221,0.000,0.421
339,42,4932.YKR002W,17,0.229,0.003,0.447
340,42,4932.YOR250C,14,0.189,0.001,0.368
341,43,4932.YBR175W,6,0.378,0.000,0.857
342,43,4932.YHR119W,6,0.378,0.000,0.857
343,43,4932.YLR015W,6,0.378,0.000,0.857
344,43,4932.YAR003W,6,0.378,0.000,0.857
345,43,4932.YPL138C,6,0.378,0.000,0.857
346,43,4932.YDR469W,6,0.378,0.000,0.857
347,43,4932.YBR258C,6,0.378,0.000,0.857
348,44,4932.YBR065C,50,0.112,0.003,0.515
349,44,4932.YGR129W,55,0.118,0.007,0.567
350,44,4932.YDR473C,48,0.104,0.004,0.495
351,44,4932.YGR278W,46,0.106,0.001,0.474
352,44,4932.YDR243C,48,0.095,0.010,0.495
353,44,4932.YDR163W,49,0.110,0.003,0.505
354,44,4932.YBL026W,41,0.093,0.001,0.423
355,44,4932.YDR364C,55,0.118,0.028,0.567
356,44,4932.YNL138W-A,55,0.122,0.004,0.567
357,44,4932.YCR063W,50,0.114,0.002,0.515
358,44,4932.YGL174W,47,0.107,0.003,0.485
359,44,4932.YPL151C,51,0.115,0.003,0.526
360,44,4932.YGR006W,49,0.101,0.006,0.505
361,44,4932.YPL064C,38,0.093,0.000,0.392
362,44,4932.YNR011C,46,0.105,0.007,0.474
363,44,4932.YAL032C,54,0.119,0.004,0.557
364,44,4932.YDR088C,40,0.092,0.001,0.412
365,44,4932.YBR055C,44,0.093,0.007,0.454
366,44,4932.YER146W,41,0.092,0.002,0.423
367,44,4932.YIR005W,47,0.109,0.003,0.485
368,44,4932.YDR482C,45,0.104,0.001,0.464
369,44,4932.YNL147W,40,0.091,0.001,0.412
370,44,4932.YLR016C,38,0.092,0.001,0.392
371,44,4932.YDL209C,52,0.112,0.012,0.536
372,45,4932.YGR208W,1,0.707,0.000,1.000
373,45,4932.YOR184W,1,0.707,0.000,1.000
374,46,4932.YMR125W,1,0.707,0.000,0.500
375,46,4932.YPL178W,1,0.707,0.000,0.500
376,47,4932.YJR043C,16,0.120,0.002,0.246
377,47,4932.YMR224C,16,0.116,0.018,0.246
378,47,4932.YPL024W,17,0.123,0.004,0.262
379,47,4932.YMR167W,21,0.127,0.016,0.323
380,47,4932.YCR092C,17,0.111,0.008,0.262
381,47,4932.YDL059C,18,0.136,0.003,0.277
382,47,4932.YBL088C,20,0.127,0.022,0.308
383,47,4932.YML095C,17,0.110,0.009,0.262
384,47,4932.YPL167C,22,0.141,0.041,0.338
385,47,4932.YOL090W,20,0.117,0.024,0.308
386,47,4932.YHR154W,17,0.115,0.005,0.262
387,47,4932.YML061C,14,0.111,0.001,0.215
388,47,4932.YBR228W,16,0.113,0.003,0.246
389,47,4932.YER173W,18,0.127,0.004,0.277
390,47,4932.YBR274W,16,0.122,0.002,0.246
391,47,4932.YDR097C,19,0.125,0.013,0.292
392,48,4932.YIR001C,0,0.707,0.000,0.000
393,48,4932.YMR061W,0,0.707,0.000,0.000
394,49,4932.YOR048C,1,0.707,0.000,0.500
395,49,4932.YGL246C,1,0.707,0.000,0.500
396,50,4932.YOR323C,6,0.399,0.048,0.750
397,50,4932.YER023W,5,0.364,0.000,0.625
398,50,4932.YLR438W,6,0.399,0.048,0.750
399,51,4932.YFR022W,2,0.201,0.000,0.100
400,51,4932.YGR068C,1,0.116,0.000,0.050
401,51,4932.YKR021W,3,0.252,0.000,0.150
402,51,4932.YPL176C,1,0.116,0.000,0.050
403,51,4932.YBR021W,1,0.116,0.000,0.050
404,51,4932.YLR392C,1,0.116,0.000,0.050
405,51,4932.YPR030W,1,0.116,0.000,0.050
406,51,4932.YBL101C,2,0.201,0.000,0.100
407,51,4932.YML111W,2,0.174,0.000,0.100
408,51,4932.YOR138C,1,0.116,0.000,0.050
409,51,4932.YMR171C,1,0.116,0.000,0.050
410,51,4932.YOR018W,3,0.252,0.000,0.150
411,52,4932.YDR457W,0,0.000,0.000,0.000
412,52,4932.YGL017W,0,0.000,0.000,0.000
413,52,4932.YDL020C,0,0.000,0.000,0.000
414,52,4932.YDL074C,1,0.707,0.000,0.250
415,52,4932.YGL058W,1,0.707,0.000,0.250
416,53,4932.YER151C,0,1.000,0.000,1.000
417,54,4932.YKL073W,13,0.180,0.027,0.295
418,54,4932.YPL094C,11,0.177,0.006,0.250
419,54,4932.YLR292C,7,0.118,0.000,0.159
420,54,4932.YGR284C,9,0.136,0.011,0.205
421,54,4932.YBR171W,7,0.118,0.000,0.159
422,54,4932.YMR149W,9,0.153,0.000,0.205
423,54,4932.YDL232W,11,0.189,0.001,0.250
424,54,4932.YDR518W,8,0.103,0.009,0.182
425,54,4932.YML019W,10,0.171,0.000,0.227
426,54,4932.YGL226C-A,9,0.153,0.000,0.205
427,54,4932.YDR086C,9,0.150,0.004,0.205
428,54,4932.YCL043C,17,0.182,0.116,0.386
429,55,4932.YFL037W,7,0.352,0.008,0.700
430,55,4932.YNL148C,7,0.352,0.008,0.700
431,55,4932.YML124C,7,0.340,0.024,0.700
432,55,4932.YER007W,7,0.352,0.008,0.700
433,56,4932.YOR262W,0,0.707,0.000,0.000
434,56,4932.YLR243W,0,0.707,0.000,0.000
435,57,4932.YPL087W,9,0.297,0.022,0.643
436,57,4932.YOR171C,10,0.318,0.036,0.714
437,57,4932.YLR260W,10,0.318,0.036,0.714
438,57,4932.YKR053C,9,0.298,0.022,0.643
439,57,4932.YJL134W,9,0.298,0.022,0.643
440,58,4932.YDL114W,0,1.000,0.000,1.000
441,59,4932.YJL100W,7,0.322,0.001,0.389
442,59,4932.YOR109W,7,0.322,0.001,0.389
443,59,4932.YBR058C-A,5,0.137,0.000,0.278
444,59,4932.YMR296C,5,0.137,0.000,0.278
445,59,4932.YPL268W,7,0.322,0.001,0.389
446,59,4932.YNL106C,7,0.322,0.001,0.389
447,59,4932.YNL128W,6,0.287,0.000,0.333
448,59,4932.YJR110W,6,0.287,0.000,0.333
449,59,4932.YDR062W,5,0.137,0.000,0.278
450,59,4932.YGR038W,5,0.137,0.000,0.278
451,59,4932.YLR350W,5,0.137,0.000,0.278
452,60,4932.YBR283C,0,1.000,0.000,1.000
453,61,4932.YML007W,1,0.707,0.000,0.500
454,61,4932.YIR037W,1,0.707,0.000,0.500
455,62,4932.YHL030W,23,0.097,0.000,0.267
456,62,4932.YOR157C,38,0.153,0.003,0.442
457,62,4932.YBR272C,19,0.079,0.000,0.221
458,62,4932.YBR173C,28,0.104,0.018,0.326
459,62,4932.YIL007C,33,0.135,0.001,0.384
460,62,4932.YFL007W,37,0.156,0.001,0.430
461,62,4932.YMR314W,37,0.152,0.002,0.430
462,62,4932.YFR010W,40,0.156,0.022,0.465
463,62,4932.YGL004C,15,0.062,0.000,0.174
464,62,4932.YKL206C,18,0.063,0.006,0.209
465,62,4932.YDR363W-A,34,0.147,0.000,0.395
466,62,4932.YFR050C,37,0.155,0.001,0.430
467,62,4932.YPR103W,38,0.156,0.002,0.442
468,62,4932.YGL011C,39,0.159,0.007,0.453
469,62,4932.YOL038W,39,0.156,0.012,0.453
470,62,4932.YJL001W,37,0.152,0.002,0.430
471,62,4932.YGR253C,40,0.157,0.008,0.465
472,62,4932.YGR232W,24,0.094,0.022,0.279
473,62,4932.YEL037C,23,0.084,0.011,0.267
474,62,4932.YDL126C,52,0.120,0.327,0.605
475,62,4932.YBL041W,39,0.159,0.007,0.453
476,62,4932.YER094C,39,0.159,0.007,0.453
477,63,4932.YLR024C,0,1.000,0.000,1.000
478,64,4932.YER093C,9,0.316,0.001,0.643
479,64,4932.YJL058C,9,0.316,0.001,0.643
480,64,4932.YNL006W,9,0.316,0.001,0.643
481,64,4932.YMR068W,9,0.316,0.001,0.643
482,64,4932.YOL078W,9,0.316,0.001,0.643
483,65,4932.YBL105C,0,0.577,0.000,0.000
484,65,4932.YGR229C,0,0.577,0.000,0.000
485,65,4932.YER155C,0,0.577,0.000,0.000
486,66,4932.YNL270C,2,0.577,0.000,1.000
487,66,4932.YCR021C,2,0.577,0.000,1.000
488,66,4932.YCR027C,2,0.577,0.000,1.000
489,67,4932.YDL047W,0,1.000,0.000,1.000
490,68,4932.YJR147W,0,0.500,0.000,0.000
491,68,4932.YGL073W,0,0.500,0.000,0.000
492,68,4932.YHR206W,0,0.500,0.000,0.000
493,68,4932.YGR249W,0,0.500,0.000,0.000
494,69,4932.YPL166W,10,0.230,0.010,0.357
495,69,4932.YPL100W,8,0.200,0.002,0.286
496,69,4932.YOL082W,12,0.224,0.075,0.429
497,69,4932.YPR185W,10,0.237,0.011,0.357
498,69,4932.YDR022C,8,0.203,0.003,0.286
499,69,4932.YLR431C,6,0.136,0.002,0.214
500,69,4932.YMR159C,8,0.199,0.003,0.286
501,69,4932.YLR423C,9,0.213,0.005,0.321
502,70,4932.YGR163W,4,0.510,0.167,1.000
503,70,4932.YBR077C,3,0.439,0.000,0.750
504,71,4932.YKL126W,0,0.707,0.000,0.000
505,71,4932.YHR205W,0,0.707,0.000,0.000
506,72,4932.YIL105C,0,1.000,0.000,1.000
507,73,4932.YGL049C,4,0.409,0.022,0.667
508,73,4932.YOR276W,4,0.409,0.022,0.667
509,74,4932.YMR104C,0,1.000,0.000,1.000
510,75,4932.YOR005C,6,0.403,0.048,0.857
511,75,4932.YMR106C,6,0.403,0.048,0.857
512,75,4932.YMR284W,6,0.403,0.048,0.857
513,75,4932.YCR014C,6,0.403,0.048,0.857
514,76,4932.YNL135C,0,1.000,0.000,1.000
515,77,4932.YOR231W,9,0.186,0.024,0.225
516,77,4932.YPR054W,6,0.148,0.004,0.150
517,77,4932.YER045C,6,0.182,0.017,0.150
518,77,4932.YHR084W,8,0.173,0.014,0.200
519,77,4932.YJL095W,6,0.115,0.006,0.150
520,77,4932.YPL089C,5,0.114,0.007,0.125
521,77,4932.YNL053W,5,0.148,0.007,0.125
522,77,4932.YKL161C,6,0.123,0.008,0.150
523,77,4932.YPL049C,5,0.119,0.000,0.125
524,77,4932.YLR362W,7,0.193,0.025,0.175
525,77,4932.YPL140C,7,0.153,0.016,0.175
526,78,4932.YGR286C,4,0.331,0.286,0.571
527,78,4932.YNR057C,4,0.375,0.032,0.571
528,79,4932.YGL040C,6,0.376,0.000,0.750
529,79,4932.YDL205C,6,0.376,0.000,0.750
530,79,4932.YOR278W,6,0.376,0.000,0.750
531,79,4932.YDR047W,6,0.376,0.000,0.750
532,79,4932.YOR176W,6,0.376,0.000,0.750
533,79,4932.YDR232W,6,0.376,0.000,0.750
534,80,4932.YNL240C,7,0.373,0.014,0.875
535,80,4932.YIL003W,7,0.373,0.014,0.875
536,80,4932.YGL091C,7,0.373,0.014,0.875
537,80,4932.YIL128W,7,0.373,0.014,0.875
538,80,4932.YHR122W,7,0.373,0.014,0.875
539,81,4932.YBL014C,7,0.381,0.036,1.000
540,81,4932.YLR141W,7,0.381,0.036,1.000
541,81,4932.YJL025W,7,0.381,0.036,1.000
542,82,4932.YFL021W,0,0.577,0.000,0.000
543,82,4932.YDL106C,0,0.577,0.000,0.000
544,82,4932.YEL009C,0,0.577,0.000,0.000
545,83,4932.YGL016W,11,0.237,0.009,0.550
546,83,4932.YNL189W,12,0.239,0.025,0.600
547,83,4932.YPL125W,10,0.225,0.003,0.500
548,83,4932.YDR335W,11,0.230,0.014,0.550
549,83,4932.YGL241W,11,0.237,0.009,0.550
550,83,4932.YOR160W,11,0.235,0.010,0.550
551,84,4932.YBR020W,6,0.405,0.033,1.000
552,84,4932.YML051W,6,0.405,0.033,1.000
553,84,4932.YDR009W,6,0.405,0.033,1.000
554,84,4932.YBR019C,6,0.405,0.033,1.000
555,85,4932.YLR244C,1,0.707,0.000,1.000
556,85,4932.YBL091C,1,0.707,0.000,1.000
557,86,4932.YDL040C,6,0.364,0.003,0.500
558,86,4932.YHR013C,7,0.381,0.056,0.583
559,86,4932.YOR253W,7,0.381,0.056,0.583
560,86,4932.YCR020C-A,6,0.346,0.040,0.500
561,86,4932.YOL076W,5,0.315,0.000,0.417
562,87,4932.YOR091W,3,0.384,0.024,0.429
563,87,4932.YGR173W,3,0.417,0.048,0.429
564,88,4932.YHR026W,7,0.339,0.000,0.700
565,88,4932.YPL234C,7,0.339,0.000,0.700
566,88,4932.YPR036W,7,0.339,0.000,0.700
567,88,4932.YEL027W,7,0.339,0.000,0.700
568,88,4932.YKL080W,7,0.339,0.000,0.700
569,89,4932.YLR393W,0,0.707,0.000,0.000
570,89,4932.YJL180C,0,0.707,0.000,0.000
571,90,4932.YOL027C,1,0.707,0.000,1.000
572,90,4932.YER154W,1,0.707,0.000,1.000
573,91,4932.YML008C,17,0.217,0.007,0.654
574,91,4932.YMR202W,15,0.186,0.016,0.577
575,91,4932.YPL028W,17,0.207,0.016,0.654
576,91,4932.YLR056W,15,0.186,0.016,0.577
577,91,4932.YNL280C,16,0.207,0.004,0.615
578,91,4932.YPL117C,16,0.194,0.011,0.615
579,91,4932.YLR100W,17,0.212,0.015,0.654
580,91,4932.YJL167W,17,0.206,0.014,0.654
581,92,4932.YDL193W,5,0.272,0.048,0.455
582,92,4932.YBR002C,5,0.272,0.048,0.455
583,92,4932.YJR117W,5,0.306,0.008,0.455
584,92,4932.YDR410C,5,0.306,0.008,0.455
585,92,4932.YMR101C,5,0.272,0.048,0.455
586,93,4932.YML110C,9,0.321,0.004,0.692
587,93,4932.YDR204W,9,0.321,0.004,0.692
588,93,4932.YLR201C,9,0.321,0.004,0.692
589,93,4932.YBR003W,9,0.321,0.004,0.692
590,94,4932.YIL031W,9,0.292,0.009,0.562
591,94,4932.YDR409W,9,0.292,0.009,0.562
592,94,4932.YOR156C,10,0.296,0.134,0.625
593,94,4932.YDR390C,8,0.276,0.000,0.500
594,94,4932.YPR180W,8,0.276,0.000,0.500
595,94,4932.YPL020C,10,0.296,0.134,0.625
596,95,4932.YDL207W,27,0.180,0.032,0.482
597,95,4932.YML103C,25,0.171,0.006,0.446
598,95,4932.YAR002W,19,0.133,0.001,0.339
599,95,4932.YMR153W,23,0.153,0.005,0.411
600,95,4932.YDR192C,25,0.167,0.022,0.446
601,95,4932.YIL149C,18,0.128,0.001,0.321
602,95,4932.YGL100W,32,0.185,0.095,0.571
603,95,4932.YER107C,27,0.187,0.009,0.482
604,95,4932.YLR208W,32,0.145,0.241,0.571
605,95,4932.YIL115C,27,0.188,0.004,0.482
606,95,4932.YKL057C,19,0.141,0.001,0.339
607,95,4932.YKL068W,26,0.187,0.005,0.464
608,95,4932.YJL061W,23,0.165,0.004,0.411
609,95,4932.YMR129W,22,0.150,0.003,0.393
610,95,4932.YER105C,27,0.189,0.008,0.482
611,96,4932.YBR082C,0,1.000,0.000,1.000
612,97,4932.YDR451C,3,0.470,0.050,0.600
613,97,4932.YML027W,3,0.470,0.050,0.600
614,98,4932.YMR076C,10,0.325,0.022,0.909
615,98,4932.YFL008W,10,0.315,0.052,0.909
616,98,4932.YDL003W,10,0.325,0.022,0.909
617,98,4932.YFR027W,10,0.325,0.022,0.909
618,99,4932.YJL141C,0,1.000,0.000,1.000
619,100,4932.YKR029C,19,0.226,0.047,0.704
620,100,4932.YCR033W,19,0.213,0.054,0.704
621,100,4932.YOL004W,21,0.240,0.069,0.778
622,100,4932.YAL013W,17,0.226,0.004,0.630
623,100,4932.YBR095C,18,0.235,0.006,0.667
624,100,4932.YGL194C,20,0.223,0.064,0.741
625,100,4932.YMR263W,17,0.226,0.004,0.630
626,101,4932.YKL210W,0,0.707,0.000,0.000
627,101,4932.YGL087C,0,0.707,0.000,0.000
628,102,4932.YBR186W,7,0.248,0.021,0.368
629,102,4932.YGL183C,7,0.250,0.014,0.368
630,102,4932.YGL251C,7,0.254,0.017,0.368
631,102,4932.YPL164C,6,0.233,0.003,0.316
632,102,4932.YDR285W,8,0.230,0.097,0.421
633,103,4932.YJL090C,31,0.128,0.004,0.517
634,103,4932.YJR068W,36,0.143,0.007,0.600
635,103,4932.YIL150C,34,0.144,0.004,0.567
636,103,4932.YNL273W,32,0.122,0.015,0.533
637,103,4932.YMR048W,34,0.136,0.014,0.567
638,103,4932.YDR052C,30,0.130,0.002,0.500
639,103,4932.YLL004W,30,0.129,0.002,0.500
640,103,4932.YPR162C,30,0.129,0.002,0.500
641,103,4932.YML065W,32,0.137,0.003,0.533
642,103,4932.YDL102W,33,0.130,0.009,0.550
643,103,4932.YNL261W,35,0.147,0.005,0.583
644,103,4932.YDR013W,37,0.152,0.007,0.617
645,103,4932.YDR489W,35,0.146,0.005,0.583
646,103,4932.YOL146W,32,0.133,0.003,0.533
647,103,4932.YJL072C,35,0.144,0.006,0.583
648,103,4932.YBR060C,36,0.151,0.005,0.600
649,104,4932.YLR215C,0,0.707,0.000,0.000
650,104,4932.YDR092W,0,0.707,0.000,0.000
651,105,4932.YDR314C,0,1.000,0.000,1.000
652,106,4932.YDR295C,2,0.577,0.000,1.000
653,106,4932.YPR179C,2,0.577,0.000,1.000
654,106,4932.YNL021W,2,0.577,0.000,1.000
655,107,4932.YGR178C,3,0.469,0.150,0.600
656,107,4932.YHR121W,3,0.469,0.150,0.600
657,108,4932.YAL062W,6,0.316,0.001,0.462
658,108,4932.YDR111C,6,0.316,0.001,0.462
659,108,4932.YOR375C,6,0.316,0.001,0.462
660,108,4932.YLR089C,6,0.316,0.001,0.462
661,108,4932.YDL215C,6,0.316,0.001,0.462
662,109,4932.YHR174W,16,0.247,0.025,0.842
663,109,4932.YPR074C,14,0.229,0.007,0.737
664,109,4932.YGR254W,16,0.247,0.025,0.842
665,109,4932.YAL038W,16,0.252,0.017,0.842
666,109,4932.YOR347C,15,0.240,0.013,0.789
667,110,4932.YFL030W,1,0.707,0.000,0.333
668,110,4932.YEL046C,1,0.707,0.000,0.333
669,111,4932.YMR062C,7,0.410,0.065,0.875
670,111,4932.YJL071W,5,0.338,0.000,0.625
671,111,4932.YOL140W,5,0.338,0.000,0.625
672,111,4932.YJL088W,6,0.379,0.018,0.750
673,111,4932.YER069W,7,0.410,0.065,0.875
674,111,4932.YHR018C,7,0.410,0.065,0.875
675,112,4932.YPL262W,1,0.707,0.000,1.000
676,112,4932.YDL078C,1,0.707,0.000,1.000
677,113,4932.YMR300C,0,1.000,0.000,1.000
678,114,4932.YGL237C,3,0.500,0.000,1.000
679,114,4932.YBL021C,3,0.500,0.000,1.000
680,114,4932.YOR358W,3,0.500,0.000,1.000
681,114,4932.YKL109W,3,0.500,0.000,1.000
682,115,4932.YBR208C,0,0.577,0.000,0.000
683,115,4932.YMR292W,0,0.577,0.000,0.000
684,115,4932.YIR028W,0,0.577,0.000,0.000
685,116,4932.YGL173C,2,0.577,0.000,0.667
686,116,4932.YMR080C,2,0.577,0.000,0.667
687,116,4932.YNL118C,2,0.577,0.000,0.667
688,117,4932.YNL277W,6,0.320,0.000,0.500
689,117,4932.YFR030W,7,0.354,0.015,0.583
690,117,4932.YKR069W,7,0.354,0.015,0.583
691,117,4932.YJR137C,7,0.354,0.015,0.583
692,118,4932.YJR060W,4,0.479,0.056,1.000
693,118,4932.YNL103W,4,0.479,0.056,1.000
694,118,4932.YIR017C,4,0.479,0.056,1.000
695,119,4932.YGL184C,10,0.289,0.013,0.625
696,119,4932.YML082W,10,0.295,0.004,0.625
697,119,4932.YGR155W,10,0.289,0.013,0.625
698,119,4932.YLL058W,10,0.295,0.004,0.625
699,119,4932.YLR303W,10,0.295,0.004,0.625
700,120,4932.YLR092W,0,1.000,0.000,1.000
701,121,4932.YLR300W,1,0.707,0.000,0.333
702,121,4932.YIL162W,1,0.707,0.000,0.333
703,122,4932.YGR288W,2,0.307,0.000,0.250
704,122,4932.YBR297W,3,0.439,0.000,0.375
705,122,4932.YBR298C,3,0.439,0.000,0.375
706,123,4932.YGL253W,4,0.376,0.000,0.444
707,123,4932.YLR446W,4,0.376,0.000,0.444
708,124,4932.YLR251W,8,0.077,0.004,0.114
709,124,4932.YGL121C,7,0.079,0.000,0.100
710,124,4932.YDR001C,14,0.125,0.012,0.200
711,124,4932.YPR184W,12,0.127,0.010,0.171
712,124,4932.YKL091C,5,0.061,0.000,0.071
713,124,4932.YBR001C,7,0.053,0.001,0.100
714,124,4932.YFL014W,10,0.111,0.008,0.143
715,124,4932.YNL200C,7,0.093,0.000,0.100
716,124,4932.YMR090W,7,0.087,0.000,0.100
717,124,4932.YLR270W,7,0.090,0.000,0.100
718,124,4932.YJR096W,8,0.095,0.000,0.114
719,124,4932.YBR072W,12,0.127,0.002,0.171
720,124,4932.YKL151C,10,0.110,0.004,0.143
721,124,4932.YHL021C,11,0.106,0.002,0.157
722,124,4932.YMR196W,8,0.105,0.000,0.114
723,124,4932.YPL186C,8,0.101,0.000,0.114
724,124,4932.YNL274C,8,0.104,0.000,0.114
725,124,4932.YER053C,5,0.055,0.001,0.071
726,125,4932.YOR279C,0,0.577,0.000,0.000
727,125,4932.YJL106W,0,0.577,0.000,0.000
728,125,4932.YGR044C,0,0.577,0.000,0.000
729,126,4932.YJL137C,5,0.326,0.000,0.455
730,126,4932.YPR160W,5,0.326,0.000,0.455
731,126,4932.YLR258W,6,0.365,0.009,0.545
732,127,4932.YDR166C,12,0.279,0.009,0.545
733,127,4932.YIL068C,12,0.279,0.009,0.545
734,127,4932.YJL085W,12,0.277,0.010,0.545
735,127,4932.YDR164C,11,0.267,0.001,0.500
736,127,4932.YNL272C,10,0.227,0.021,0.455
737,127,4932.YBR102C,12,0.277,0.010,0.545
738,128,4932.YFR042W,3,0.400,0.024,0.429
739,128,4932.YOR336W,3,0.400,0.024,0.429
740,129,4932.YNL049C,2,0.577,0.000,1.000
741,129,4932.YIL109C,2,0.577,0.000,1.000
742,129,4932.YHR098C,2,0.577,0.000,1.000
743,130,4932.YBL040C,7,0.209,0.003,0.280
744,130,4932.YEL022W,9,0.232,0.019,0.360
745,130,4932.YNL204C,6,0.185,0.005,0.240
746,130,4932.YFR051C,7,0.222,0.000,0.280
747,130,4932.YPL010W,8,0.242,0.003,0.320
748,130,4932.YIL076W,7,0.222,0.000,0.280
749,131,4932.YEL048C,10,0.240,0.000,0.455
750,131,4932.YDR108W,11,0.261,0.005,0.500
751,131,4932.YDR472W,12,0.279,0.006,0.545
752,131,4932.YGR166W,11,0.251,0.005,0.500
753,131,4932.YBR254C,12,0.279,0.006,0.545
754,131,4932.YDR246W,12,0.279,0.006,0.545
755,131,4932.YFL038C,16,0.267,0.324,0.727
756,132,4932.YBR243C,10,0.283,0.074,0.556
757,132,4932.YGL047W,8,0.268,0.006,0.444
758,132,4932.YNL219C,8,0.277,0.004,0.444
759,132,4932.YPL227C,10,0.292,0.055,0.556
760,132,4932.YBL082C,8,0.272,0.009,0.444
761,133,4932.YBL063W,8,0.280,0.005,0.500
762,133,4932.YCL029C,9,0.302,0.014,0.562
763,133,4932.YGL216W,8,0.283,0.004,0.500
764,133,4932.YOR058C,9,0.295,0.014,0.562
765,133,4932.YPR141C,8,0.283,0.004,0.500
766,134,4932.YPR120C,12,0.136,0.012,0.211
767,134,4932.YER059W,12,0.104,0.009,0.211
768,134,4932.YOL001W,13,0.106,0.015,0.228
769,134,4932.YDL155W,10,0.144,0.002,0.175
770,134,4932.YPL256C,13,0.121,0.013,0.228
771,134,4932.YDL028C,13,0.149,0.003,0.228
772,134,4932.YPL209C,13,0.146,0.035,0.228
773,134,4932.YOR026W,12,0.149,0.005,0.211
774,134,4932.YDR146C,10,0.105,0.006,0.175
775,134,4932.YIL144W,11,0.131,0.001,0.193
776,134,4932.YAL040C,12,0.113,0.026,0.211
777,134,4932.YLR210W,10,0.144,0.002,0.175
778,134,4932.YPL219W,12,0.104,0.009,0.211
779,134,4932.YOR339C,8,0.102,0.001,0.140
780,135,4932.YDR121W,1,0.707,0.000,0.500
781,135,4932.YJL065C,1,0.707,0.000,0.500
782,136,4932.YJR057W,4,0.447,0.000,0.800
783,136,4932.YIL066C,4,0.447,0.000,0.800
784,136,4932.YGR180C,4,0.447,0.000,0.800
785,136,4932.YJL026W,4,0.447,0.000,0.800
786,136,4932.YER070W,4,0.447,0.000,0.800
787,137,4932.YMR055C,9,0.291,0.018,0.529
788,137,4932.YAL024C,10,0.304,0.046,0.588
789,137,4932.YJR053W,9,0.291,0.018,0.529
790,137,4932.YHR152W,7,0.205,0.027,0.412
791,138,4932.YPR046W,15,0.220,0.021,0.441
792,138,4932.YDR016C,12,0.132,0.014,0.353
793,138,4932.YDR383C,12,0.198,0.000,0.353
794,138,4932.YAL034W-A,16,0.197,0.029,0.471
795,138,4932.YKL089W,9,0.153,0.000,0.265
796,138,4932.YKL052C,13,0.137,0.035,0.382
797,138,4932.YLR315W,12,0.198,0.000,0.353
798,138,4932.YJR135C,14,0.208,0.018,0.412
799,138,4932.YGR113W,12,0.128,0.006,0.353
800,139,4932.YOR074C,8,0.246,0.001,0.500
801,139,4932.YGR204W,11,0.299,0.022,0.688
802,139,4932.YBR263W,11,0.294,0.036,0.688
803,139,4932.YBR084W,11,0.299,0.022,0.688
804,139,4932.YPL023C,10,0.286,0.012,0.625
805,139,4932.YGL125W,10,0.286,0.012,0.625
806,140,4932.YLR442C,1,0.707,0.000,0.500
807,140,4932.YDL042C,1,0.707,0.000,0.500
808,141,4932.YOL059W,6,0.325,0.050,0.600
809,141,4932.YHL032C,6,0.333,0.078,0.600
810,141,4932.YDL022W,6,0.325,0.050,0.600
811,142,4932.YOR142W,10,0.305,0.010,0.769
812,142,4932.YNR001C,10,0.305,0.010,0.769
813,142,4932.YKL085W,10,0.305,0.010,0.769
814,143,4932.YOR187W,0,1.000,0.000,1.000
815,144,4932.YFL018C,5,0.389,0.045,0.455
816,144,4932.YPL017C,3,0.268,0.000,0.273
817,144,4932.YER178W,6,0.405,0.164,0.545
818,145,4932.YKR087C,1,0.707,0.000,0.500
819,145,4932.YGR101W,1,0.707,0.000,0.500
820,146,4932.YJR077C,0,0.707,0.000,0.000
821,146,4932.YMR241W,0,0.707,0.000,0.000
822,147,4932.YGR033C,14,0.154,0.006,0.359
823,147,4932.YJL143W,17,0.188,0.014,0.436
824,147,4932.YML054C,13,0.158,0.003,0.333
825,147,4932.YHR083W,15,0.150,0.009,0.385
826,147,4932.YJL104W,14,0.150,0.007,0.359
827,147,4932.YPR133W-A,13,0.154,0.004,0.333
828,147,4932.YNL026W,16,0.161,0.014,0.410
829,147,4932.YOR045W,13,0.155,0.003,0.333
830,147,4932.YLR259C,16,0.185,0.008,0.410
831,147,4932.YLL006W,13,0.149,0.006,0.333
832,148,4932.YDR341C,18,0.177,0.011,0.450
833,148,4932.YPR033C,19,0.175,0.062,0.475
834,148,4932.YNL073W,17,0.167,0.009,0.425
835,148,4932.YHR019C,15,0.156,0.003,0.375
836,148,4932.YOL097C,18,0.178,0.011,0.450
837,148,4932.YGR094W,18,0.172,0.014,0.450
838,148,4932.YGL105W,16,0.165,0.008,0.400
839,148,4932.YER087W,16,0.142,0.015,0.400
840,148,4932.YIL078W,20,0.190,0.022,0.500
841,148,4932.YOR335C,18,0.188,0.005,0.450
842,148,4932.YBR121C,17,0.180,0.004,0.425
843,149,4932.YIR031C,8,0.250,0.024,0.471
844,149,4932.YNL117W,10,0.289,0.095,0.588
845,149,4932.YNL071W,9,0.303,0.005,0.529
846,149,4932.YNR016C,8,0.278,0.002,0.471
847,149,4932.YBL015W,9,0.303,0.005,0.529
848,150,4932.YPL029W,0,0.577,0.000,0.000
849,150,4932.YMR228W,0,0.577,0.000,0.000
850,150,4932.YOR330C,0,0.577,0.000,0.000
851,151,4932.YOL072W,1,0.707,0.000,0.333
852,151,4932.YOR257W,1,0.707,0.000,0.333
853,152,4932.YNL253W,6,0.261,0.000,0.500
854,152,4932.YML062C,6,0.261,0.000,0.500
855,152,4932.YDL084W,10,0.364,0.053,0.833
856,152,4932.YNL139C,10,0.364,0.053,0.833
857,152,4932.YDR138W,10,0.364,0.053,0.833
858,152,4932.YHR167W,8,0.312,0.015,0.667
859,153,4932.YIL132C,5,0.408,0.000,1.000
860,153,4932.YGR258C,5,0.408,0.000,1.000
861,153,4932.YDR078C,5,0.408,0.000,1.000
862,153,4932.YER162C,5,0.408,0.000,1.000
863,153,4932.YHL006C,5,0.408,0.000,1.000
864,153,4932.YLR376C,5,0.408,0.000,1.000
865,154,4932.YAL047C,5,0.412,0.017,0.833
866,154,4932.YHR172W,5,0.412,0.017,0.833
867,154,4932.YNL126W,5,0.412,0.017,0.833
868,155,4932.YJR084W,0,1.000,0.000,1.000
869,156,4932.YLR457C,3,0.470,0.083,0.750
870,156,4932.YLL003W,3,0.470,0.083,0.750
871,157,4932.YLL040C,1,0.707,0.000,0.333
872,157,4932.YOR228C,1,0.707,0.000,0.333
873,158,4932.YDR493W,0,0.707,0.000,0.000
874,158,4932.YKL192C,0,0.707,0.000,0.000
875,159,4932.YAL039C,0,0.707,0.000,0.000
876,159,4932.YKL087C,0,0.707,0.000,0.000
877,160,4932.YBL018C,11,0.287,0.006,0.846
878,160,4932.YBR167C,11,0.287,0.006,0.846
879,160,4932.YHR062C,11,0.287,0.006,0.846
880,160,4932.YIR015W,12,0.290,0.040,0.923
881,161,4932.YNL259C,1,0.707,0.000,0.500
882,161,4932.YDR270W,1,0.707,0.000,0.500
883,162,4932.YAR015W,0,0.577,0.000,0.000
884,162,4932.YIL094C,0,0.577,0.000,0.000
885,162,4932.YBR115C,0,0.577,0.000,0.000
886,163,4932.YOL071W,0,0.707,0.000,0.000
887,163,4932.YDR511W,0,0.707,0.000,0.000
888,164,4932.YBR026C,4,0.295,0.007,0.444
889,164,4932.YKL055C,5,0.336,0.030,0.556
890,164,4932.YHR067W,4,0.295,0.007,0.444
891,165,4932.YLR327C,0,0.577,0.000,0.000
892,165,4932.YGL080W,0,0.577,0.000,0.000
893,165,4932.YOR100C,0,0.577,0.000,0.000
894,166,4932.YGR277C,6,0.398,0.018,0.750
895,166,4932.YOR054C,5,0.354,0.000,0.625
896,166,4932.YKR072C,5,0.354,0.000,0.625
897,166,4932.YIL083C,6,0.398,0.018,0.750
898,166,4932.YKL088W,6,0.398,0.018,0.750
899,167,4932.YIL134W,3,0.482,0.000,0.750
900,167,4932.YDR236C,3,0.482,0.000,0.750
901,167,4932.YMR178W,3,0.482,0.000,0.750
902,168,4932.YNR045W,1,0.707,0.000,0.500
903,168,4932.YGR222W,1,0.707,0.000,0.500
904,169,4932.YER153C,0,0.707,0.000,0.000
905,169,4932.YMR257C,0,0.707,0.000,0.000
906,170,4932.YGL143C,0,0.577,0.000,0.000
907,170,4932.YOR201C,0,0.577,0.000,0.000
908,170,4932.YHR168W,0,0.577,0.000,0.000
909,171,4932.YOL114C,0,1.000,0.000,1.000
910,172,4932.YPL259C,12,0.228,0.034,0.480
911,172,4932.YKL135C,11,0.232,0.012,0.440
912,172,4932.YBR288C,10,0.190,0.008,0.400
913,172,4932.YDR153C,12,0.241,0.027,0.480
914,172,4932.YLR170C,10,0.198,0.016,0.400
915,172,4932.YJR125C,9,0.203,0.004,0.360
916,173,4932.YCR047C,0,1.000,0.000,1.000
917,174,4932.YBR143C,3,0.439,0.000,0.600
918,174,4932.YDR172W,3,0.439,0.000,0.600
919,175,4932.YGR218W,0,1.000,0.000,1.000
920,176,4932.YML080W,5,0.354,0.000,0.500
921,176,4932.YBL024W,6,0.399,0.044,0.600
922,176,4932.YOL124C,6,0.399,0.044,0.600
923,176,4932.YDR120C,7,0.374,0.333,0.700
924,176,4932.YDL201W,6,0.399,0.044,0.600
925,176,4932.YJL125C,6,0.399,0.044,0.600
926,177,4932.YHL034C,1,0.167,0.000,0.053
927,177,4932.YDR515W,1,0.167,0.000,0.053
928,177,4932.YLL013C,2,0.180,0.053,0.105
929,177,4932.YGL094C,2,0.229,0.000,0.105
930,177,4932.YKL025C,2,0.229,0.000,0.105
931,177,4932.YPR129W,1,0.167,0.000,0.053
932,178,4932.YOL132W,0,0.408,0.000,0.000
933,178,4932.YLR249W,0,0.408,0.000,0.000
934,178,4932.YMR215W,0,0.408,0.000,0.000
935,178,4932.YOL030W,0,0.408,0.000,0.000
936,178,4932.YMR307W,0,0.408,0.000,0.000
937,178,4932.YLR343W,0,0.408,0.000,0.000
938,179,4932.YLL019C,0,0.707,0.000,0.000
939,179,4932.YDR432W,0,0.707,0.000,0.000
940,180,4932.YLR329W,4,0.440,0.000,0.800
941,180,4932.YHR157W,4,0.440,0.000,0.800
942,180,4932.YMR133W,4,0.440,0.000,0.800
943,180,4932.YER044C-A,4,0.440,0.000,0.800
944,181,4932.YPL157W,0,1.000,0.000,1.000
945,182,4932.YKL204W,0,0.707,0.000,0.000
946,182,4932.YLR116W,0,0.707,0.000,0.000
947,183,4932.YGR102C,2,0.577,0.000,1.000
948,183,4932.YMR293C,2,0.577,0.000,1.000
949,183,4932.YBL080C,2,0.577,0.000,1.000
950,184,4932.YLR283W,1,0.707,0.000,0.500
951,184,4932.YLR281C,1,0.707,0.000,0.500
952,185,4932.YMR302C,1,0.271,0.000,0.111
953,185,4932.YBR227C,1,0.271,0.000,0.111
954,186,4932.YOR197W,3,0.557,0.167,1.000
955,186,4932.YNL123W,3,0.557,0.167,1.000
956,187,4932.YKR079C,0,1.000,0.000,1.000
957,188,4932.YNR074C,0,0.707,0.000,0.000
958,188,4932.YGR016W,0,0.707,0.000,0.000
959,189,4932.YFR006W,0,1.000,0.000,1.000
960,190,4932.YBR006W,1,0.707,0.000,0.333
961,190,4932.YGR019W,1,0.707,0.000,0.333
962,191,4932.YJR104C,2,0.577,0.000,1.000
963,191,4932.YDR256C,2,0.577,0.000,1.000
964,191,4932.YGR088W,2,0.577,0.000,1.000
965,192,4932.YKL067W,0,1.000,0.000,1.000
966,193,4932.YMR058W,3,0.391,0.000,0.375
967,193,4932.YOR382W,3,0.342,0.018,0.375
968,193,4932.YER145C,4,0.417,0.179,0.500
969,194,4932.YCR010C,0,0.707,0.000,0.000
970,194,4932.YLR174W,0,0.707,0.000,0.000
971,195,4932.YLR355C,1,0.500,0.000,0.250
972,195,4932.YOR108W,1,0.500,0.000,0.250
973,196,4932.YGR008C,0,0.707,0.000,0.000
974,196,4932.YDL181W,0,0.707,0.000,0.000
975,197,4932.YDL107W,0,0.707,0.000,0.000
976,197,4932.YBR185C,0,0.707,0.000,0.000
977,198,4932.YLR109W,9,0.289,0.030,0.562
978,198,4932.YLR043C,8,0.288,0.016,0.500
979,198,4932.YBL064C,9,0.280,0.052,0.562
980,198,4932.YKL086W,7,0.252,0.008,0.438
981,198,4932.YDR353W,9,0.293,0.039,0.562
982,199,4932.YNL329C,16,0.242,0.010,0.571
983,199,4932.YJL210W,14,0.226,0.002,0.500
984,199,4932.YMR026C,17,0.245,0.020,0.607
985,199,4932.YKL197C,14,0.223,0.003,0.500
986,199,4932.YDR329C,17,0.233,0.039,0.607
987,199,4932.YDR142C,16,0.224,0.033,0.571
988,199,4932.YGR077C,15,0.215,0.015,0.536
989,199,4932.YOL044W,11,0.173,0.004,0.393
990,200,4932.YMR020W,7,0.259,0.003,0.467
991,200,4932.YEL020C,9,0.295,0.128,0.600
992,200,4932.YLR151C,9,0.319,0.012,0.600
993,200,4932.YJR019C,9,0.308,0.030,0.600
994,201,4932.YJR078W,5,0.431,0.044,0.833
995,201,4932.YLR231C,5,0.431,0.044,0.833
996,201,4932.YJL060W,4,0.372,0.000,0.667
997,202,4932.YHR008C,2,0.577,0.000,1.000
998,202,4932.YHR050W,2,0.577,0.000,1.000
999,202,4932.YGR257C,2,0.577,0.000,1.000
1000,203,4932.YOL067C,3,0.500,0.000,1.000
1001,203,4932.YNL076W,3,0.500,0.000,1.000
1002,203,4932.YGL252C,3,0.500,0.000,1.000
1003,203,4932.YBL103C,3,0.500,0.000,1.000
1004,204,4932.YCL018W,0,1.000,0.000,1.000
1005,205,4932.YBR112C,1,0.707,0.000,0.333
1006,205,4932.YPR065W,1,0.707,0.000,0.333
1007,206,4932.YOR211C,6,0.402,0.024,0.857
1008,206,4932.YIL065C,6,0.402,0.024,0.857
1009,207,4932.YLR028C,11,0.263,0.021,0.500
1010,207,4932.YNL141W,10,0.220,0.074,0.455
1011,207,4932.YHR216W,8,0.180,0.010,0.364
1012,207,4932.YLR432W,8,0.180,0.010,0.364
1013,207,4932.YMR120C,11,0.263,0.021,0.500
1014,207,4932.YJR105W,9,0.210,0.014,0.409
1015,208,4932.YJR070C,1,0.707,0.000,1.000
1016,208,4932.YJR047C,1,0.707,0.000,1.000
1017,209,4932.YJR150C,2,0.523,0.000,0.500
1018,209,4932.YIL011W,2,0.523,0.000,0.500
1019,210,4932.YOR037W,0,0.500,0.000,0.000
1020,210,4932.YER086W,0,0.500,0.000,0.000
1021,210,4932.YCL064C,0,0.500,0.000,0.000
1022,210,4932.YDR158W,0,0.500,0.000,0.000
1023,211,4932.YOR251C,0,1.000,0.000,1.000
1024,212,4932.YLR168C,2,0.577,0.000,1.000
1025,212,4932.YKL053C-A,2,0.577,0.000,1.000
1026,212,4932.YLR193C,2,0.577,0.000,1.000
1027,213,4932.YNL100W,5,0.408,0.000,1.000
1028,213,4932.YBR262C,5,0.408,0.000,1.000
1029,213,4932.YGR235C,5,0.408,0.000,1.000
1030,213,4932.YKR016W,5,0.408,0.000,1.000
1031,213,4932.YFR011C,5,0.408,0.000,1.000
1032,213,4932.YCL057C-A,5,0.408,0.000,1.000
1033,214,4932.YJL130C,0,1.000,0.000,1.000
1034,215,4932.YDL171C,1,0.707,0.000,1.000
1035,215,4932.YPR035W,1,0.707,0.000,1.000
1036,216,4932.YOR303W,1,0.707,0.000,1.000
1037,216,4932.YJR109C,1,0.707,0.000,1.000
1038,217,4932.YAR075W,1,0.500,0.000,0.500
1039,217,4932.YMR217W,1,0.500,0.000,0.500
1040,218,4932.YLR160C,0,0.500,0.000,0.000
1041,218,4932.YLR158C,0,0.500,0.000,0.000
1042,218,4932.YLR155C,0,0.500,0.000,0.000
1043,218,4932.YLR157C,0,0.500,0.000,0.000
1044,219,4932.YMR084W,0,0.000,0.000,0.000
1045,219,4932.YNL192W,0,0.000,0.000,0.000
1046,219,4932.YOR302W,0,0.000,0.000,0.000
1047,219,4932.YKL104C,1,0.707,0.000,0.250
1048,219,4932.YEL058W,1,0.707,0.000,0.250
1049,220,4932.YGL062W,1,0.707,0.000,1.000
1050,220,4932.YBR218C,1,0.707,0.000,1.000
1051,221,4932.YDL080C,2,0.408,0.000,0.286
1052,221,4932.YDR081C,2,0.408,0.000,0.286
1053,221,4932.YGR087C,2,0.408,0.000,0.286
1054,221,4932.YLR044C,2,0.408,0.000,0.286
1055,221,4932.YLR134W,2,0.408,0.000,0.286
1056,221,4932.YBR240C,2,0.408,0.000,0.286
1057,222,4932.YMR175W,5,0.340,0.015,0.500
1058,222,4932.YBR116C,5,0.353,0.006,0.500
1059,222,4932.YDL223C,4,0.299,0.000,0.400
1060,223,4932.YGR256W,4,0.468,0.033,0.800
1061,223,4932.YHR183W,4,0.468,0.033,0.800
1062,224,4932.YDR403W,0,0.707,0.000,0.000
1063,224,4932.YPL223C,0,0.707,0.000,0.000
1064,225,4932.YOR034C,0,0.707,0.000,0.000
1065,225,4932.YHR042W,0,0.707,0.000,0.000
1066,226,4932.YPL280W,6,0.329,0.015,0.545
1067,226,4932.YOR391C,7,0.361,0.033,0.636
1068,226,4932.YML004C,7,0.359,0.042,0.636
1069,226,4932.YMR322C,7,0.361,0.033,0.636
1070,227,4932.YGR207C,1,0.707,0.000,1.000
1071,227,4932.YPR004C,1,0.707,0.000,1.000
1072,228,4932.YGL133W,5,0.448,0.044,0.833
1073,228,4932.YBR245C,5,0.448,0.044,0.833
1074,228,4932.YMR044W,4,0.392,0.000,0.667
1075,228,4932.YFR013W,4,0.392,0.000,0.667
1076,229,4932.YKR048C,0,0.707,0.000,0.000
1077,229,4932.YPL158C,0,0.707,0.000,0.000
1078,230,4932.YGL035C,4,0.141,0.102,0.211
1079,230,4932.YMR280C,3,0.104,0.012,0.158
1080,230,4932.YDR422C,6,0.329,0.000,0.316
1081,230,4932.YGL208W,6,0.329,0.000,0.316
1082,230,4932.YKL048C,3,0.176,0.000,0.158
1083,230,4932.YER027C,6,0.329,0.000,0.316
1084,231,4932.YER040W,1,0.354,0.000,0.125
1085,231,4932.YKR076W,1,0.271,0.000,0.125
1086,231,4932.YCL028W,1,0.354,0.000,0.125
1087,232,4932.YLR360W,9,0.244,0.002,0.409
1088,232,4932.YNL325C,10,0.243,0.092,0.455
1089,232,4932.YBR128C,9,0.226,0.013,0.409
1090,232,4932.YNR007C,8,0.191,0.007,0.364
1091,232,4932.YLR211C,9,0.244,0.002,0.409
1092,232,4932.YNL054W,9,0.241,0.001,0.409
1093,232,4932.YLR386W,7,0.199,0.000,0.318
1094,233,4932.YOR101W,6,0.263,0.000,0.353
1095,233,4932.YIL033C,8,0.313,0.009,0.471
1096,233,4932.YKL062W,5,0.210,0.000,0.294
1097,233,4932.YJL005W,8,0.313,0.009,0.471
1098,233,4932.YMR037C,5,0.210,0.000,0.294
1099,233,4932.YOR360C,7,0.283,0.006,0.412
1100,234,4932.YPR113W,0,1.000,0.000,1.000
1101,235,4932.YDL144C,0,0.707,0.000,0.000
1102,235,4932.YIL160C,0,0.707,0.000,0.000
1103,236,4932.YER081W,1,0.707,0.000,1.000
1104,236,4932.YIL074C,1,0.707,0.000,1.000
1105,237,4932.YMR113W,4,0.438,0.033,0.800
1106,238,4932.YOR188W,2,0.078,0.000,0.044
1107,238,4932.YHR061C,3,0.087,0.001,0.067
1108,238,4932.YDR103W,4,0.113,0.000,0.089
1109,238,4932.YOR212W,5,0.154,0.001,0.111
1110,238,4932.YDR379W,4,0.135,0.000,0.089
1111,238,4932.YOL112W,5,0.113,0.002,0.111
1112,238,4932.YNL293W,5,0.113,0.002,0.111
1113,238,4932.YIL118W,4,0.122,0.000,0.089
1114,238,4932.YOL113W,4,0.112,0.003,0.089
1115,238,4932.YER114C,5,0.132,0.007,0.111
1116,238,4932.YPR188C,3,0.074,0.000,0.067
1117,239,4932.YHR117W,0,0.577,0.000,0.000
1118,239,4932.YEL013W,0,0.577,0.000,0.000
1119,239,4932.YAR042W,0,0.577,0.000,0.000
1120,240,4932.YMR310C,2,0.577,0.000,0.286
1121,240,4932.YNL022C,2,0.577,0.000,0.286
1122,240,4932.YOR205C,0,0.000,0.000,0.000
1123,240,4932.YGL136C,0,0.000,0.000,0.000
1124,240,4932.YMR097C,0,0.000,0.000,0.000
1125,240,4932.YLR289W,0,0.000,0.000,0.000
1126,240,4932.YGR283C,2,0.577,0.000,0.286
1127,240,4932.YBR025C,0,0.000,0.000,0.000
1128,241,4932.YHR072W-A,0,1.000,0.000,1.000
1129,242,4932.YLR318W,0,0.707,0.000,0.000
1130,242,4932.YLR262C-A,0,0.707,0.000,0.000
1131,243,4932.YMR276W,0,1.000,0.000,1.000
1132,244,4932.YMR023C,2,0.577,0.000,1.000
1133,244,4932.YGL236C,2,0.577,0.000,1.000
1134,244,4932.YDL033C,2,0.577,0.000,1.000
1135,245,4932.YIR027C,2,0.577,0.000,0.500
1136,245,4932.YIR032C,2,0.577,0.000,0.500
1137,245,4932.YIR029W,2,0.577,0.000,0.500
1138,246,4932.YAL005C,2,0.485,0.000,0.333
1139,246,4932.YLL024C,2,0.485,0.000,0.333
1140,246,4932.YBR169C,2,0.357,0.400,0.333
1141,247,4932.YPL225W,0,1.000,0.000,1.000
1142,248,4932.YBR153W,5,0.428,0.025,1.000
1143,248,4932.YBR256C,5,0.428,0.025,1.000
1144,248,4932.YBL033C,5,0.428,0.025,1.000
1145,248,4932.YDR487C,5,0.428,0.025,1.000
1146,249,4932.YGR240C,6,0.402,0.024,0.857
1147,249,4932.YMR205C,6,0.402,0.024,0.857
1148,249,4932.YJL155C,6,0.402,0.024,0.857
1149,250,4932.YER003C,1,0.707,0.000,1.000
1150,250,4932.YFL045C,1,0.707,0.000,1.000
1151,251,4932.YOL122C,0,0.577,0.000,0.000
1152,251,4932.YCR044C,0,0.577,0.000,0.000
1153,251,4932.YIL039W,0,0.577,0.000,0.000
1154,252,4932.YBR290W,0,1.000,0.000,1.000
1155,253,4932.YCR017C,0,0.707,0.000,0.000
1156,253,4932.YDR182W,0,0.707,0.000,0.000
1157,254,4932.YMR243C,6,0.323,0.009,0.500
1158,254,4932.YDR205W,6,0.300,0.029,0.500
1159,254,4932.YLR130C,7,0.351,0.026,0.583
1160,254,4932.YOR316C,6,0.323,0.009,0.500
1161,255,4932.YLR467W,6,0.333,0.015,0.500
1162,255,4932.YHL050C,6,0.342,0.008,0.500
1163,255,4932.YHR218W-A,4,0.248,0.000,0.333
1164,255,4932.YEL076C-A,6,0.342,0.008,0.500
1165,256,4932.YBR011C,1,0.707,0.000,1.000
1166,256,4932.YMR267W,1,0.707,0.000,1.000
1167,257,4932.YML060W,5,0.405,0.000,0.714
1168,257,4932.YOL043C,5,0.405,0.000,0.714
1169,257,4932.YML021C,5,0.405,0.000,0.714
1170,257,4932.YAL015C,5,0.405,0.000,0.714
1171,257,4932.YKL114C,5,0.405,0.000,0.714
1172,258,4932.YLR214W,2,0.435,0.000,0.333
1173,258,4932.YHR175W,2,0.435,0.000,0.333
1174,259,4932.YJR148W,4,0.436,0.056,0.667
1175,259,4932.YMR108W,4,0.436,0.056,0.667
1176,259,4932.YCL009C,3,0.365,0.000,0.500
1177,260,4932.YGR010W,5,0.448,0.024,0.625
1178,260,4932.YOR155C,4,0.392,0.000,0.500
1179,260,4932.YOR209C,5,0.448,0.024,0.625
1180,260,4932.YFR047C,5,0.448,0.024,0.625
1181,260,4932.YGL224C,4,0.392,0.000,0.500
1182,261,4932.YJR069C,0,1.000,0.000,1.000
1183,262,4932.YJR014W,2,0.577,0.000,1.000
1184,262,4932.YDR117C,2,0.577,0.000,1.000
1185,262,4932.YER007C-A,2,0.577,0.000,1.000
1186,263,4932.YOR106W,24,0.213,0.016,0.800
1187,263,4932.YBL050W,21,0.196,0.003,0.700
1188,263,4932.YBR080C,21,0.193,0.005,0.700
1189,263,4932.YMR017W,23,0.210,0.006,0.767
1190,263,4932.YHL031C,23,0.207,0.008,0.767
1191,263,4932.YOR327C,21,0.194,0.004,0.700
1192,263,4932.YLR093C,23,0.209,0.007,0.767
1193,263,4932.YAL030W,24,0.212,0.017,0.800
1194,264,4932.YMR025W,4,0.447,0.000,1.000
1195,264,4932.YIL071C,4,0.447,0.000,1.000
1196,264,4932.YOL117W,4,0.447,0.000,1.000
1197,264,4932.YDL216C,4,0.447,0.000,1.000
1198,264,4932.YDR179C,4,0.447,0.000,1.000
1199,265,4932.YHR129C,0,1.000,0.000,1.000
1200,266,4932.YPL174C,3,0.500,0.000,1.000
1201,266,4932.YDR106W,3,0.500,0.000,1.000
1202,266,4932.YLL049W,3,0.500,0.000,1.000
1203,266,4932.YMR294W,3,0.500,0.000,1.000
1204,267,4932.YDR503C,13,0.160,0.049,0.271
1205,267,4932.YKR067W,10,0.144,0.007,0.208
1206,267,4932.YNL169C,13,0.172,0.029,0.271
1207,267,4932.YER037W,9,0.126,0.004,0.188
1208,267,4932.YML059C,9,0.121,0.007,0.188
1209,267,4932.YER026C,9,0.124,0.005,0.188
1210,267,4932.YMR313C,12,0.159,0.014,0.250
1211,267,4932.YBL011W,9,0.136,0.005,0.188
1212,267,4932.YDR284C,12,0.149,0.019,0.250
1213,267,4932.YGR157W,10,0.163,0.001,0.208
1214,267,4932.YIL124W,8,0.116,0.003,0.167
1215,267,4932.YPR139C,9,0.131,0.004,0.188
1216,267,4932.YGR170W,9,0.149,0.000,0.188
1217,268,4932.YJR049C,0,0.500,0.000,0.000
1218,268,4932.YGR205W,0,0.500,0.000,0.000
1219,268,4932.YPL188W,0,0.500,0.000,0.000
1220,268,4932.YDR242W,0,0.500,0.000,0.000
1221,269,4932.YDR077W,0,0.577,0.000,0.000
1222,269,4932.YKL164C,0,0.577,0.000,0.000
1223,269,4932.YLR110C,0,0.577,0.000,0.000
1224,270,4932.YHR055C,2,0.523,0.000,0.667
1225,270,4932.YGL166W,2,0.523,0.000,0.667
1226,271,4932.YBR207W,0,0.707,0.000,0.000
1227,271,4932.YLR034C,0,0.707,0.000,0.000
1228,272,4932.YLR220W,0,1.000,0.000,1.000
1229,273,4932.YGR001C,3,0.289,0.012,0.273
1230,273,4932.YBR271W,4,0.360,0.027,0.364
1231,273,4932.YNL024C,3,0.276,0.006,0.273
1232,274,4932.YDR011W,2,0.577,0.000,0.333
1233,274,4932.YHR178W,0,0.000,0.000,0.000
1234,274,4932.YOR162C,0,0.000,0.000,0.000
1235,274,4932.YGR281W,2,0.577,0.000,0.333
1236,274,4932.YHR064C,0,0.000,0.000,0.000
1237,274,4932.YOR153W,2,0.577,0.000,0.333
1238,274,4932.YML076C,0,0.000,0.000,0.000
1239,275,4932.YOR281C,0,0.707,0.000,0.000
1240,275,4932.YNL313C,0,0.707,0.000,0.000
1241,276,4932.YGL063W,6,0.366,0.057,0.857
1242,276,4932.YLR165C,6,0.384,0.019,0.857
1243,277,4932.YDL101C,1,0.707,0.000,0.500
1244,277,4932.YML058W,1,0.707,0.000,0.500
1245,278,4932.YDR227W,0,1.000,0.000,1.000
1246,279,4932.YJL127C,0,1.000,0.000,1.000
1247,280,4932.YER014W,0,1.000,0.000,1.000
1248,281,4932.YLR453C,5,0.360,0.000,0.385
1249,281,4932.YBR275C,5,0.360,0.000,0.385
1250,281,4932.YLR233C,3,0.216,0.000,0.231
1251,282,4932.YOL149W,1,0.707,0.000,0.500
1252,282,4932.YEL015W,1,0.707,0.000,0.500
1253,283,4932.YBR141C,0,0.577,0.000,0.000
1254,283,4932.YIL096C,0,0.577,0.000,0.000
1255,283,4932.YNL063W,0,0.577,0.000,0.000
1256,284,4932.YJL097W,6,0.386,0.007,0.750
1257,284,4932.YCR034W,6,0.386,0.007,0.750
1258,284,4932.YDL015C,6,0.386,0.007,0.750
1259,284,4932.YBR159W,6,0.386,0.007,0.750
1260,285,4932.YNL295W,0,1.000,0.000,1.000
1261,286,4932.YIL087C,0,0.707,0.000,0.000
1262,286,4932.YPR155C,0,0.707,0.000,0.000
1263,287,4932.YBR101C,0,0.577,0.000,0.000
1264,287,4932.YJL144W,0,0.577,0.000,0.000
1265,287,4932.YPR158W,0,0.577,0.000,0.000
1266,288,4932.YBR109C,0,0.707,0.000,0.000
1267,288,4932.YNL225C,0,0.707,0.000,0.000
1268,289,4932.YDL100C,5,0.389,0.009,0.625
1269,289,4932.YOR007C,5,0.375,0.024,0.625
1270,289,4932.YGL020C,5,0.389,0.009,0.625
1271,290,4932.YIL145C,1,0.707,0.000,1.000
1272,290,4932.YBR176W,1,0.707,0.000,1.000
1273,291,4932.YIL164C,0,1.000,0.000,1.000
1274,292,4932.YBR161W,4,0.398,0.089,0.667
1275,292,4932.YKL004W,4,0.412,0.017,0.667
1276,292,4932.YDR367W,4,0.412,0.017,0.667
1277,292,4932.YBR036C,4,0.398,0.089,0.667
1278,293,4932.YDR279W,2,0.523,0.000,0.667
1279,293,4932.YLR154C,2,0.523,0.000,0.667
1280,294,4932.YER106W,3,0.387,0.000,0.500
1281,294,4932.YPL204W,3,0.387,0.000,0.500
1282,295,4932.YKR070W,0,1.000,0.000,1.000
1283,296,4932.YGL210W,3,0.396,0.036,0.375
1284,296,4932.YNL304W,3,0.396,0.036,0.375
1285,296,4932.YLR190W,3,0.382,0.012,0.375
1286,297,4932.YHR016C,1,0.707,0.000,1.000
1287,297,4932.YBL007C,1,0.707,0.000,1.000
1288,298,4932.YDR388W,2,0.523,0.000,0.250
1289,298,4932.YER060W-A,0,0.000,0.000,0.000
1290,298,4932.YKR019C,0,0.000,0.000,0.000
1291,298,4932.YMR192W,2,0.523,0.000,0.250
1292,298,4932.YGR241C,1,0.282,0.000,0.125
1293,298,4932.YJL083W,0,0.000,0.000,0.000
1294,298,4932.YIL095W,0,0.000,0.000,0.000
1295,298,4932.YER060W,0,0.000,0.000,0.000
1296,299,4932.YDL161W,0,0.707,0.000,0.000
1297,299,4932.YLR206W,0,0.707,0.000,0.000
1298,300,4932.YLR319C,0,1.000,0.000,1.000
1299,301,4932.YOR094W,0,0.707,0.000,0.000
1300,301,4932.YBR164C,0,0.707,0.000,0.000
1301,302,4932.YDL117W,2,0.577,0.000,1.000
1302,302,4932.YBR038W,2,0.577,0.000,1.000
1303,302,4932.YMR032W,2,0.577,0.000,1.000
1304,303,4932.YCL045C,7,0.351,0.000,0.778
1305,303,4932.YKL207W,7,0.351,0.000,0.778
1306,303,4932.YJL192C,7,0.351,0.000,0.778
1307,303,4932.YIL027C,7,0.351,0.000,0.778
1308,303,4932.YDR056C,7,0.351,0.000,0.778
1309,303,4932.YLL014W,7,0.351,0.000,0.778
1310,304,4932.YOR338W,0,0.500,0.000,0.000
1311,304,4932.YJL080C,0,0.500,0.000,0.000
1312,304,4932.YBR172C,0,0.500,0.000,0.000
1313,304,4932.YOR359W,0,0.500,0.000,0.000
1314,305,4932.YML068W,0,1.000,0.000,1.000
1315,306,4932.YER042W,0,1.000,0.000,1.000
1316,307,4932.YDL219W,2,0.394,0.000,0.400
1317,307,4932.YKL034W,2,0.394,0.000,0.400
1318,307,4932.YLR114C,2,0.394,0.000,0.400
1319,307,4932.YOR223W,2,0.394,0.000,0.400
1320,308,4932.YPL154C,0,1.000,0.000,1.000
1321,309,4932.YNL288W,10,0.307,0.005,0.667
1322,309,4932.YDL165W,10,0.307,0.005,0.667
1323,309,4932.YPR072W,10,0.307,0.005,0.667
1324,309,4932.YIL038C,10,0.307,0.005,0.667
1325,309,4932.YGR134W,10,0.307,0.005,0.667
1326,310,4932.YDL092W,7,0.384,0.031,1.000
1327,310,4932.YPL243W,7,0.384,0.031,1.000
1328,310,4932.YPR088C,7,0.384,0.031,1.000
1329,310,4932.YPL210C,7,0.384,0.031,1.000
1330,311,4932.YBR113W,5,0.371,0.000,0.556
1331,311,4932.YGR182C,7,0.400,0.333,0.778
1332,311,4932.YPL182C,5,0.371,0.000,0.556
1333,312,4932.YAR008W,3,0.557,0.167,1.000
1334,312,4932.YJL087C,3,0.557,0.167,1.000
1335,313,4932.YBL047C,0,0.707,0.000,0.000
1336,313,4932.YDR320C,0,0.707,0.000,0.000
1337,314,4932.YPR042C,0,0.707,0.000,0.000
1338,314,4932.YDL224C,0,0.707,0.000,0.000
1339,315,4932.YPL184C,0,0.707,0.000,0.000
1340,315,4932.YNL197C,0,0.707,0.000,0.000
1341,316,4932.YPL200W,2,0.577,0.000,1.000
1342,316,4932.YJL019W,2,0.577,0.000,1.000
1343,316,4932.YOL104C,2,0.577,0.000,1.000
1344,317,4932.YDL168W,2,0.321,0.267,0.333
1345,317,4932.YGL258W,2,0.455,0.000,0.333
1346,317,4932.YOR387C,2,0.455,0.000,0.333
1347,318,4932.YHR113W,0,0.707,0.000,0.000
1348,318,4932.YKL103C,0,0.707,0.000,0.000
1349,319,4932.YDR430C,0,0.707,0.000,0.000
1350,319,4932.YER078C,0,0.707,0.000,0.000
1351,320,4932.YIR002C,3,0.557,0.167,1.000
1352,320,4932.YOL086W-A,3,0.557,0.167,1.000
1353,321,4932.YJL105W,1,0.707,0.000,1.000
1354,321,4932.YHR207C,1,0.707,0.000,1.000
1355,322,4932.YGR238C,1,0.707,0.000,1.000
1356,322,4932.YHR158C,1,0.707,0.000,1.000
1357,323,4932.YDR310C,1,0.707,0.000,0.500
1358,323,4932.YHR124W,1,0.707,0.000,0.500
1359,324,4932.YJR024C,3,0.425,0.000,0.600
1360,324,4932.YEL038W,3,0.425,0.000,0.600
1361,325,4932.YDL246C,3,0.453,0.050,0.600
1362,326,4932.YDL052C,0,0.707,0.000,0.000
1363,326,4932.YGR045C,0,0.707,0.000,0.000
1364,327,4932.YGR046W,2,0.577,0.000,1.000
1365,327,4932.YDL142C,2,0.577,0.000,1.000
1366,327,4932.YHR100C,2,0.577,0.000,1.000
1367,328,4932.YOR006C,0,0.707,0.000,0.000
1368,328,4932.YCR051W,0,0.707,0.000,0.000
1369,329,4932.YOR334W,0,0.707,0.000,0.000
1370,329,4932.YPL060W,0,0.707,0.000,0.000
1371,330,4932.YFL050C,0,0.500,0.000,0.000
1372,330,4932.YKL064W,0,0.500,0.000,0.000
1373,330,4932.YOL130W,0,0.500,0.000,0.000
1374,330,4932.YJL133W,0,0.500,0.000,0.000
1375,331,4932.YCR073C,5,0.418,0.012,0.714
1376,331,4932.YDL235C,5,0.418,0.012,0.714
1377,331,4932.YNR031C,5,0.418,0.012,0.714
1378,332,4932.YPL045W,12,0.277,0.008,0.667
1379,332,4932.YKR014C,13,0.259,0.220,0.722
1380,332,4932.YML001W,14,0.280,0.155,0.778
1381,332,4932.YOR089C,12,0.276,0.011,0.667
1382,332,4932.YDL077C,12,0.262,0.050,0.667
1383,333,4932.YPL036W,0,0.707,0.000,0.000
1384,333,4932.YGL008C,0,0.707,0.000,0.000
1385,334,4932.YPR131C,0,1.000,0.000,1.000
1386,335,4932.YNR019W,1,0.707,0.000,0.500
1387,335,4932.YCR048W,1,0.707,0.000,0.500
1388,336,4932.YLL031C,12,0.264,0.025,0.500
1389,336,4932.YGR216C,10,0.218,0.019,0.417
1390,336,4932.YDR302W,7,0.149,0.007,0.292
1391,336,4932.YHR188C,12,0.249,0.040,0.500
1392,336,4932.YDR437W,11,0.246,0.024,0.458
1393,336,4932.YPL076W,9,0.197,0.013,0.375
1394,336,4932.YDR331W,12,0.261,0.039,0.500
1395,337,4932.YKL043W,0,0.378,0.000,0.000
1396,337,4932.YMR164C,0,0.378,0.000,0.000
1397,337,4932.YHR211W,0,0.378,0.000,0.000
1398,337,4932.YOR140W,0,0.378,0.000,0.000
1399,337,4932.YAL063C,0,0.378,0.000,0.000
1400,337,4932.YAR050W,0,0.378,0.000,0.000
1401,337,4932.YKR102W,0,0.378,0.000,0.000
1402,338,4932.YIR019C,0,0.500,0.000,0.000
1403,338,4932.YOL116W,0,0.500,0.000,0.000
1404,338,4932.YDL233W,0,0.500,0.000,0.000
1405,338,4932.YER109C,0,0.500,0.000,0.000
1406,339,4932.YJR031C,0,1.000,0.000,1.000
1407,340,4932.YPR044C,1,0.707,0.000,0.500
1408,340,4932.YLR062C,1,0.707,0.000,0.500
1409,341,4932.YHR212W-A,2,0.523,0.000,0.667
1410,341,4932.YHR213W,2,0.523,0.000,0.667
1411,342,4932.YIL097W,6,0.376,0.000,0.750
1412,342,4932.YBR105C,6,0.376,0.000,0.750
1413,342,4932.YDR255C,6,0.376,0.000,0.750
1414,342,4932.YIL017C,6,0.376,0.000,0.750
1415,342,4932.YMR135C,6,0.376,0.000,0.750
1416,342,4932.YGL227W,6,0.376,0.000,0.750
1417,343,4932.YMR081C,0,1.000,0.000,1.000
1418,344,4932.YHL020C,3,0.438,0.000,0.500
1419,344,4932.YDR123C,3,0.438,0.000,0.500
1420,344,4932.YOL108C,3,0.438,0.000,0.500
1421,345,4932.YMR029C,5,0.428,0.025,1.000
1422,345,4932.YFR008W,5,0.428,0.025,1.000
1423,345,4932.YNL127W,5,0.428,0.025,1.000
1424,345,4932.YMR052W,5,0.428,0.025,1.000
1425,346,4932.YLR280C,0,0.707,0.000,0.000
1426,346,4932.YLR125W,0,0.707,0.000,0.000
1427,347,4932.YNL314W,0,0.707,0.000,0.000
1428,347,4932.YDL170W,0,0.707,0.000,0.000
1429,348,4932.YML067C,0,1.000,0.000,1.000
1430,349,4932.YKR099W,0,0.707,0.000,0.000
1431,349,4932.YFR034C,0,0.707,0.000,0.000
1432,350,4932.YOL068C,0,1.000,0.000,1.000
1433,351,4932.YFR003C,0,1.000,0.000,1.000
1434,352,4932.YDR436W,2,0.523,0.000,0.400
1435,352,4932.YML016C,2,0.523,0.000,0.400
1436,353,4932.YPL030W,2,0.491,0.000,0.500
1437,353,4932.YBR061C,3,0.565,0.500,0.750
1438,353,4932.YOL125W,3,0.565,0.500,0.750
1439,354,4932.YOL093W,0,1.000,0.000,1.000
1440,355,4932.YLR316C,0,1.000,0.000,1.000
1441,356,4932.YKR093W,0,0.707,0.000,0.000
1442,356,4932.YGL114W,0,0.707,0.000,0.000
1443,357,4932.YPR194C,0,0.577,0.000,0.000
1444,357,4932.YPL177C,0,0.577,0.000,0.000
1445,357,4932.YJL212C,0,0.577,0.000,0.000
1446,358,4932.YNL332W,4,0.278,0.000,0.333
1447,358,4932.YPL258C,7,0.399,0.023,0.583
1448,358,4932.YDL244W,4,0.278,0.000,0.333
1449,358,4932.YOL055C,7,0.399,0.023,0.583
1450,358,4932.YFL058W,4,0.278,0.000,0.333
1451,358,4932.YJR156C,4,0.278,0.000,0.333
1452,359,4932.YDR481C,0,0.707,0.000,0.000
1453,359,4932.YOR143C,0,0.707,0.000,0.000
1454,360,4932.YBR296C,6,0.226,0.055,0.429
1455,360,4932.YPL019C,6,0.316,0.002,0.429
1456,360,4932.YER072W,5,0.270,0.000,0.357
1457,360,4932.YJL012C,6,0.316,0.002,0.429
1458,361,4932.YPL034W,0,0.707,0.000,0.000
1459,361,4932.YCL033C,0,0.707,0.000,0.000
1460,362,4932.YKL069W,0,0.707,0.000,0.000
1461,362,4932.YLR126C,0,0.707,0.000,0.000
1462,363,4932.YFL017C,1,0.707,0.000,0.500
1463,363,4932.YDL103C,1,0.707,0.000,0.500
1464,364,4932.YOL095C,0,1.000,0.000,1.000
1465,365,4932.YDR538W,0,1.000,0.000,1.000
1466,366,4932.YBR023C,5,0.424,0.078,0.833
1467,366,4932.YKR027W,4,0.358,0.022,0.667
1468,366,4932.YHR142W,4,0.358,0.022,0.667
1469,366,4932.YJL099W,5,0.424,0.078,0.833
1470,367,4932.YLR342W,0,1.000,0.000,1.000
1471,368,4932.YDL225W,9,0.325,0.046,0.692
1472,368,4932.YDR218C,7,0.288,0.005,0.538
1473,368,4932.YGR059W,7,0.288,0.005,0.538
1474,369,4932.YML038C,0,0.577,0.000,0.000
1475,369,4932.YER039C-A,0,0.577,0.000,0.000
1476,369,4932.YPL244C,0,0.577,0.000,0.000
1477,370,4932.YLR149C,0,1.000,0.000,1.000
1478,371,4932.YFR017C,0,1.000,0.000,1.000
1479,372,4932.YKR095W-A,4,0.350,0.000,0.667
1480,372,4932.YJL184W,4,0.350,0.000,0.667
1481,372,4932.YKR038C,5,0.408,0.044,0.833
1482,373,4932.YPL128C,0,0.707,0.000,0.000
1483,373,4932.YBR049C,0,0.707,0.000,0.000
1484,374,4932.YER099C,7,0.373,0.019,1.000
1485,374,4932.YOL061W,7,0.373,0.019,1.000
1486,374,4932.YBL068W,7,0.373,0.019,1.000
1487,374,4932.YHL011C,7,0.373,0.019,1.000
1488,374,4932.YKL181W,7,0.373,0.019,1.000
1489,375,4932.YLL062C,0,0.707,0.000,0.000
1490,375,4932.YPL273W,0,0.707,0.000,0.000
1491,376,4932.YGR142W,0,1.000,0.000,1.000
1492,377,4932.YDL138W,2,0.577,0.000,1.000
1493,377,4932.YKL038W,2,0.577,0.000,1.000
1494,377,4932.YDL194W,2,0.577,0.000,1.000
1495,378,4932.YGR233C,0,1.000,0.000,1.000
1496,379,4932.YHR166C,12,0.277,0.000,1.000
1497,379,4932.YLR127C,12,0.277,0.000,1.000
1498,379,4932.YDR118W,12,0.277,0.000,1.000
1499,379,4932.YDL008W,12,0.277,0.000,1.000
1500,379,4932.YNL172W,12,0.277,0.000,1.000
1501,379,4932.YFR036W,12,0.277,0.000,1.000
1502,379,4932.YLR102C,12,0.277,0.000,1.000
1503,379,4932.YDR260C,12,0.277,0.000,1.000
1504,379,4932.YKL022C,12,0.277,0.000,1.000
1505,379,4932.YIR025W,12,0.277,0.000,1.000
1506,379,4932.YBL084C,12,0.277,0.000,1.000
1507,379,4932.YGL240W,12,0.277,0.000,1.000
1508,379,4932.YOR249C,12,0.277,0.000,1.000
1509,380,4932.YGR017W,1,0.500,0.000,0.333
1510,380,4932.YBR035C,1,0.500,0.000,0.333
1511,381,4932.YEL029C,0,0.707,0.000,0.000
1512,381,4932.YNR027W,0,0.707,0.000,0.000
1513,382,4932.YJR099W,2,0.577,0.000,1.000
1514,382,4932.YBR058C,2,0.577,0.000,1.000
1515,382,4932.YOR124C,2,0.577,0.000,1.000
1516,383,4932.YPL084W,16,0.228,0.101,0.727
1517,383,4932.YLR417W,16,0.243,0.011,0.727
1518,383,4932.YCL008C,16,0.243,0.011,0.727
1519,383,4932.YNR006W,16,0.238,0.014,0.727
1520,383,4932.YHL002W,14,0.214,0.006,0.636
1521,383,4932.YPR173C,16,0.218,0.111,0.727
1522,384,4932.YOR370C,2,0.577,0.000,0.667
1523,384,4932.YER136W,2,0.577,0.000,0.667
1524,384,4932.YML097C,2,0.577,0.000,0.667
1525,385,4932.YMR304W,0,1.000,0.000,1.000
1526,386,4932.YJL028W,5,0.405,0.000,0.833
1527,386,4932.YJL027C,5,0.405,0.000,0.833
1528,386,4932.YJL022W,5,0.405,0.000,0.833
1529,386,4932.YJR056C,5,0.405,0.000,0.833
1530,386,4932.YJL161W,5,0.405,0.000,0.833
1531,387,4932.YGL065C,0,0.577,0.000,0.000
1532,387,4932.YDL055C,0,0.577,0.000,0.000
1533,387,4932.YBR085C-A,0,0.577,0.000,0.000
1534,388,4932.YIL030C,0,1.000,0.000,1.000
1535,389,4932.YBR139W,0,0.500,0.000,0.000
1536,389,4932.YMR297W,0,0.500,0.000,0.000
1537,389,4932.YMR174C,0,0.500,0.000,0.000
1538,389,4932.YKR034W,0,0.500,0.000,0.000
1539,390,4932.YGR014W,2,0.330,0.000,0.333
1540,390,4932.YLR120C,3,0.469,0.100,0.500
1541,390,4932.YDR144C,3,0.469,0.100,0.500
1542,391,4932.YPR138C,2,0.577,0.000,1.000
1543,391,4932.YNL142W,2,0.577,0.000,1.000
1544,391,4932.YGR121C,2,0.577,0.000,1.000
1545,392,4932.YOL049W,2,0.435,0.000,0.500
1546,392,4932.YLR299W,3,0.557,0.083,0.750
1547,392,4932.YKL215C,2,0.435,0.000,0.500
1548,393,4932.YDR513W,0,0.707,0.000,0.000
1549,393,4932.YCL035C,0,0.707,0.000,0.000
1550,394,4932.YOR099W,8,0.274,0.072,0.471
1551,394,4932.YJR143C,6,0.247,0.002,0.353
1552,394,4932.YJR075W,9,0.282,0.099,0.529
1553,394,4932.YBR205W,8,0.269,0.138,0.471
1554,395,4932.YJR092W,2,0.179,0.000,0.133
1555,395,4932.YIL140W,3,0.281,0.033,0.200
1556,395,4932.YLR084C,3,0.376,0.003,0.200
1557,395,4932.YCL014W,3,0.281,0.033,0.200
1558,396,4932.YGL067W,1,0.500,0.000,0.333
1559,396,4932.YLR328W,1,0.500,0.000,0.333
1560,397,4932.YMR285C,2,0.523,0.000,0.667
1561,397,4932.YLR107W,2,0.523,0.000,0.667
1562,398,4932.YDL184C,0,1.000,0.000,1.000
1563,399,4932.YHR137W,0,1.000,0.000,1.000
1564,400,4932.YDR421W,0,0.707,0.000,0.000
1565,400,4932.YGL202W,0,0.707,0.000,0.000
1566,401,4932.YNL321W,2,0.412,0.000,0.333
1567,401,4932.YDR040C,2,0.412,0.000,0.333
1568,402,4932.YLR143W,0,1.000,0.000,1.000
1569,403,4932.YFR044C,1,0.707,0.000,0.500
1570,403,4932.YNL191W,1,0.707,0.000,0.500
1571,404,4932.YLR146C,3,0.482,0.000,0.750
1572,404,4932.YOL052C,3,0.482,0.000,0.750
1573,404,4932.YPR069C,3,0.482,0.000,0.750
1574,405,4932.YDR098C,2,0.523,0.000,0.667
1575,405,4932.YPL202C,2,0.523,0.000,0.667
1576,406,4932.YER020W,1,0.354,0.000,0.250
1577,406,4932.YHR005C,1,0.354,0.000,0.250
1578,406,4932.YOL081W,2,0.500,0.500,0.500
1579,407,4932.YBR223C,0,1.000,0.000,1.000
1580,408,4932.YMR070W,0,1.000,0.000,1.000
1581,409,4932.YBL067C,4,0.510,0.167,1.000
1582,409,4932.YER098W,4,0.510,0.167,1.000
1583,409,4932.YKR098C,3,0.439,0.000,0.750
1584,409,4932.YIL156W,3,0.439,0.000,0.750
1585,410,4932.YML047C,0,1.000,0.000,1.000
1586,411,4932.YKR007W,2,0.577,0.000,1.000
1587,411,4932.YDR414C,2,0.577,0.000,1.000
1588,411,4932.YCR075C,2,0.577,0.000,1.000
1589,412,4932.YAL007C,6,0.369,0.045,0.750
1590,412,4932.YGL200C,6,0.376,0.025,0.750
1591,412,4932.YAR002C-A,6,0.378,0.028,0.750
1592,412,4932.YGL002W,6,0.378,0.028,0.750
1593,413,4932.YPL236C,0,0.577,0.000,0.000
1594,413,4932.YMR111C,0,0.577,0.000,0.000
1595,413,4932.YKL047W,0,0.577,0.000,0.000
1596,414,4932.YFL034C-B,5,0.420,0.024,0.714
1597,414,4932.YOR353C,5,0.420,0.024,0.714
1598,414,4932.YIL129C,5,0.420,0.024,0.714
1599,415,4932.YML055W,3,0.500,0.000,1.000
1600,415,4932.YLR066W,3,0.500,0.000,1.000
1601,415,4932.YJR010C-A,3,0.500,0.000,1.000
1602,415,4932.YIR022W,3,0.500,0.000,1.000
1603,416,4932.YEL076C,4,0.447,0.000,1.000
1604,416,4932.YEL077C,4,0.447,0.000,1.000
1605,416,4932.YEL075W-A,4,0.447,0.000,1.000
1606,416,4932.YEL075C,4,0.447,0.000,1.000
1607,416,4932.YEL074W,4,0.447,0.000,1.000
1608,417,4932.YGL045W,6,0.362,0.000,0.750
1609,417,4932.YOR030W,6,0.362,0.000,0.750
1610,417,4932.YNL294C,6,0.362,0.000,0.750
1611,417,4932.YMR063W,6,0.362,0.000,0.750
1612,417,4932.YHL027W,7,0.379,0.089,0.875
1613,417,4932.YMR154C,7,0.379,0.089,0.875
1614,418,4932.YDL195W,0,1.000,0.000,1.000
1615,419,4932.YOR385W,1,0.707,0.000,0.500
1616,419,4932.YOL016C,1,0.707,0.000,0.500
1617,420,4932.YOR087W,4,0.364,0.018,0.500
1618,420,4932.YGL006W,5,0.372,0.223,0.625
1619,420,4932.YNL291C,5,0.396,0.062,0.625
1620,420,4932.YNL027W,4,0.364,0.018,0.500
1621,421,4932.YGL167C,0,0.577,0.000,0.000
1622,421,4932.YIR018W,0,0.577,0.000,0.000
1623,421,4932.YMR034C,0,0.577,0.000,0.000
1624,422,4932.YDR126W,1,0.707,0.000,0.333
1625,422,4932.YDR459C,1,0.707,0.000,0.333
1626,423,4932.YDL240W,0,1.000,0.000,1.000
1627,424,4932.YLR305C,3,0.557,0.167,1.000
1628,424,4932.YMR212C,3,0.557,0.167,1.000
1629,425,4932.YDR273W,0,0.707,0.000,0.000
1630,425,4932.YLR422W,0,0.707,0.000,0.000
1631,426,4932.YOR269W,0,1.000,0.000,1.000
1632,427,4932.YJR134C,0,0.707,0.000,0.000
1633,427,4932.YDR517W,0,0.707,0.000,0.000
1634,428,4932.YIL177C,0,1.000,0.000,1.000
1635,429,4932.YML133W-A,2,0.577,0.000,1.000
1636,429,4932.YML133W-B,2,0.577,0.000,1.000
1637,429,4932.YML133C,2,0.577,0.000,1.000
1638,430,4932.YDR521W,2,0.523,0.000,0.667
1639,430,4932.YKL102C,2,0.523,0.000,0.667
1640,431,4932.YLL067C,0,1.000,0.000,1.000
1641,432,4932.YDL124W,0,1.000,0.000,1.000
1642,433,4932.YKL096W-A,0,0.577,0.000,0.000
1643,433,4932.YJL159W,0,0.577,0.000,0.000
1644,433,4932.YER150W,0,0.577,0.000,0.000
1645,434,4932.YKL130C,0,0.447,0.000,0.000
1646,434,4932.YBL091C-A,0,0.447,0.000,0.000
1647,434,4932.YML072C,0,0.447,0.000,0.000
1648,434,4932.YHR195W,0,0.447,0.000,0.000
1649,434,4932.YER120W,0,0.447,0.000,0.000
1650,435,4932.YNL160W,0,1.000,0.000,1.000
1651,436,4932.YDR150W,0,1.000,0.000,1.000
1652,437,4932.YOR357C,7,0.315,0.010,0.583
1653,437,4932.YOR132W,8,0.344,0.020,0.667
1654,437,4932.YJL036W,7,0.277,0.061,0.583
1655,437,4932.YOR069W,7,0.311,0.010,0.583
1656,438,4932.YBR086C,0,1.000,0.000,1.000
1657,439,4932.YDR484W,3,0.469,0.071,0.429
1658,439,4932.YDR027C,3,0.469,0.071,0.429
1659,439,4932.YKR020W,2,0.330,0.000,0.286
1660,440,4932.YMR079W,0,1.000,0.000,1.000
1661,441,4932.YGR202C,0,0.707,0.000,0.000
1662,441,4932.YOR086C,0,0.707,0.000,0.000
1663,442,4932.YPL272C,0,0.707,0.000,0.000
1664,442,4932.YJL145W,0,0.707,0.000,0.000
1665,443,4932.YCR091W,0,0.000,0.000,0.000
1666,443,4932.YMR010W,0,0.000,0.000,0.000
1667,443,4932.YNR047W,0,0.000,0.000,0.000
1668,443,4932.YNR048W,0,0.000,0.000,0.000
1669,444,4932.YDR093W,1,0.500,0.000,0.333
1670,444,4932.YAL026C,1,0.500,0.000,0.333
1671,445,4932.YIL048W,2,0.577,0.000,1.000
1672,445,4932.YDR141C,2,0.577,0.000,1.000
1673,445,4932.YNL297C,2,0.577,0.000,1.000
1674,446,4932.YHR143W,7,0.363,0.015,0.500
1675,446,4932.YBR158W,5,0.272,0.000,0.357
1676,446,4932.YGL028C,7,0.363,0.015,0.500
1677,446,4932.YNR067C,6,0.327,0.000,0.429
1678,446,4932.YER124C,7,0.363,0.015,0.500
1679,446,4932.YNL327W,7,0.363,0.015,0.500
1680,446,4932.YNL066W,7,0.363,0.015,0.500
1681,447,4932.YBR280C,1,0.707,0.000,1.000
1682,447,4932.YLR097C,1,0.707,0.000,1.000
1683,448,4932.YGR003W,0,1.000,0.000,1.000
1684,449,4932.YLR380W,0,0.707,0.000,0.000
1685,449,4932.YNL264C,0,0.707,0.000,0.000
1686,450,4932.YFL059W,5,0.408,0.000,1.000
1687,450,4932.YMR096W,5,0.408,0.000,1.000
1688,450,4932.YNL334C,5,0.408,0.000,1.000
1689,450,4932.YMR095C,5,0.408,0.000,1.000
1690,450,4932.YNL333W,5,0.408,0.000,1.000
1691,450,4932.YFL060C,5,0.408,0.000,1.000
1692,451,4932.YNL086W,5,0.408,0.000,1.000
1693,451,4932.YDR357C,5,0.408,0.000,1.000
1694,451,4932.YGL079W,5,0.408,0.000,1.000
1695,451,4932.YEL005C,5,0.408,0.000,1.000
1696,451,4932.YLR408C,5,0.408,0.000,1.000
1697,451,4932.YKL061W,5,0.408,0.000,1.000
1698,452,4932.YLR253W,0,0.577,0.000,0.000
1699,452,4932.YDR104C,0,0.577,0.000,0.000
1700,452,4932.YHR105W,0,0.577,0.000,0.000
1701,453,4932.YOR042W,0,1.000,0.000,1.000
1702,454,4932.YHR192W,3,0.500,0.000,1.000
1703,454,4932.YPR028W,3,0.500,0.000,1.000
1704,454,4932.YDR233C,3,0.500,0.000,1.000
1705,454,4932.YOR165W,3,0.500,0.000,1.000
1706,455,4932.YCR079W,1,0.707,0.000,1.000
1707,455,4932.YOR090C,1,0.707,0.000,1.000
1708,456,4932.YMR247C,0,1.000,0.000,1.000
1709,457,4932.YKR023W,3,0.470,0.083,0.750
1710,457,4932.YPL009C,3,0.470,0.083,0.750
1711,458,4932.YDL198C,0,1.000,0.000,1.000
1712,459,4932.YPL249C,0,0.707,0.000,0.000
1713,459,4932.YGR100W,0,0.707,0.000,0.000
1714,460,4932.YDR461W,6,0.329,0.024,0.500
1715,460,4932.YNL145W,5,0.277,0.012,0.417
1716,460,4932.YGL089C,6,0.316,0.043,0.500
1717,460,4932.YIL015W,6,0.320,0.033,0.500
1718,461,4932.YNL065W,0,0.447,0.000,0.000
1719,461,4932.YIL121W,0,0.447,0.000,0.000
1720,461,4932.YPR008W,0,0.447,0.000,0.000
1721,461,4932.YPR157W,0,0.447,0.000,0.000
1722,461,4932.YIL120W,0,0.447,0.000,0.000
1723,462,4932.YBR057C,2,0.497,0.000,0.500
1724,462,4932.YNL196C,2,0.497,0.000,0.500
1725,463,4932.YJR094C,0,1.000,0.000,1.000
1726,464,4932.YFL064C,3,0.482,0.000,0.600
1727,464,4932.YFL065C,3,0.482,0.000,0.600
1728,465,4932.YJL073W,0,1.000,0.000,1.000
1729,466,4932.YJR131W,0,1.000,0.000,1.000
1730,467,4932.YGR225W,0,1.000,0.000,1.000
1731,468,4932.YGL117W,0,1.000,0.000,1.000
1732,469,4932.YOR271C,0,1.000,0.000,1.000
1733,470,4932.YNL322C,0,0.577,0.000,0.000
1734,470,4932.YMR200W,0,0.577,0.000,0.000
1735,470,4932.YDR221W,0,0.577,0.000,0.000
1736,471,4932.YOR066W,0,1.000,0.000,1.000
1737,472,4932.YGL141W,0,0.577,0.000,0.000
1738,472,4932.YMR100W,0,0.577,0.000,0.000
1739,472,4932.YKL010C,0,0.577,0.000,0.000
1740,473,4932.YHR009C,0,0.707,0.000,0.000
1741,473,4932.YDL025C,0,0.707,0.000,0.000
1742,474,4932.YJR089W,0,1.000,0.000,1.000
1743,475,4932.YGL071W,0,1.000,0.000,1.000
1744,476,4932.YCR040W,4,0.436,0.083,0.800
1745,476,4932.YCL067C,4,0.436,0.083,0.800
1746,477,4932.YDR084C,0,0.707,0.000,0.000
1747,477,4932.YKR088C,0,0.707,0.000,0.000
1748,478,4932.YDR100W,1,0.707,0.000,1.000
1749,478,4932.YMR071C,1,0.707,0.000,1.000
1750,479,4932.YNR055C,0,0.707,0.000,0.000
1751,479,4932.YLL028W,0,0.707,0.000,0.000
1752,480,4932.YBR008C,0,1.000,0.000,1.000
1753,481,4932.YDR490C,3,0.439,0.000,0.600
1754,481,4932.YOL100W,3,0.439,0.000,0.600
1755,482,4932.YOL101C,2,0.577,0.000,1.000
1756,482,4932.YLR023C,2,0.577,0.000,1.000
1757,482,4932.YJL056C,2,0.577,0.000,1.000
1758,483,4932.YOR043W,0,1.000,0.000,1.000
1759,484,4932.YDR497C,0,1.000,0.000,1.000
1760,485,4932.YPL092W,0,1.000,0.000,1.000
1761,486,4932.YER157W,8,0.358,0.036,1.000
1762,486,4932.YML071C,8,0.358,0.036,1.000
1763,486,4932.YGR120C,7,0.335,0.000,0.875
1764,486,4932.YNL041C,8,0.358,0.036,1.000
1765,486,4932.YGL223C,7,0.335,0.000,0.875
1766,486,4932.YGL005C,7,0.335,0.000,0.875
1767,486,4932.YPR105C,8,0.358,0.036,1.000
1768,486,4932.YNL051W,7,0.335,0.000,0.875
1769,487,4932.YGL038C,0,1.000,0.000,1.000
1770,488,4932.YCR089W,0,0.577,0.000,0.000
1771,488,4932.YLR452C,0,0.577,0.000,0.000
1772,488,4932.YGL032C,0,0.577,0.000,0.000
1773,489,4932.YMR216C,0,1.000,0.000,1.000
1774,490,4932.YJL186W,2,0.412,0.000,0.400
1775,490,4932.YKL201C,2,0.412,0.000,0.400
1776,491,4932.YPL053C,0,1.000,0.000,1.000
1777,492,4932.YDR089W,0,1.000,0.000,1.000
1778,493,4932.YOR220W,0,0.707,0.000,0.000
1779,493,4932.YMR316W,0,0.707,0.000,0.000
1780,494,4932.YBR260C,0,1.000,0.000,1.000
1781,495,4932.YGR004W,0,0.577,0.000,0.000
1782,495,4932.YDR479C,0,0.577,0.000,0.000
1783,495,4932.YBR168W,0,0.577,0.000,0.000
1784,496,4932.YLR324W,0,0.707,0.000,0.000
1785,496,4932.YHR150W,0,0.707,0.000,0.000
1786,497,4932.YGR184C,0,1.000,0.000,1.000
1787,498,4932.YNL008C,1,0.707,0.000,1.000
1788,498,4932.YMR119W,1,0.707,0.000,1.000
1789,499,4932.YJR152W,0,0.707,0.000,0.000
1790,499,4932.YKR039W,0,0.707,0.000,0.000
1791,500,4932.YGL102C,0,0.577,0.000,0.000
1792,500,4932.YGL217C,0,0.577,0.000,0.000
1793,500,4932.YLL038C,0,0.577,0.000,0.000
1794,501,4932.YFL048C,0,1.000,0.000,1.000
1795,502,4932.YGR172C,3,0.557,0.167,1.000
1796,502,4932.YGL198W,3,0.557,0.167,1.000
1797,503,4932.YLR246W,0,0.707,0.000,0.000
1798,503,4932.YDR264C,0,0.707,0.000,0.000
1799,504,4932.YBR187W,0,1.000,0.000,1.000
1800,505,4932.YPL199C,0,0.707,0.000,0.000
1801,505,4932.YER123W,0,0.707,0.000,0.000
1802,506,4932.YJL151C,0,1.000,0.000,1.000
1803,507,4932.YOL073C,0,1.000,0.000,1.000
1804,508,4932.YOL042W,0,1.000,0.000,1.000
1805,509,4932.YDR135C,0,0.707,0.000,0.000
1806,509,4932.YLL048C,0,0.707,0.000,0.000
1807,510,4932.YBR053C,0,1.000,0.000,1.000
1808,511,4932.YMR041C,0,0.500,0.000,0.000
1809,511,4932.YBR056W,0,0.500,0.000,0.000
1810,511,4932.YBR149W,0,0.500,0.000,0.000
1811,511,4932.YAL008W,0,0.500,0.000,0.000
1812,512,4932.YLR410W,3,0.467,0.000,0.600
1813,512,4932.YDR315C,3,0.467,0.000,0.600
1814,513,4932.YPR199C,2,0.577,0.000,1.000
1815,513,4932.YPR200C,2,0.577,0.000,1.000
1816,513,4932.YPR201W,2,0.577,0.000,1.000
1817,514,4932.YBR030W,3,0.500,0.000,1.000
1818,514,4932.YDR257C,3,0.500,0.000,1.000
1819,514,4932.YPL208W,3,0.500,0.000,1.000
1820,514,4932.YDR198C,3,0.500,0.000,1.000
1821,515,4932.YOR328W,0,0.577,0.000,0.000
1822,515,4932.YDR406W,0,0.577,0.000,0.000
1823,515,4932.YGL013C,0,0.577,0.000,0.000
1824,516,4932.YER049W,0,1.000,0.000,1.000
1825,517,4932.YOL070C,1,0.707,0.000,1.000
1826,517,4932.YNL078W,1,0.707,0.000,1.000
1827,518,4932.YFL057C,2,0.577,0.000,1.000
1828,518,4932.YDL243C,2,0.577,0.000,1.000
1829,518,4932.YFL056C,2,0.577,0.000,1.000
1830,519,4932.YOR053W,0,1.000,0.000,1.000
1831,520,4932.YDR545W,0,0.577,0.000,0.000
1832,520,4932.YOR396W,0,0.577,0.000,0.000
1833,520,4932.YOR394C-A,0,0.577,0.000,0.000
1834,521,4932.YDR545C-A,0,1.000,0.000,1.000
1835,522,4932.YOR396C-A,0,1.000,0.000,1.000
1836,523,4932.YPL058C,0,1.000,0.000,1.000
1837,524,4932.YBR078W,0,0.707,0.000,0.000
1838,524,4932.YOR386W,0,0.707,0.000,0.000
1839,525,4932.YOR252W,0,1.000,0.000,1.000
1840,526,4932.YOL110W,0,1.000,0.000,1.000
1841,527,4932.YIR003W,0,1.000,0.000,1.000
1842,528,4932.YMR031C,0,0.500,0.000,0.000
1843,528,4932.YKL142W,0,0.500,0.000,0.000
1844,528,4932.YML052W,0,0.500,0.000,0.000
1845,528,4932.YPR149W,0,0.500,0.000,0.000
1846,529,4932.YBL005W,0,1.000,0.000,1.000
1847,530,4932.YFR018C,0,1.000,0.000,1.000
1848,531,4932.YOR242C,0,1.000,0.000,1.000
1849,532,4932.YJL059W,0,1.000,0.000,1.000
1850,533,4932.YCL001W-A,2,0.577,0.000,1.000
1851,533,4932.YCR024C-B,2,0.577,0.000,1.000
1852,533,4932.YCL042W,2,0.577,0.000,1.000
1853,534,4932.YBL049W,0,1.000,0.000,1.000
1854,535,4932.YGL146C,0,0.707,0.000,0.000
1855,535,4932.YGL139W,0,0.707,0.000,0.000
1856,536,4932.YGL140C,0,1.000,0.000,1.000
1857,537,4932.YML086C,0,1.000,0.000,1.000
1858,538,4932.YOR193W,0,1.000,0.000,1.000
1859,539,4932.YLR065C,0,1.000,0.000,1.000
1860,540,4932.YOR344C,0,0.577,0.000,0.000
1861,540,4932.YDL046W,0,0.577,0.000,0.000
1862,540,4932.YPL075W,0,0.577,0.000,0.000
1863,541,4932.YOR383C,0,1.000,0.000,1.000
1864,542,4932.YJL223C,20,0.239,0.016,1.000
1865,542,4932.YGR294W,19,0.234,0.008,0.950
1866,542,4932.YIR041W,20,0.239,0.016,1.000
1867,542,4932.YMR325W,20,0.239,0.016,1.000
1868,542,4932.YCR104W,20,0.239,0.016,1.000
1869,542,4932.YIL176C,20,0.239,0.016,1.000
1870,542,4932.YLL064C,18,0.227,0.003,0.900
1871,542,4932.YNR076W,19,0.232,0.011,0.950
1872,542,4932.YLR461W,18,0.227,0.003,0.900
1873,542,4932.YBR301W,19,0.232,0.011,0.950
1874,543,4932.YLR047C,0,1.000,0.000,1.000
1875,544,4932.YNL158W,0,1.000,0.000,1.000
1876,545,4932.YNR044W,0,1.000,0.000,1.000
1877,546,4932.YBR294W,0,0.707,0.000,0.000
1878,546,4932.YDR250C,0,0.707,0.000,0.000
1879,547,4932.YGR125W,0,1.000,0.000,1.000
1880,548,4932.YER035W,0,1.000,0.000,1.000
1881,549,4932.YHR139C,0,0.707,0.000,0.000
1882,549,4932.YDR402C,0,0.707,0.000,0.000
1883,550,4932.YLL059C,0,0.707,0.000,0.000
1884,550,4932.YML131W,0,0.707,0.000,0.000
1885,551,4932.YLL056C,0,1.000,0.000,1.000
1886,552,4932.YPL006W,0,0.707,0.000,0.000
1887,552,4932.YNL199C,0,0.707,0.000,0.000
1888,553,4932.YER039C,0,1.000,0.000,1.000
1889,554,4932.YBL109W,3,0.500,0.000,1.000
1890,554,4932.YBL113C,3,0.500,0.000,1.000
1891,554,4932.YBL113W-A,3,0.500,0.000,1.000
1892,554,4932.YBL111C,3,0.500,0.000,1.000
1893,555,4932.YEL004W,0,1.000,0.000,1.000
1894,556,4932.YDR085C,0,1.000,0.000,1.000
1895,557,4932.YLR465C,1,0.707,0.000,0.500
1896,557,4932.YLR463C,1,0.707,0.000,0.500
1897,558,4932.YLR466C-B,0,1.000,0.000,1.000
1898,559,4932.YNL101W,0,0.577,0.000,0.000
1899,559,4932.YBR293W,0,0.577,0.000,0.000
1900,559,4932.YKL146W,0,0.577,0.000,0.000
1901,560,4932.YIL088C,0,0.577,0.000,0.000
1902,560,4932.YER119C,0,0.577,0.000,0.000
1903,560,4932.YCL038C,0,0.577,0.000,0.000
1904,561,4932.YPR156C,1,0.707,0.000,0.500
1905,561,4932.YGR138C,1,0.707,0.000,0.500
1906,562,4932.YLR156W,0,1.000,0.000,1.000
1907,563,4932.YBL108W,0,0.000,0.000,0.000
1908,563,4932.YDR544C,0,0.000,0.000,0.000
1909,563,4932.YER190W,0,0.000,0.000,0.000
1910,563,4932.YHR217C,0,0.000,0.000,0.000
1911,564,4932.YHR219W,0,1.000,0.000,1.000
1912,565,4932.YKL225W,1,0.500,0.000,0.250
1913,565,4932.YNR077C,1,0.500,0.000,0.250
1914,566,4932.YER189W,1,0.707,0.000,1.000
1915,566,4932.YER188C-A,1,0.707,0.000,1.000
1916,567,4932.YHL050W-A,0,1.000,0.000,1.000
1917,568,4932.YNL018C,0,0.577,0.000,0.000
1918,568,4932.YFL051C,0,0.577,0.000,0.000
1919,568,4932.YNL034W,0,0.577,0.000,0.000
1920,569,4932.YNL033W,0,0.707,0.000,0.000
1921,569,4932.YNL019C,0,0.707,0.000,0.000
