,cluster,protein,degree,eigenvector_centrality,betweenness_centrality,degree_centrality
0,0,Q0092,2,0.161,0.000,0.286
1,0,Q0142,1,0.078,0.000,0.143
2,1,YLR369W,8,0.229,0.002,0.727
3,1,YPL135W,10,0.279,0.007,0.909
4,1,YOR226C,10,0.279,0.007,0.909
5,2,YDL120W,2,0.577,0.000,1.000
6,2,YGL018C,2,0.577,0.000,1.000
7,2,YMR301C,2,0.577,0.000,1.000
8,3,YHR024C,1,0.146,0.000,0.167
9,3,YNL310C,2,0.267,0.000,0.333
10,3,YEL030W,2,0.267,0.000,0.333
11,4,YPL202C,2,0.220,0.000,0.333
12,4,YLL029W,2,0.220,0.000,0.333
13,5,YJR017C,4,0.017,0.000,0.066
14,5,YPR133C,9,0.040,0.000,0.148
15,5,YDR156W,7,0.036,0.000,0.115
16,5,YML112W,5,0.021,0.000,0.082
17,5,YKL005C,3,0.015,0.000,0.049
18,5,YDR289C,5,0.029,0.000,0.082
19,5,YPL228W,3,0.006,0.000,0.049
20,5,YMR039C,3,0.019,0.000,0.049
21,5,YLR226W,10,0.032,0.002,0.164
22,5,YJR072C,5,0.025,0.001,0.082
23,5,YGL130W,4,0.014,0.001,0.066
24,5,YBR236C,5,0.018,0.002,0.082
25,5,YFR016C,1,0.002,0.000,0.016
26,5,YLR243W,5,0.022,0.000,0.082
27,5,YJL148W,7,0.036,0.000,0.115
28,5,YPR161C,9,0.037,0.001,0.148
29,6,YBL022C,0,1.000,0.000,1.000
30,7,YDR397C,3,0.026,0.000,0.077
31,7,YML015C,13,0.093,0.000,0.333
32,7,YPL011C,13,0.093,0.000,0.333
33,7,YER159C,3,0.026,0.000,0.077
34,7,YCR042C,13,0.093,0.000,0.333
35,7,YPL082C,5,0.047,0.005,0.128
36,7,YBR198C,13,0.093,0.000,0.333
37,7,YMR005W,13,0.093,0.000,0.333
38,7,YGL112C,13,0.093,0.000,0.333
39,7,YDR145W,13,0.093,0.000,0.333
40,7,YML114C,13,0.093,0.000,0.333
41,7,YML098W,13,0.093,0.000,0.333
42,7,YDL070W,2,0.012,0.000,0.051
43,7,YKL125W,4,0.064,0.000,0.103
44,7,YMR236W,13,0.093,0.000,0.333
45,8,YOR174W,20,0.198,0.000,0.833
46,8,YGL025C,20,0.198,0.000,0.833
47,8,YNL025C,13,0.123,0.001,0.542
48,8,YCR081W,12,0.113,0.001,0.500
49,8,YPR070W,20,0.198,0.000,0.833
50,8,YHR041C,20,0.198,0.000,0.833
51,8,YMR112C,19,0.189,0.000,0.792
52,8,YPL042C,17,0.160,0.004,0.708
53,8,YDR443C,14,0.132,0.001,0.583
54,8,YBR253W,20,0.198,0.000,0.833
55,8,YBR193C,20,0.198,0.000,0.833
56,9,YLR055C,14,0.252,0.000,0.875
57,9,YMR223W,14,0.252,0.000,0.875
58,9,YER164W,14,0.252,0.000,0.875
59,9,YOR023C,7,0.115,0.006,0.438
60,9,YPL047W,14,0.252,0.000,0.875
61,9,YBR081C,14,0.252,0.000,0.875
62,9,YDR392W,14,0.252,0.000,0.875
63,9,YOL148C,14,0.252,0.000,0.875
64,9,YGL066W,14,0.252,0.000,0.875
65,9,YCR082W,4,0.064,0.000,0.250
66,9,YBR111W-A,14,0.252,0.000,0.875
67,10,YDR202C,2,0.048,0.000,0.071
68,10,YMR168C,2,0.048,0.000,0.071
69,10,YMR094W,2,0.048,0.000,0.071
70,10,YJL149W,1,0.042,0.000,0.036
71,10,YMR258C,1,0.042,0.000,0.036
72,10,YJR033C,2,0.048,0.000,0.071
73,10,YLR368W,1,0.042,0.000,0.036
74,10,YNL311C,1,0.042,0.000,0.036
75,10,YER143W,1,0.009,0.000,0.036
76,11,YHR187W,6,0.199,0.003,0.545
77,11,YML014W,6,0.206,0.000,0.545
78,11,YKL110C,7,0.233,0.006,0.636
79,12,YBR155W,7,0.233,0.004,0.583
80,12,YGR123C,3,0.109,0.000,0.250
81,12,YOR057W,6,0.209,0.000,0.500
82,12,YOR298C-A,6,0.206,0.000,0.500
83,13,YPR031W,3,0.482,0.000,0.750
84,13,YKL017C,1,0.170,0.000,0.250
85,13,YLR455W,3,0.482,0.000,0.750
86,14,YBR089C-A,2,0.435,0.000,0.667
87,14,YPR052C,2,0.435,0.000,0.667
88,15,YKL054C,1,0.500,0.000,0.500
89,15,YDR030C,1,0.500,0.000,0.500
90,16,YPR204W,1,0.001,0.000,0.005
91,16,YOR119C,28,0.019,0.000,0.139
92,16,YDR361C,47,0.033,0.000,0.234
93,16,YLR336C,46,0.032,0.000,0.229
94,16,YLR022C,7,0.004,0.000,0.035
95,16,YLR401C,1,0.001,0.000,0.005
96,16,YDR161W,39,0.027,0.000,0.194
97,16,YOR046C,43,0.030,0.000,0.214
98,16,YJR041C,22,0.015,0.000,0.109
99,16,YAL059W,57,0.037,0.000,0.284
100,16,YBR267W,64,0.041,0.001,0.318
101,16,YBR034C,37,0.027,0.000,0.184
102,16,YOR061W,57,0.040,0.000,0.284
103,16,YLR449W,51,0.037,0.000,0.254
104,16,YDR412W,19,0.014,0.000,0.095
105,16,YNL163C,4,0.002,0.000,0.020
106,16,YGL019W,58,0.040,0.000,0.289
107,16,YLR068W,3,0.002,0.000,0.015
108,16,YKR056W,25,0.019,0.000,0.124
109,16,YIR012W,61,0.040,0.000,0.303
110,16,YBL028C,58,0.037,0.000,0.289
111,16,YKL014C,46,0.032,0.001,0.229
112,16,YDL167C,9,0.006,0.000,0.045
113,16,YNL227C,52,0.033,0.000,0.259
114,16,YOR309C,11,0.009,0.000,0.055
115,16,YGR187C,12,0.009,0.000,0.060
116,16,YER036C,53,0.035,0.000,0.264
117,16,YDR184C,5,0.003,0.000,0.025
118,16,YJL122W,45,0.029,0.000,0.224
119,16,YNL175C,54,0.040,0.000,0.269
120,16,YOL144W,9,0.005,0.000,0.045
121,16,YIR026C,53,0.034,0.000,0.264
122,16,YML074C,26,0.019,0.000,0.129
123,16,YPL263C,3,0.002,0.000,0.015
124,16,YMR269W,4,0.003,0.000,0.020
125,16,YLR221C,57,0.036,0.001,0.284
126,16,YDL063C,57,0.040,0.001,0.284
127,16,YER156C,1,0.001,0.000,0.005
128,16,YDR194C,22,0.016,0.000,0.109
129,16,YJR091C,1,0.001,0.000,0.005
130,16,YOL080C,28,0.020,0.000,0.139
131,16,YGR271C-A,29,0.019,0.000,0.144
132,16,YPL239W,3,0.002,0.000,0.015
133,16,YHR089C,27,0.018,0.000,0.134
134,16,YNL124W,33,0.025,0.000,0.164
135,16,YMR239C,25,0.017,0.000,0.124
136,16,YBR192W,3,0.002,0.000,0.015
137,16,YGL014W,1,0.001,0.000,0.005
138,16,YDR174W,22,0.015,0.000,0.109
139,16,YOR039W,51,0.036,0.000,0.254
140,16,YNL035C,1,0.001,0.000,0.005
141,17,YKL126W,0,0.000,0.000,0.000
142,18,YDR293C,4,0.061,0.000,0.148
143,18,YIL079C,8,0.065,0.004,0.296
144,18,YLR430W,5,0.029,0.001,0.185
145,18,YNL251C,4,0.026,0.001,0.148
146,18,YPL190C,7,0.048,0.004,0.259
147,18,YDL175C,8,0.065,0.004,0.296
148,18,YDR374C,1,0.017,0.000,0.037
149,19,YML005W,4,0.447,0.000,1.000
150,19,YOL141W,4,0.447,0.000,1.000
151,19,YGL050W,4,0.447,0.000,1.000
152,19,YPL207W,4,0.447,0.000,1.000
153,19,YHR070W,4,0.447,0.000,1.000
154,20,YNR012W,3,0.166,0.000,0.250
155,20,YEL063C,4,0.174,0.000,0.333
156,20,YOR202W,4,0.174,0.000,0.333
157,20,YOR128C,4,0.174,0.000,0.333
158,20,YDR007W,4,0.174,0.000,0.333
159,20,YDR020C,3,0.166,0.000,0.250
160,21,YER005W,0,1.000,0.000,1.000
161,22,YHR128W,2,0.351,0.000,0.500
162,22,YHR144C,2,0.351,0.000,0.500
163,23,YEL034W,89,0.052,0.000,0.553
164,23,YAL003W,136,0.078,0.002,0.845
165,23,YFL034C-A,139,0.081,0.000,0.863
166,23,YLR150W,68,0.040,0.000,0.422
167,23,YBR079C,60,0.032,0.002,0.373
168,23,YGR054W,61,0.035,0.000,0.379
169,23,YNL209W,37,0.022,0.000,0.230
170,23,YMR146C,102,0.057,0.005,0.634
171,23,YAL035W,121,0.068,0.001,0.752
172,23,YDL081C,140,0.082,0.000,0.870
173,23,YPL220W,141,0.082,0.000,0.876
174,23,YGL135W,141,0.082,0.000,0.876
175,23,YGR201C,6,0.004,0.000,0.037
176,23,YDL130W,139,0.081,0.000,0.863
177,23,YIL052C,141,0.082,0.000,0.876
178,23,YFR032C-A,142,0.082,0.000,0.882
179,23,YDR385W,142,0.082,0.000,0.882
180,23,YNL001W,40,0.024,0.000,0.248
181,23,YDR500C,139,0.081,0.000,0.863
182,23,YNL244C,57,0.031,0.000,0.354
183,23,YGR169C-A,2,0.001,0.000,0.012
184,23,YNL069C,140,0.081,0.000,0.870
185,23,YOR361C,68,0.037,0.002,0.422
186,23,YGR034W,140,0.081,0.000,0.870
187,23,YKL056C,132,0.077,0.000,0.820
188,23,YLR185W,140,0.081,0.000,0.870
189,23,YLR387C,12,0.007,0.000,0.075
190,23,YOR133W,141,0.081,0.000,0.876
191,23,YMR260C,66,0.037,0.000,0.410
192,23,YHR193C,85,0.049,0.000,0.528
193,23,YDR417C,1,0.001,0.000,0.006
194,23,YDR429C,85,0.047,0.003,0.528
195,23,YPR016C,81,0.046,0.000,0.503
196,23,YIL148W,142,0.082,0.001,0.882
197,23,YJL136C,142,0.082,0.000,0.882
198,23,YPL249C-A,141,0.082,0.000,0.876
199,23,YMR309C,58,0.031,0.001,0.360
200,23,YNL002C,138,0.080,0.000,0.857
201,23,YLR192C,42,0.023,0.000,0.261
202,23,YPL037C,44,0.026,0.000,0.273
203,23,YMR012W,5,0.001,0.000,0.031
204,24,YKL081W,1,0.500,0.000,0.500
205,24,YPL048W,1,0.500,0.000,0.500
206,25,YBR118W,1,0.707,0.000,1.000
207,25,YGR211W,1,0.707,0.000,1.000
208,26,YKR006C,21,0.042,0.000,0.256
209,26,YKL155C,28,0.054,0.000,0.341
210,26,YNR022C,14,0.028,0.000,0.171
211,26,YGL068W,43,0.084,0.001,0.524
212,26,YIL093C,45,0.086,0.001,0.549
213,26,YNL122C,38,0.076,0.001,0.463
214,26,YDR115W,43,0.085,0.001,0.524
215,26,YGL107C,1,0.001,0.000,0.012
216,26,Q0140,32,0.061,0.000,0.390
217,26,YHR038W,17,0.033,0.000,0.207
218,26,YMR225C,3,0.005,0.000,0.037
219,26,YOR158W,34,0.064,0.000,0.415
220,26,YGR150C,1,0.002,0.000,0.012
221,26,YBR268W,37,0.074,0.004,0.451
222,26,YDL202W,27,0.054,0.001,0.329
223,26,YDR116C,43,0.087,0.000,0.524
224,26,YGR084C,36,0.068,0.000,0.439
225,26,YLR069C,12,0.022,0.000,0.146
226,26,YDR494W,31,0.058,0.024,0.378
227,26,YPR099C,1,0.002,0.000,0.012
228,26,YJL096W,18,0.036,0.000,0.220
229,27,YPR041W,3,0.500,0.000,1.000
230,27,YER025W,3,0.500,0.000,1.000
231,27,YPL237W,3,0.500,0.000,1.000
232,27,YJR007W,3,0.500,0.000,1.000
233,28,YER144C,1,0.214,0.000,0.200
234,28,YKL090W,1,0.214,0.000,0.200
235,29,YJR064W,0,1.000,0.000,1.000
236,30,YPR080W,0,1.000,0.000,1.000
237,31,YDL143W,6,0.378,0.000,1.000
238,31,YDR188W,6,0.378,0.000,1.000
239,31,YIL142W,6,0.378,0.000,1.000
240,31,YJL014W,6,0.378,0.000,1.000
241,31,YJL008C,6,0.378,0.000,1.000
242,31,YDR212W,6,0.378,0.000,1.000
243,31,YJL111W,6,0.378,0.000,1.000
244,32,Q0065,6,0.033,0.000,0.125
245,32,YDR379C-A,3,0.009,0.000,0.062
246,32,Q0070,7,0.038,0.000,0.146
247,32,YML030W,7,0.041,0.000,0.146
248,32,YLR164W,5,0.018,0.000,0.104
249,32,YGL226W,7,0.047,0.000,0.146
250,32,YOL071W,3,0.008,0.000,0.062
251,32,YHR116W,8,0.054,0.000,0.167
252,32,YMR118C,7,0.029,0.001,0.146
253,32,YPR010C-A,2,0.012,0.000,0.042
254,32,Q0060,4,0.026,0.000,0.083
255,32,YPR021C,2,0.013,0.000,0.042
256,32,YJL003W,7,0.046,0.000,0.146
257,33,YDR305C,1,0.121,0.000,0.167
258,33,YKL087C,1,0.177,0.000,0.167
259,34,YLR067C,0,1.000,0.000,1.000
260,35,YJL062W-A,4,0.440,0.000,0.800
261,35,YLR203C,4,0.440,0.000,0.800
262,35,YPL189C-A,1,0.114,0.000,0.200
263,35,YIL157C,4,0.440,0.000,0.800
264,35,YML129C,4,0.440,0.000,0.800
265,36,Q0050,2,0.435,0.000,0.667
266,36,YIR021W,2,0.435,0.000,0.667
267,37,YLR295C,16,0.124,0.066,0.516
268,37,YDR322C-A,10,0.080,0.000,0.323
269,37,YOL077W-A,15,0.124,0.001,0.484
270,37,Q0080,14,0.121,0.000,0.452
271,37,YPR020W,15,0.124,0.001,0.484
272,37,YBL030C,2,0.020,0.000,0.065
273,37,YLR294C,1,0.006,0.000,0.032
274,37,YCL005W-A,12,0.101,0.000,0.387
275,38,Q0055,1,0.707,0.000,1.000
276,38,Q0110,1,0.707,0.000,1.000
277,39,YPL132W,2,0.435,0.000,0.667
278,39,YJR034W,2,0.435,0.000,0.667
279,40,YDR197W,1,0.707,0.000,1.000
280,40,YDL069C,1,0.707,0.000,1.000
281,41,YBR120C,1,0.500,0.000,0.500
282,41,YGR174C,1,0.500,0.000,0.500
283,42,YDL107W,2,0.577,0.000,1.000
284,42,YGR062C,2,0.577,0.000,1.000
285,42,YOR266W,2,0.577,0.000,1.000
286,43,YEL059C-A,1,0.707,0.000,1.000
287,43,YDR231C,1,0.707,0.000,1.000
288,44,YKL011C,1,0.707,0.000,1.000
289,44,YDR296W,1,0.707,0.000,1.000
290,45,YJR119C,3,0.051,0.000,0.100
291,45,YJR140C,6,0.077,0.000,0.200
292,45,YDL139C,5,0.091,0.001,0.167
293,45,YGL060W,2,0.047,0.000,0.067
294,45,YGR270W,3,0.058,0.000,0.100
295,45,YBR215W,7,0.088,0.001,0.233
296,45,YOL054W,4,0.076,0.000,0.133
297,45,YER051W,3,0.051,0.000,0.100
298,46,YBR166C,0,1.000,0.000,1.000
299,47,YJL176C,14,0.153,0.011,0.609
300,47,YHL025W,9,0.089,0.000,0.391
301,47,YDR073W,9,0.089,0.000,0.391
302,47,YOR290C,14,0.153,0.011,0.609
303,47,YFL049W,9,0.089,0.000,0.391
304,47,YNR023W,13,0.141,0.008,0.565
305,48,YDR158W,4,0.447,0.000,1.000
306,48,YJR139C,4,0.447,0.000,1.000
307,48,YCR053W,4,0.447,0.000,1.000
308,48,YER052C,4,0.447,0.000,1.000
309,48,YHR025W,4,0.447,0.000,1.000
310,49,YIL045W,4,0.017,0.000,0.121
311,49,YBR045C,5,0.019,0.000,0.152
312,49,YBR050C,4,0.018,0.000,0.121
313,49,YDR130C,2,0.015,0.000,0.061
314,49,YLR273C,4,0.017,0.000,0.121
315,49,YBL046W,3,0.017,0.000,0.091
316,49,YOR329C,1,0.014,0.000,0.030
317,49,YDR028C,4,0.018,0.000,0.121
318,49,YMR311C,2,0.015,0.000,0.061
319,50,YLR015W,6,0.378,0.000,1.000
320,50,YDR469W,6,0.378,0.000,1.000
321,50,YHR119W,6,0.378,0.000,1.000
322,50,YAR003W,6,0.378,0.000,1.000
323,50,YBR175W,6,0.378,0.000,1.000
324,50,YBR258C,6,0.378,0.000,1.000
325,50,YPL138C,6,0.378,0.000,1.000
326,51,YOR239W,2,0.021,0.000,0.027
327,51,YOR035C,3,0.008,0.000,0.041
328,51,YPL242C,6,0.028,0.001,0.082
329,51,YKL013C,9,0.027,0.001,0.123
330,51,YJL020C,9,0.024,0.002,0.123
331,51,YDL146W,7,0.020,0.000,0.096
332,51,YGR136W,4,0.010,0.000,0.055
333,51,YNL138W,7,0.037,0.000,0.096
334,51,YPR188C,4,0.023,0.000,0.055
335,51,YOR367W,4,0.029,0.000,0.055
336,51,YBR234C,9,0.042,0.002,0.123
337,51,YDR320C,1,0.003,0.000,0.014
338,51,YGL106W,4,0.023,0.000,0.055
339,51,YIL138C,8,0.040,0.000,0.110
340,51,YNL020C,3,0.010,0.000,0.041
341,51,YPR154W,4,0.010,0.000,0.055
342,51,YNL079C,8,0.040,0.000,0.110
343,51,YDR063W,4,0.013,0.000,0.055
344,51,YLR370C,10,0.043,0.005,0.137
345,52,YLR116W,18,0.032,0.001,0.194
346,52,YBL074C,16,0.040,0.000,0.172
347,52,YIL041W,1,0.002,0.000,0.011
348,52,YNR032C-A,13,0.028,0.002,0.140
349,52,YNL286W,17,0.040,0.000,0.183
350,52,YKR022C,13,0.027,0.000,0.140
351,52,YGR075C,27,0.061,0.000,0.290
352,52,YHR156C,16,0.040,0.000,0.172
353,52,YMR268C,14,0.027,0.000,0.151
354,52,YKL183W,1,0.003,0.000,0.011
355,52,YBR119W,33,0.072,0.011,0.355
356,52,YDR240C,32,0.072,0.000,0.344
357,52,YHR086W,35,0.078,0.012,0.376
358,52,YPR152C,4,0.006,0.000,0.043
359,52,YBR237W,23,0.048,0.001,0.247
360,52,YNL187W,2,0.003,0.000,0.022
361,52,YBR188C,15,0.031,0.000,0.161
362,52,YLR424W,28,0.061,0.001,0.301
363,52,YDR235W,33,0.075,0.001,0.355
364,52,YGR013W,34,0.073,0.005,0.366
365,52,YOR148C,4,0.008,0.000,0.043
366,52,YGL128C,16,0.036,0.000,0.172
367,52,YKL074C,34,0.070,0.002,0.366
368,52,YFR005C,9,0.021,0.000,0.097
369,53,YGR208W,1,0.707,0.000,1.000
370,53,YOR184W,1,0.707,0.000,1.000
371,54,YMR125W,1,0.500,0.000,0.500
372,54,YPR057W,1,0.500,0.000,0.500
373,55,YAL027W,2,0.013,0.000,0.035
374,55,YDR419W,7,0.045,0.000,0.123
375,55,YDR263C,4,0.036,0.000,0.070
376,55,YLR035C,2,0.010,0.000,0.035
377,55,YBR098W,8,0.056,0.001,0.140
378,55,YNL218W,3,0.021,0.000,0.053
379,55,YDR363W,3,0.030,0.000,0.053
380,55,YDR499W,7,0.054,0.000,0.123
381,55,YOR191W,4,0.034,0.000,0.070
382,55,YDR014W-A,1,0.012,0.000,0.018
383,55,YNL082W,5,0.027,0.000,0.088
384,55,YMR137C,4,0.031,0.000,0.070
385,55,YAL019W,2,0.018,0.000,0.035
386,55,YDL156W,1,0.008,0.000,0.018
387,55,YOL063C,2,0.016,0.000,0.035
388,56,YBL051C,1,0.707,0.000,1.000
389,56,YMR061W,1,0.707,0.000,1.000
390,57,YGL246C,1,0.500,0.000,0.500
391,57,YDR370C,1,0.500,0.000,0.500
392,58,YJL168C,0,1.000,0.000,1.000
393,59,YLR142W,5,0.378,0.000,0.833
394,59,YHR033W,3,0.235,0.000,0.500
395,60,YBR021W,1,0.116,0.000,0.056
396,60,YIR033W,1,0.116,0.000,0.056
397,60,YPL176C,1,0.116,0.000,0.056
398,60,YLR392C,1,0.116,0.000,0.056
399,60,YPR030W,1,0.116,0.000,0.056
400,60,YOR138C,1,0.116,0.000,0.056
401,60,YGR068C,1,0.116,0.000,0.056
402,60,YKL020C,1,0.116,0.000,0.056
403,60,YGR055W,1,0.079,0.000,0.056
404,60,YMR171C,1,0.116,0.000,0.056
405,61,YMR100W,1,0.282,0.000,0.333
406,62,YJL197W,1,0.154,0.000,0.143
407,62,YNR051C,1,0.090,0.000,0.143
408,62,YDL122W,1,0.154,0.000,0.143
409,63,Q0160,1,0.035,0.000,0.091
410,63,YER019C-A,8,0.265,0.002,0.727
411,63,YER087C-B,8,0.265,0.002,0.727
412,64,YPL241C,4,0.190,0.004,0.400
413,64,YKL079W,3,0.148,0.000,0.300
414,64,YER184C,2,0.099,0.000,0.200
415,65,YOR262W,1,0.707,0.000,1.000
416,65,YDR527W,1,0.707,0.000,1.000
417,66,YDR294C,4,0.137,0.000,0.308
418,66,YER019W,4,0.132,0.002,0.308
419,66,YMR272C,4,0.128,0.000,0.308
420,66,YMR298W,4,0.128,0.000,0.308
421,67,YDL114W,1,0.707,0.000,1.000
422,67,YDR541C,1,0.707,0.000,1.000
423,68,YLR350W,5,0.138,0.000,0.312
424,68,YDR372C,1,0.061,0.000,0.062
425,68,YOL065C,1,0.061,0.000,0.062
426,68,YGR038W,5,0.138,0.000,0.312
427,68,YPL145C,3,0.118,0.004,0.188
428,68,YDR062W,5,0.138,0.000,0.312
429,68,YMR296C,5,0.138,0.000,0.312
430,68,YBR058C-A,5,0.138,0.000,0.312
431,68,YHR073W,2,0.078,0.000,0.125
432,69,YFR041C,2,0.078,0.000,0.074
433,69,YBR219C,1,0.048,0.000,0.037
434,69,YPR037C,1,0.026,0.000,0.037
435,69,YMR161W,1,0.048,0.000,0.037
436,69,YBR220C,1,0.048,0.000,0.037
437,69,YBR287W,1,0.021,0.000,0.037
438,69,YCL001W,3,0.075,0.001,0.111
439,70,YGL017W,1,0.500,0.000,0.500
440,70,YDL020C,1,0.500,0.000,0.500
441,71,YML007W,2,0.577,0.000,1.000
442,71,YIR037W,2,0.577,0.000,1.000
443,71,YBR216C,2,0.577,0.000,1.000
444,72,YGL004C,15,0.066,0.000,0.341
445,72,YPL144W,6,0.015,0.001,0.136
446,72,YKL206C,18,0.069,0.015,0.409
447,72,YBR272C,19,0.084,0.000,0.432
448,72,YDR363W-A,33,0.153,0.000,0.750
449,72,YBR173C,28,0.113,0.042,0.636
450,72,YIL007C,33,0.145,0.004,0.750
451,72,YBR295W,12,0.055,0.000,0.273
452,72,YHL030W,22,0.099,0.001,0.500
453,72,YLR021W,4,0.006,0.000,0.091
454,72,YLR199C,9,0.029,0.004,0.205
455,72,YGR232W,23,0.100,0.001,0.523
456,73,YPL180W,8,0.264,0.000,0.667
457,73,YBR028C,3,0.098,0.000,0.250
458,73,YNL047C,1,0.025,0.000,0.083
459,73,YIL105C,8,0.234,0.167,0.667
460,74,YDR466W,1,0.707,0.000,1.000
461,74,YBL105C,1,0.707,0.000,1.000
462,75,YCR021C,2,0.577,0.000,1.000
463,75,YNL270C,2,0.577,0.000,1.000
464,75,YCR027C,2,0.577,0.000,1.000
465,76,YDL047W,0,1.000,0.000,1.000
466,77,YGR161C,2,0.060,0.000,0.095
467,77,YOR073W,1,0.022,0.000,0.048
468,77,YNL157W,3,0.035,0.000,0.143
469,77,YHR132W-A,3,0.035,0.000,0.143
470,77,YFL033C,3,0.035,0.000,0.143
471,77,YMR273C,2,0.040,0.000,0.095
472,78,YGR083C,5,0.405,0.000,0.833
473,78,YKR026C,5,0.405,0.000,0.833
474,78,YOR260W,5,0.405,0.000,0.833
475,78,YGL230C,1,0.083,0.000,0.167
476,78,YDR211W,5,0.405,0.000,0.833
477,78,YDR283C,5,0.405,0.000,0.833
478,79,YGL073W,0,0.500,0.000,0.000
479,79,YHR206W,0,0.500,0.000,0.000
480,79,YJR147W,0,0.500,0.000,0.000
481,79,YGR249W,0,0.500,0.000,0.000
482,80,YOR152C,2,0.034,0.000,0.083
483,80,YLR312C,3,0.060,0.004,0.125
484,80,YLR356W,2,0.032,0.000,0.083
485,80,YKR051W,1,0.028,0.000,0.042
486,80,YCR032W,1,0.028,0.000,0.042
487,80,YJL185C,5,0.095,0.004,0.208
488,80,YOL083W,3,0.066,0.000,0.125
489,81,YPR085C,3,0.209,0.000,0.333
490,81,YHR040W,2,0.144,0.000,0.222
491,81,YPL193W,2,0.113,0.000,0.222
492,82,YCR075W-A,3,0.439,0.000,0.750
493,82,YGL023C,2,0.307,0.000,0.500
494,83,YGL064C,1,0.226,0.000,0.167
495,83,YKR059W,1,0.226,0.000,0.167
496,84,YMR103C,1,0.707,0.000,1.000
497,84,YMR104C,1,0.707,0.000,1.000
498,85,YLR265C,5,0.359,0.000,0.833
499,85,YMR156C,4,0.294,0.000,0.667
500,85,YGL090W,5,0.359,0.000,0.833
501,86,YML078W,1,0.271,0.000,0.250
502,86,YHR057C,1,0.271,0.000,0.250
503,87,YIL113W,3,0.262,0.012,0.429
504,87,YGR229C,2,0.192,0.000,0.286
505,88,YJR155W,3,0.298,0.000,0.500
506,88,YJR154W,3,0.298,0.000,0.500
507,89,YDR232W,7,0.351,0.000,0.778
508,89,YDL119C,1,0.051,0.000,0.111
509,89,YOR176W,7,0.351,0.000,0.778
510,89,YDL205C,7,0.351,0.000,0.778
511,89,YLR205C,1,0.051,0.000,0.111
512,89,YOR278W,7,0.351,0.000,0.778
513,89,YGL040C,7,0.351,0.000,0.778
514,89,YDR047W,7,0.351,0.000,0.778
515,90,YPR048W,5,0.341,0.000,0.833
516,90,YDR267C,5,0.341,0.000,0.833
517,91,YBL014C,6,0.378,0.000,1.000
518,91,YMR270C,6,0.378,0.000,1.000
519,91,YLR141W,6,0.378,0.000,1.000
520,91,YJL025W,6,0.378,0.000,1.000
521,91,YBL025W,6,0.378,0.000,1.000
522,91,YML043C,6,0.378,0.000,1.000
523,91,YOR295W,6,0.378,0.000,1.000
524,92,YDR034C,1,0.500,0.000,0.500
525,92,YIL036W,1,0.500,0.000,0.500
526,93,YDR335W,7,0.226,0.015,0.538
527,93,YNL189W,9,0.234,0.300,0.692
528,93,YIR011C,1,0.026,0.000,0.077
529,93,YDR458C,1,0.026,0.000,0.077
530,94,YOL012C,0,1.000,0.000,1.000
531,95,YLR081W,5,0.359,0.000,0.833
532,95,YPL248C,4,0.294,0.000,0.667
533,95,YBR018C,5,0.359,0.000,0.833
534,96,YNR029C,1,0.282,0.000,0.333
535,97,YJL004C,1,0.022,0.000,0.091
536,97,YMR185W,1,0.050,0.000,0.091
537,97,YMR069W,2,0.102,0.000,0.182
538,98,YAL036C,2,0.286,0.000,0.333
539,98,YFR009W,1,0.131,0.000,0.167
540,99,YNL315C,1,0.500,0.000,0.500
541,99,YIL098C,1,0.500,0.000,0.500
542,100,YOL027C,1,0.707,0.000,1.000
543,100,YER154W,1,0.707,0.000,1.000
544,101,YOR330C,1,0.408,0.000,0.333
545,101,YMR228W,1,0.408,0.000,0.333
546,101,YDL044C,1,0.408,0.000,0.333
547,102,YNR020C,1,0.707,0.000,1.000
548,102,YLR393W,1,0.707,0.000,1.000
549,103,YHR132C,1,0.144,0.000,0.143
550,103,YOR161C,1,0.144,0.000,0.143
551,104,YMR220W,10,0.126,0.001,0.400
552,104,YML075C,14,0.169,0.007,0.560
553,104,YER044C,13,0.170,0.000,0.520
554,104,YLR450W,11,0.142,0.001,0.440
555,104,YDR213W,3,0.036,0.000,0.120
556,104,YPL069C,8,0.101,0.000,0.320
557,104,YPL170W,1,0.014,0.000,0.040
558,105,YIL049W,3,0.147,0.000,0.300
559,105,YGL155W,2,0.140,0.000,0.200
560,105,YPR122W,4,0.250,0.000,0.400
561,106,YOL008W,3,0.108,0.000,0.250
562,106,YHR176W,1,0.037,0.000,0.083
563,106,YLR290C,7,0.258,0.000,0.583
564,106,YPL109C,1,0.037,0.000,0.083
565,107,YPR180W,8,0.331,0.000,0.800
566,107,YDL064W,8,0.331,0.000,0.800
567,107,YIL031W,8,0.331,0.000,0.800
568,107,YEL019C,8,0.331,0.000,0.800
569,107,YDR409W,8,0.331,0.000,0.800
570,107,YDR390C,8,0.331,0.000,0.800
571,107,YDR510W,8,0.331,0.000,0.800
572,107,YOR156C,8,0.331,0.000,0.800
573,107,YLL035W,2,0.049,0.000,0.200
574,107,YKR063C,2,0.049,0.000,0.200
575,108,YJR074W,2,0.011,0.000,0.056
576,108,YLR018C,13,0.096,0.002,0.361
577,108,YGL238W,3,0.019,0.000,0.083
578,108,YER009W,11,0.050,0.017,0.306
579,108,YMR235C,8,0.041,0.002,0.222
580,108,YDR002W,12,0.074,0.009,0.333
581,108,YML031W,7,0.049,0.000,0.194
582,108,YKR095W,12,0.094,0.001,0.333
583,108,YGL097W,5,0.024,0.000,0.139
584,108,YIL063C,5,0.023,0.000,0.139
585,109,YBR082C,2,0.577,0.000,1.000
586,109,YDR059C,2,0.577,0.000,1.000
587,109,YDR177W,2,0.577,0.000,1.000
588,110,YBR088C,0,1.000,0.000,1.000
589,111,YCR065W,2,0.351,0.000,0.500
590,111,YIL131C,2,0.351,0.000,0.500
591,112,YPR007C,3,0.087,0.000,0.188
592,112,YML023C,6,0.137,0.000,0.375
593,112,YER038C,6,0.137,0.000,0.375
594,112,YDR014W,6,0.165,0.000,0.375
595,112,YER147C,6,0.158,0.000,0.375
596,113,YJL142C,1,0.500,0.000,0.500
597,113,YPL247C,1,0.500,0.000,0.500
598,114,YMR053C,4,0.050,0.000,0.160
599,114,YDR155C,5,0.054,0.000,0.200
600,114,YNL309W,9,0.112,0.004,0.360
601,114,YIL112W,5,0.054,0.000,0.200
602,114,YLR183C,9,0.123,0.001,0.360
603,114,YPL116W,5,0.057,0.001,0.200
604,114,YPR068C,4,0.043,0.000,0.160
605,115,YNL250W,3,0.070,0.000,0.150
606,115,YGL249W,4,0.108,0.005,0.200
607,115,YLR263W,3,0.066,0.002,0.150
608,115,YGL175C,3,0.070,0.000,0.150
609,115,YDR369C,3,0.070,0.000,0.150
610,115,YHR014W,1,0.052,0.000,0.050
611,116,YHR118C,20,0.088,0.000,0.351
612,116,YLR272C,10,0.047,0.000,0.175
613,116,YOR217W,12,0.047,0.001,0.211
614,116,YOL094C,23,0.093,0.003,0.404
615,116,YLR086W,20,0.090,0.001,0.351
616,116,YFR038W,5,0.025,0.000,0.088
617,116,YPL008W,7,0.022,0.000,0.123
618,116,YOL006C,19,0.083,0.002,0.333
619,116,YJR046W,14,0.066,0.000,0.246
620,116,YJL173C,7,0.029,0.000,0.123
621,116,YCL061C,21,0.090,0.004,0.368
622,116,YHR191C,6,0.019,0.000,0.105
623,116,YBR252W,15,0.069,0.000,0.263
624,116,YIL139C,9,0.039,0.000,0.158
625,116,YGL113W,17,0.079,0.000,0.298
626,117,YLR293C,1,0.707,0.000,1.000
627,117,YOR185C,1,0.707,0.000,1.000
628,118,YBL097W,9,0.282,0.002,0.750
629,118,YGL086W,5,0.145,0.002,0.417
630,118,YOR058C,9,0.282,0.002,0.750
631,118,YOR026W,6,0.175,0.005,0.500
632,118,YOR339C,6,0.194,0.000,0.500
633,119,YKL210W,1,0.707,0.000,1.000
634,119,YEL012W,1,0.707,0.000,1.000
635,120,YCR067C,3,0.078,0.000,0.214
636,120,YKL176C,2,0.080,0.000,0.143
637,120,YNR026C,3,0.078,0.000,0.214
638,120,YHR035W,2,0.066,0.000,0.143
639,121,YDR092W,1,0.707,0.000,1.000
640,121,YLR247C,1,0.707,0.000,1.000
641,122,YDR314C,1,0.707,0.000,1.000
642,122,YML011C,1,0.707,0.000,1.000
643,123,YNL021W,2,0.577,0.000,1.000
644,123,YPR179C,2,0.577,0.000,1.000
645,123,YDR295C,2,0.577,0.000,1.000
646,124,YBR094W,2,0.136,0.000,0.222
647,124,YDR206W,2,0.060,0.222,0.222
648,124,YER176W,1,0.010,0.000,0.111
649,125,YDR091C,2,0.577,0.000,1.000
650,125,YJR067C,2,0.577,0.000,1.000
651,125,YNL260C,2,0.577,0.000,1.000
652,126,YNL064C,2,0.435,0.000,0.500
653,126,YDR258C,2,0.435,0.000,0.500
654,126,YNL077W,0,0.000,0.000,0.000
655,127,YPR145W,3,0.131,0.002,0.300
656,127,YDR321W,2,0.111,0.002,0.200
657,127,YGR124W,3,0.131,0.002,0.300
658,128,YOR393W,9,0.199,0.006,0.600
659,128,YPL281C,9,0.200,0.005,0.600
660,128,YJR009C,9,0.213,0.000,0.600
661,128,YGR192C,9,0.213,0.000,0.600
662,128,YJL052W,9,0.213,0.000,0.600
663,128,YOR283W,9,0.195,0.011,0.600
664,129,YEL046C,1,0.500,0.000,0.500
665,129,YPL113C,1,0.500,0.000,0.500
666,130,YOR130C,3,0.235,0.000,0.500
667,130,YJL088W,5,0.378,0.000,0.833
668,130,YOL140W,5,0.378,0.000,0.833
669,130,YJL071W,5,0.378,0.000,0.833
670,131,YKL085W,2,0.435,0.000,0.667
671,131,YDL078C,2,0.435,0.000,0.667
672,132,YBR235W,1,0.076,0.000,0.071
673,132,YOR348C,1,0.076,0.000,0.071
674,132,YIL020C,2,0.097,0.000,0.143
675,132,YMR289W,2,0.111,0.000,0.143
676,133,YER055C,2,0.435,0.000,0.667
677,133,YFR025C,2,0.435,0.000,0.667
678,134,YGL026C,0,1.000,0.000,1.000
679,135,YMR300C,1,0.707,0.000,1.000
680,135,YGR061C,1,0.707,0.000,1.000
681,136,YOR358W,3,0.500,0.000,1.000
682,136,YKL109W,3,0.500,0.000,1.000
683,136,YBL021C,3,0.500,0.000,1.000
684,136,YGL237C,3,0.500,0.000,1.000
685,137,YMR292W,1,0.282,0.000,0.333
686,138,YEL026W,0,1.000,0.000,1.000
687,139,YKR084C,0,1.000,0.000,1.000
688,140,YDR530C,2,0.082,0.000,0.200
689,140,YCL007C,1,0.068,0.000,0.100
690,140,YCL050C,2,0.082,0.000,0.200
691,141,YDR253C,3,0.394,0.000,0.750
692,141,YPL038W,3,0.394,0.000,0.750
693,142,YFR055W,8,0.261,0.004,0.667
694,142,YNL275W,1,0.035,0.000,0.083
695,142,YGR012W,8,0.261,0.004,0.667
696,142,YDR502C,2,0.067,0.000,0.167
697,143,YBR294W,2,0.577,0.000,1.000
698,143,YLR092W,2,0.577,0.000,1.000
699,143,YGR125W,2,0.577,0.000,1.000
700,144,YKR069W,0,1.000,0.000,1.000
701,145,YKL149C,1,0.707,0.000,1.000
702,145,YGR093W,1,0.707,0.000,1.000
703,146,YGR282C,2,0.248,0.000,0.200
704,146,YDR261C,1,0.163,0.000,0.100
705,146,YOR190W,2,0.248,0.000,0.200
706,146,YGR289C,2,0.167,0.007,0.200
707,147,YBR297W,3,0.439,0.000,0.750
708,147,YGR288W,2,0.307,0.000,0.500
709,148,YDR343C,2,0.134,0.000,0.286
710,148,YDR342C,2,0.134,0.000,0.286
711,149,YER053C,3,0.439,0.000,0.750
712,149,YLR258W,3,0.439,0.000,0.750
713,149,YLR327C,2,0.307,0.000,0.500
714,150,YMR139W,1,0.500,0.000,0.500
715,150,YGR044C,1,0.500,0.000,0.500
716,151,YKR058W,2,0.240,0.000,0.250
717,151,YOL045W,1,0.126,0.000,0.125
718,151,YAL017W,1,0.126,0.000,0.125
719,152,YMR261C,5,0.036,0.000,0.116
720,152,YMR278W,3,0.027,0.000,0.070
721,152,YBR214W,1,0.018,0.000,0.023
722,152,YOL084W,3,0.035,0.000,0.070
723,152,YKL127W,3,0.027,0.000,0.070
724,152,YDL110C,1,0.019,0.000,0.023
725,152,YKL150W,2,0.027,0.000,0.047
726,152,YIL101C,3,0.035,0.002,0.070
727,152,YPR026W,5,0.036,0.000,0.116
728,152,YPL230W,3,0.039,0.001,0.070
729,152,YOR289W,2,0.037,0.000,0.047
730,153,YIL137C,1,0.030,0.000,0.053
731,153,YGL104C,1,0.030,0.000,0.053
732,153,YHR047C,1,0.030,0.000,0.053
733,153,YBR241C,1,0.030,0.000,0.053
734,153,YKL157W,1,0.030,0.000,0.053
735,153,YBR085W,1,0.030,0.000,0.053
736,154,YER100W,2,0.042,0.000,0.074
737,154,YNL155W,1,0.030,0.000,0.037
738,154,YPL096W,2,0.043,0.000,0.074
739,154,YEL052W,1,0.007,0.000,0.037
740,154,YJL048C,2,0.044,0.000,0.074
741,154,YLR397C,6,0.081,0.075,0.222
742,154,YLR137W,1,0.030,0.000,0.037
743,155,YPR159W,3,0.053,0.009,0.273
744,155,YOR336W,2,0.041,0.000,0.182
745,155,YFR042W,3,0.097,0.025,0.273
746,156,YJL098W,3,0.297,0.000,0.429
747,156,YGL229C,3,0.297,0.000,0.429
748,156,YJL126W,1,0.102,0.000,0.143
749,156,YFR040W,3,0.297,0.000,0.429
750,156,YKR028W,3,0.297,0.000,0.429
751,157,YBL040C,0,1.000,0.000,1.000
752,158,YPR181C,0,1.000,0.000,1.000
753,159,YNL322C,1,0.500,0.000,0.500
754,159,YDR221W,1,0.500,0.000,0.500
755,160,YLR131C,6,0.089,0.001,0.154
756,160,YPL267W,1,0.012,0.000,0.026
757,160,YER167W,3,0.034,0.000,0.077
758,160,YOR372C,6,0.092,0.000,0.154
759,160,YNR009W,2,0.020,0.000,0.051
760,160,YDR113C,5,0.089,0.000,0.128
761,160,YGR109C,5,0.092,0.000,0.128
762,160,YOL128C,1,0.008,0.000,0.026
763,160,YGL134W,7,0.083,0.001,0.179
764,160,YIL050W,7,0.099,0.005,0.179
765,161,YJL065C,5,0.405,0.000,0.833
766,161,YGL133W,5,0.405,0.000,0.833
767,161,YFR013W,5,0.405,0.000,0.833
768,161,YPL216W,1,0.083,0.000,0.167
769,161,YMR044W,5,0.405,0.000,0.833
770,161,YLR095C,5,0.405,0.000,0.833
771,162,YJR057W,4,0.419,0.000,0.800
772,162,YGR180C,4,0.419,0.000,0.800
773,162,YML058W-A,2,0.220,0.000,0.400
774,162,YER070W,4,0.419,0.000,0.800
775,163,YER116C,2,0.577,0.000,1.000
776,163,YFL009W,2,0.577,0.000,1.000
777,163,YDL013W,2,0.577,0.000,1.000
778,164,YOR373W,3,0.140,0.000,0.231
779,164,YKR101W,2,0.090,0.000,0.154
780,164,YKR010C,3,0.110,0.000,0.231
781,164,YOR195W,3,0.136,0.000,0.231
782,165,YGR098C,1,0.707,0.000,1.000
783,165,YMR001C,1,0.707,0.000,1.000
784,166,YIL144W,2,0.307,0.000,0.500
785,166,YHR199C-A,3,0.439,0.000,0.750
786,166,YBR156C,3,0.439,0.000,0.750
787,167,YDR374W-A,4,0.051,0.000,0.118
788,167,YGL093W,9,0.081,0.009,0.265
789,167,YPL233W,8,0.087,0.003,0.235
790,167,YGR140W,4,0.072,0.000,0.118
791,167,YFR046C,8,0.095,0.011,0.235
792,167,YDR532C,2,0.025,0.000,0.059
793,167,YER018C,7,0.064,0.003,0.206
794,167,YKL138C-A,10,0.093,0.000,0.294
795,167,YMR117C,9,0.088,0.015,0.265
796,168,YOR074C,0,1.000,0.000,1.000
797,169,YPL015C,0,0.000,0.000,0.000
798,170,YOR374W,0,0.408,0.000,0.000
799,170,YMR169C,0,0.408,0.000,0.000
800,170,YPL061W,0,0.408,0.000,0.000
801,170,YER073W,0,0.408,0.000,0.000
802,170,YMR110C,0,0.408,0.000,0.000
803,170,YMR170C,0,0.408,0.000,0.000
804,171,YML070W,3,0.386,0.000,0.600
805,171,YBR230C,1,0.134,0.000,0.200
806,171,YFL053W,3,0.386,0.000,0.600
807,172,YOR187W,1,0.707,0.000,1.000
808,172,YJL102W,1,0.707,0.000,1.000
809,173,YIL042C,1,0.165,0.000,0.200
810,173,YPL017C,2,0.329,0.000,0.400
811,174,YKR087C,1,0.408,0.000,0.333
812,174,YKR066C,1,0.408,0.000,0.333
813,174,YPL246C,1,0.408,0.000,0.333
814,175,YGR132C,2,0.577,0.000,1.000
815,175,YIL114C,2,0.577,0.000,1.000
816,175,YGR231C,2,0.577,0.000,1.000
817,176,YJR077C,0,1.000,0.000,1.000
818,177,YOR297C,5,0.057,0.000,0.156
819,177,YPL098C,8,0.085,0.000,0.250
820,177,YOL026C,5,0.069,0.000,0.156
821,177,YLR348C,2,0.032,0.000,0.062
822,177,YKR065C,8,0.085,0.000,0.250
823,177,YHR194W,1,0.011,0.000,0.031
824,177,YGL219C,7,0.088,0.000,0.219
825,177,YDR375C,8,0.120,0.000,0.250
826,177,YNL055C,8,0.113,0.000,0.250
827,178,YKL194C,5,0.059,0.000,0.132
828,178,YPR047W,11,0.087,0.006,0.289
829,178,YCR024C,6,0.051,0.003,0.158
830,178,YPR081C,3,0.033,0.000,0.079
831,178,YDR268W,10,0.086,0.004,0.263
832,178,YCR011C,1,0.013,0.000,0.026
833,178,YGR024C,1,0.009,0.000,0.026
834,178,YFL022C,9,0.090,0.001,0.237
835,178,YPL104W,6,0.037,0.002,0.158
836,178,YHR091C,10,0.084,0.006,0.263
837,179,YDR234W,5,0.148,0.003,0.357
838,179,YNR050C,5,0.148,0.003,0.357
839,179,YIR034C,4,0.107,0.000,0.286
840,179,YPL188W,0,0.000,0.000,0.000
841,179,YIL094C,5,0.148,0.003,0.357
842,180,YOR017W,1,0.707,0.000,1.000
843,180,YPL029W,1,0.707,0.000,1.000
844,181,YOR257W,1,0.707,0.000,1.000
845,181,YOL072W,1,0.707,0.000,1.000
846,182,YKL186C,3,0.107,0.000,0.250
847,182,YNL004W,5,0.227,0.000,0.417
848,182,YKL214C,1,0.049,0.000,0.083
849,182,YCL011C,5,0.227,0.000,0.417
850,183,YEL037C,0,1.000,0.000,1.000
851,184,YBR114W,3,0.199,0.000,0.429
852,184,YJR052W,3,0.199,0.000,0.429
853,185,YNL225C,4,0.278,0.016,0.571
854,185,YPL124W,3,0.213,0.000,0.429
855,186,YPR045C,1,0.707,0.000,1.000
856,186,YJR084W,1,0.707,0.000,1.000
857,187,YNL188W,2,0.351,0.000,0.500
858,187,YGL075C,2,0.351,0.000,0.500
859,188,YLR253W,1,0.408,0.000,0.333
860,188,YLL040C,1,0.408,0.000,0.333
861,188,YHR105W,1,0.408,0.000,0.333
862,189,YBL034C,2,0.182,0.000,0.250
863,189,YMR198W,2,0.179,0.000,0.250
864,189,YPL253C,2,0.179,0.000,0.250
865,190,YKL192C,0,1.000,0.000,1.000
866,191,YHR109W,1,0.500,0.000,0.500
867,191,YOR037W,1,0.500,0.000,0.500
868,192,YKL084W,1,0.034,0.000,0.077
869,192,YBL059C-A,8,0.225,0.155,0.615
870,192,YMR038C,5,0.163,0.000,0.385
871,192,YKL137W,1,0.023,0.000,0.077
872,193,YML091C,8,0.231,0.000,0.727
873,193,YIR015W,10,0.280,0.005,0.909
874,193,YDR478W,9,0.258,0.000,0.818
875,194,YDR270W,1,0.500,0.000,0.500
876,194,YGR021W,1,0.500,0.000,0.500
877,195,YBL013W,6,0.194,0.001,0.429
878,195,YER183C,6,0.189,0.016,0.429
879,195,YJL046W,2,0.031,0.000,0.143
880,195,YLR239C,2,0.031,0.000,0.143
881,196,YBR115C,0,1.000,0.000,1.000
882,197,YDR493W,1,0.707,0.000,1.000
883,197,YDR511W,1,0.707,0.000,1.000
884,198,YIL009W,2,0.175,0.000,0.222
885,198,YOR317W,3,0.216,0.000,0.333
886,198,YMR246W,3,0.216,0.000,0.333
887,199,YGL080W,1,0.500,0.000,0.500
888,199,YOR100C,1,0.500,0.000,0.500
889,200,YGL154C,1,0.076,0.000,0.125
890,200,YPL148C,1,0.076,0.000,0.125
891,200,YDR531W,4,0.290,0.000,0.500
892,201,YFR049W,2,0.066,0.000,0.133
893,201,YNL009W,4,0.157,0.000,0.267
894,201,YDL066W,4,0.157,0.000,0.267
895,201,YPR002W,2,0.041,0.000,0.133
896,201,YPR006C,3,0.078,0.012,0.200
897,202,YDL174C,1,0.707,0.000,1.000
898,202,YML054C,1,0.707,0.000,1.000
899,203,YBR044C,0,0.707,0.000,0.000
900,203,YLR259C,0,0.707,0.000,0.000
901,204,YDR236C,3,0.500,0.000,1.000
902,204,YDL045C,3,0.500,0.000,1.000
903,204,YIL134W,3,0.500,0.000,1.000
904,204,YMR178W,3,0.500,0.000,1.000
905,205,YER153C,2,0.577,0.000,1.000
906,205,YNR045W,2,0.577,0.000,1.000
907,205,YGR222W,2,0.577,0.000,1.000
908,206,YMR257C,1,0.707,0.000,1.000
909,206,YMR150C,1,0.707,0.000,1.000
910,207,YGL143C,1,0.707,0.000,1.000
911,207,YOL114C,1,0.707,0.000,1.000
912,208,YFL018C,0,1.000,0.000,1.000
913,209,YIL095W,3,0.119,0.000,0.214
914,209,YIL002C,5,0.123,0.027,0.357
915,209,YKR019C,2,0.060,0.000,0.143
916,209,YJL083W,2,0.060,0.000,0.143
917,210,YPR169W,1,0.500,0.000,0.500
918,210,YCR051W,1,0.500,0.000,0.500
919,211,YHR077C,1,0.707,0.000,1.000
920,211,YDR021W,1,0.707,0.000,1.000
921,212,YGR218W,1,0.707,0.000,1.000
922,212,YLR271W,1,0.707,0.000,1.000
923,213,YGL232W,1,0.086,0.000,0.125
924,213,YOR274W,2,0.107,0.000,0.250
925,213,YNR015W,2,0.107,0.000,0.250
926,214,YDR172W,2,0.577,0.000,1.000
927,214,YBR143C,2,0.577,0.000,1.000
928,214,YGR072W,2,0.577,0.000,1.000
929,215,YLR249W,0,1.000,0.000,1.000
930,216,YHL034C,1,0.196,0.000,0.111
931,216,YDR515W,1,0.196,0.000,0.111
932,216,YOR286W,1,0.095,0.000,0.111
933,217,YPR129W,1,0.500,0.000,0.500
934,217,YGL178W,1,0.500,0.000,0.500
935,218,YDR432W,0,1.000,0.000,1.000
936,219,YGR162W,2,0.577,0.000,1.000
937,219,YGL049C,2,0.577,0.000,1.000
938,219,YNL016W,2,0.577,0.000,1.000
939,220,YLR329W,4,0.440,0.000,0.800
940,220,YNL210W,1,0.114,0.000,0.200
941,220,YER044C-A,4,0.440,0.000,0.800
942,220,YMR133W,4,0.440,0.000,0.800
943,220,YHR157W,4,0.440,0.000,0.800
944,221,YNR004W,1,0.707,0.000,1.000
945,221,YPL157W,1,0.707,0.000,1.000
946,222,YGL159W,1,0.282,0.000,0.333
947,223,YLR280C,1,0.282,0.000,0.333
948,224,YGR243W,0,1.000,0.000,1.000
949,225,YJL208C,2,0.435,0.000,0.667
950,225,YNL305C,2,0.435,0.000,0.667
951,226,YER168C,1,0.707,0.000,1.000
952,226,YKR079C,1,0.707,0.000,1.000
953,227,YNR074C,0,1.000,0.000,1.000
954,228,YBR227C,1,0.271,0.000,0.250
955,228,YMR302C,1,0.271,0.000,0.250
956,229,YFR006W,1,0.707,0.000,1.000
957,229,YMR111C,1,0.707,0.000,1.000
958,230,YGR019W,0,1.000,0.000,1.000
959,231,YJR104C,0,1.000,0.000,1.000
960,232,YKL067W,0,1.000,0.000,1.000
961,233,YLR136C,0,1.000,0.000,1.000
962,234,YLR174W,1,0.707,0.000,1.000
963,234,YJR095W,1,0.707,0.000,1.000
964,235,YMR108W,4,0.392,0.000,0.800
965,235,YCL009C,4,0.392,0.000,0.800
966,235,YHR208W,3,0.303,0.000,0.600
967,236,YPR074C,3,0.394,0.000,0.750
968,236,YDL236W,3,0.394,0.000,0.750
969,237,YDL181W,1,0.271,0.000,0.250
970,237,YHR138C,1,0.354,0.000,0.250
971,237,YNL015W,1,0.354,0.000,0.250
972,238,YKL026C,2,0.577,0.000,1.000
973,238,YDR256C,2,0.577,0.000,1.000
974,238,YGR088W,2,0.577,0.000,1.000
975,239,YCR083W,4,0.164,0.003,0.333
976,239,YBR244W,3,0.133,0.000,0.250
977,239,YDR453C,6,0.226,0.025,0.500
978,239,YIL010W,4,0.148,0.008,0.333
979,240,YHR160C,6,0.092,0.004,0.261
980,240,YGR239C,3,0.042,0.000,0.130
981,240,YPR128C,4,0.059,0.001,0.174
982,240,YMR018W,6,0.093,0.005,0.261
983,240,YAL055W,6,0.093,0.000,0.261
984,240,YGR028W,6,0.090,0.000,0.261
985,241,YOR180C,4,0.196,0.000,0.400
986,241,YER015W,4,0.203,0.000,0.400
987,241,YLR389C,4,0.191,0.000,0.400
988,242,YJR025C,4,0.328,0.067,0.667
989,242,YGR260W,2,0.173,0.000,0.333
990,243,YHR008C,2,0.577,0.000,1.000
991,243,YHR050W,2,0.577,0.000,1.000
992,243,YGR257C,2,0.577,0.000,1.000
993,244,YGL252C,3,0.500,0.000,1.000
994,244,YNL076W,3,0.500,0.000,1.000
995,244,YBL103C,3,0.500,0.000,1.000
996,244,YOL067C,3,0.500,0.000,1.000
997,245,YJL101C,0,1.000,0.000,1.000
998,246,YAR015W,0,1.000,0.000,1.000
999,247,YBR068C,1,0.707,0.000,1.000
1000,247,YCL018W,1,0.707,0.000,1.000
1001,248,YBR185C,0,1.000,0.000,1.000
1002,249,YMR089C,1,0.707,0.000,1.000
1003,249,YER017C,1,0.707,0.000,1.000
1004,250,YOR020C,0,1.000,0.000,1.000
1005,251,YLR176C,1,0.245,0.000,0.250
1006,251,YDR043C,1,0.245,0.000,0.250
1007,252,YLR262C-A,1,0.500,0.000,0.500
1008,252,YIL104C,1,0.500,0.000,0.500
1009,253,YKR036C,3,0.439,0.000,0.750
1010,253,YDR470C,2,0.307,0.000,0.500
1011,254,YDR096W,1,0.408,0.000,0.333
1012,254,YER169W,1,0.408,0.000,0.333
1013,254,YGL131C,1,0.408,0.000,0.333
1014,255,YDL238C,2,0.577,0.000,1.000
1015,255,YJR133W,2,0.577,0.000,1.000
1016,255,YNL141W,2,0.577,0.000,1.000
1017,256,YHR068W,1,0.707,0.000,1.000
1018,256,YJR047C,1,0.707,0.000,1.000
1019,257,YOR011W,1,0.282,0.000,0.333
1020,258,YJR070C,1,0.707,0.000,1.000
1021,258,YOL022C,1,0.707,0.000,1.000
1022,259,YCL064C,1,0.500,0.000,0.500
1023,259,YER086W,1,0.500,0.000,0.500
1024,260,YOR251C,1,0.707,0.000,1.000
1025,260,YOR285W,1,0.707,0.000,1.000
1026,261,YDR185C,1,0.282,0.000,0.333
1027,262,YFR011C,5,0.408,0.000,1.000
1028,262,YGR235C,5,0.408,0.000,1.000
1029,262,YKR016W,5,0.408,0.000,1.000
1030,262,YCL057C-A,5,0.408,0.000,1.000
1031,262,YBR262C,5,0.408,0.000,1.000
1032,262,YNL100W,5,0.408,0.000,1.000
1033,263,YKR071C,0,1.000,0.000,1.000
1034,264,YJL130C,0,1.000,0.000,1.000
1035,265,YDL171C,1,0.707,0.000,1.000
1036,265,YPR035W,1,0.707,0.000,1.000
1037,266,YOL058W,0,1.000,0.000,1.000
1038,267,YOR302W,2,0.577,0.000,1.000
1039,267,YJR109C,2,0.577,0.000,1.000
1040,267,YOR303W,2,0.577,0.000,1.000
1041,268,YJR103W,1,0.707,0.000,1.000
1042,268,YMR217W,1,0.707,0.000,1.000
1043,269,YLR158C,1,0.354,0.000,0.250
1044,269,YLR157C,1,0.354,0.000,0.250
1045,269,YLR160C,1,0.354,0.000,0.250
1046,269,YLR155C,1,0.354,0.000,0.250
1047,270,YGL234W,4,0.132,0.000,0.267
1048,270,YDL166C,6,0.169,0.002,0.400
1049,270,YHR216W,6,0.183,0.000,0.400
1050,270,YBL039C,1,0.020,0.000,0.067
1051,271,YKL104C,0,0.000,0.000,0.000
1052,272,YNL036W,1,0.500,0.000,0.500
1053,272,YBR218C,1,0.500,0.000,0.500
1054,273,YBR240C,2,0.050,0.000,0.200
1055,273,YDR421W,1,0.032,0.000,0.100
1056,273,YDR081C,2,0.050,0.000,0.200
1057,274,YMR174C,2,0.094,0.000,0.182
1058,274,YJL121C,2,0.106,0.000,0.182
1059,274,YMR107W,4,0.183,0.005,0.364
1060,275,YGL037C,0,1.000,0.000,1.000
1061,276,YMR020W,0,1.000,0.000,1.000
1062,277,YAR035W,2,0.577,0.000,1.000
1063,277,YER024W,2,0.577,0.000,1.000
1064,277,YML042W,2,0.577,0.000,1.000
1065,278,YDL230W,1,0.099,0.000,0.056
1066,278,YPR115W,1,0.028,0.000,0.056
1067,278,YDR536W,2,0.127,0.000,0.111
1068,278,YLR248W,1,0.099,0.000,0.056
1069,278,YGR097W,2,0.127,0.000,0.111
1070,278,YLR362W,1,0.073,0.000,0.056
1071,279,YHR163W,4,0.330,0.013,0.667
1072,279,YNR034W,4,0.330,0.013,0.667
1073,279,YCR073W-A,4,0.330,0.013,0.667
1074,280,YIL043C,1,0.500,0.000,0.500
1075,280,YNL111C,1,0.500,0.000,0.500
1076,281,YLR195C,2,0.072,0.000,0.118
1077,281,YDL226C,4,0.131,0.000,0.235
1078,281,YIL044C,3,0.087,0.000,0.176
1079,281,YDR524C,1,0.043,0.000,0.059
1080,281,YDR373W,1,0.043,0.000,0.059
1081,282,YGR207C,2,0.577,0.000,1.000
1082,282,YPR004C,2,0.577,0.000,1.000
1083,282,YOR356W,2,0.577,0.000,1.000
1084,283,YOR304W,1,0.500,0.000,0.500
1085,283,YOL017W,1,0.500,0.000,0.500
1086,284,YER030W,1,0.707,0.000,1.000
1087,284,YKR048C,1,0.707,0.000,1.000
1088,285,YER161C,1,0.707,0.000,1.000
1089,285,YPL016W,1,0.707,0.000,1.000
1090,286,YDR345C,1,0.070,0.000,0.059
1091,286,YJL089W,1,0.070,0.000,0.059
1092,286,YBR066C,1,0.070,0.000,0.059
1093,286,YMR011W,1,0.070,0.000,0.059
1094,286,YMR140W,1,0.070,0.000,0.059
1095,287,YKR034W,1,0.210,0.000,0.125
1096,287,YLL060C,1,0.130,0.000,0.125
1097,287,YKR076W,1,0.130,0.000,0.125
1098,287,YCL028W,1,0.210,0.000,0.125
1099,288,YPL141C,3,0.099,0.000,0.143
1100,288,YLL042C,4,0.091,0.001,0.190
1101,288,YPL150W,3,0.099,0.000,0.143
1102,288,YKL116C,1,0.033,0.000,0.048
1103,288,YNL173C,2,0.067,0.000,0.095
1104,288,YGR223C,3,0.067,0.000,0.143
1105,288,YGL056C,3,0.099,0.000,0.143
1106,288,YHR146W,2,0.067,0.000,0.095
1107,289,YBR140C,3,0.394,0.000,0.750
1108,289,YIL033C,3,0.394,0.000,0.750
1109,290,YDR287W,2,0.577,0.000,1.000
1110,290,YHR046C,2,0.577,0.000,1.000
1111,290,YPR113W,2,0.577,0.000,1.000
1112,291,YBR222C,1,0.707,0.000,1.000
1113,291,YIL160C,1,0.707,0.000,1.000
1114,292,YIL074C,1,0.707,0.000,1.000
1115,292,YER081W,1,0.707,0.000,1.000
1116,293,YOR280C,1,0.127,0.000,0.167
1117,293,YOR241W,2,0.248,0.000,0.333
1118,294,YAL048C,1,0.008,0.000,0.038
1119,294,YBL085W,2,0.058,0.000,0.077
1120,294,YKR055W,1,0.008,0.000,0.038
1121,294,YNL180C,0,0.000,0.000,0.000
1122,294,YMR232W,4,0.071,0.145,0.154
1123,294,YER149C,4,0.090,0.000,0.154
1124,294,YPL161C,3,0.084,0.001,0.115
1125,295,YBR179C,0,1.000,0.000,1.000
1126,296,YHR117W,1,0.372,0.000,0.333
1127,296,YCL063W,1,0.372,0.000,0.333
1128,297,YBR025C,1,0.258,0.000,0.167
1129,297,YOR205C,1,0.258,0.000,0.167
1130,297,YLR289W,1,0.258,0.000,0.167
1131,298,YBL057C,1,0.707,0.000,1.000
1132,298,YMR276W,1,0.707,0.000,1.000
1133,299,YGL236C,2,0.577,0.000,1.000
1134,299,YDL033C,2,0.577,0.000,1.000
1135,299,YMR023C,2,0.577,0.000,1.000
1136,300,YNL314W,2,0.577,0.000,1.000
1137,300,YBR208C,2,0.577,0.000,1.000
1138,300,YIR032C,2,0.577,0.000,1.000
1139,301,YBL075C,2,0.204,0.000,0.286
1140,301,YIL016W,2,0.214,0.000,0.286
1141,302,YKR074W,1,0.707,0.000,1.000
1142,302,YPL225W,1,0.707,0.000,1.000
1143,303,YOR347C,1,0.500,0.000,0.500
1144,303,YOL086C,1,0.500,0.000,0.500
1145,304,YDR519W,1,0.707,0.000,1.000
1146,304,YDR304C,1,0.707,0.000,1.000
1147,305,YOL066C,4,0.365,0.000,0.800
1148,305,YOL143C,4,0.365,0.000,0.800
1149,306,YKL217W,2,0.093,0.000,0.250
1150,306,YCR010C,2,0.093,0.000,0.250
1151,306,YOL136C,4,0.289,0.000,0.500
1152,307,YNR073C,2,0.577,0.000,1.000
1153,307,YER003C,2,0.577,0.000,1.000
1154,307,YFL045C,2,0.577,0.000,1.000
1155,308,YOL122C,0,1.000,0.000,1.000
1156,309,YBR290W,0,1.000,0.000,1.000
1157,310,YCR044C,1,0.707,0.000,1.000
1158,310,YDR182W,1,0.707,0.000,1.000
1159,311,YMR319C,0,1.000,0.000,1.000
1160,312,YOL023W,0,1.000,0.000,1.000
1161,313,YNL339W-B,2,0.060,0.000,0.167
1162,313,YNL339W-A,2,0.060,0.000,0.167
1163,313,YJL225C,4,0.194,0.000,0.333
1164,313,YLL067W-A,1,0.051,0.000,0.083
1165,314,YHL016C,0,1.000,0.000,1.000
1166,315,YKL015W,1,0.500,0.000,0.500
1167,315,YMR179W,1,0.500,0.000,0.500
1168,316,YPL111W,0,1.000,0.000,1.000
1169,317,YPL036W,2,0.577,0.000,1.000
1170,317,YMR267W,2,0.577,0.000,1.000
1171,317,YBR011C,2,0.577,0.000,1.000
1172,318,YKL114C,5,0.408,0.000,1.000
1173,318,YML021C,5,0.408,0.000,1.000
1174,318,YBL019W,5,0.408,0.000,1.000
1175,318,YAL015C,5,0.408,0.000,1.000
1176,318,YML060W,5,0.408,0.000,1.000
1177,318,YOL043C,5,0.408,0.000,1.000
1178,319,YLR214W,2,0.435,0.000,0.667
1179,319,YHR175W,2,0.435,0.000,0.667
1180,320,YIL065C,0,1.000,0.000,1.000
1181,321,YDL178W,2,0.120,0.000,0.222
1182,321,YEL071W,4,0.237,0.000,0.444
1183,321,YDR533C,4,0.220,0.017,0.444
1184,322,YIL070C,1,0.500,0.000,0.500
1185,322,YPL159C,1,0.500,0.000,0.500
1186,323,YDR454C,1,0.500,0.000,0.500
1187,323,YJL055W,1,0.500,0.000,0.500
1188,324,YCL047C,1,0.075,0.000,0.143
1189,324,YNL129W,4,0.292,0.000,0.571
1190,325,YJR014W,2,0.577,0.000,1.000
1191,325,YDR117C,2,0.577,0.000,1.000
1192,325,YER007C-A,2,0.577,0.000,1.000
1193,326,YNL258C,7,0.039,0.001,0.212
1194,326,YNR049C,16,0.137,0.001,0.485
1195,326,YBL102W,2,0.016,0.000,0.061
1196,326,YDR189W,15,0.115,0.011,0.455
1197,326,YDR498C,19,0.143,0.021,0.576
1198,326,YGL145W,7,0.039,0.001,0.212
1199,326,YLR440C,6,0.034,0.000,0.182
1200,326,YBL106C,1,0.009,0.000,0.030
1201,326,YAL014C,6,0.051,0.000,0.182
1202,327,YIL071C,4,0.447,0.000,1.000
1203,327,YOL117W,4,0.447,0.000,1.000
1204,327,YDL216C,4,0.447,0.000,1.000
1205,327,YDR179C,4,0.447,0.000,1.000
1206,327,YMR025W,4,0.447,0.000,1.000
1207,328,YHR129C,0,1.000,0.000,1.000
1208,329,YLL049W,3,0.500,0.000,1.000
1209,329,YMR294W,3,0.500,0.000,1.000
1210,329,YDR106W,3,0.500,0.000,1.000
1211,329,YPL174C,3,0.500,0.000,1.000
1212,330,YKL007W,0,1.000,0.000,1.000
1213,331,YPL269W,2,0.307,0.000,0.500
1214,331,YMR299C,3,0.439,0.000,0.750
1215,331,YDR424C,3,0.439,0.000,0.750
1216,332,YOL011W,4,0.087,0.000,0.114
1217,332,YMR008C,4,0.087,0.000,0.114
1218,332,YGL084C,1,0.026,0.000,0.029
1219,332,YBR042C,2,0.033,0.000,0.057
1220,332,YGR149W,1,0.026,0.000,0.029
1221,332,YKL140W,5,0.085,0.000,0.143
1222,332,YMR006C,4,0.087,0.000,0.114
1223,332,YDR147W,4,0.052,0.000,0.114
1224,332,YGR007W,4,0.052,0.000,0.114
1225,332,YER113C,1,0.012,0.000,0.029
1226,333,YMR318C,4,0.383,0.025,0.800
1227,333,YCR105W,4,0.383,0.025,0.800
1228,333,YIL053W,4,0.383,0.025,0.800
1229,333,YER062C,4,0.383,0.025,0.800
1230,334,YGR110W,1,0.155,0.000,0.200
1231,334,YPL206C,2,0.300,0.000,0.400
1232,335,YPL110C,0,1.000,0.000,1.000
1233,336,YDR077W,1,0.500,0.000,0.500
1234,336,YLR110C,1,0.500,0.000,0.500
1235,337,YOR031W,1,0.282,0.000,0.333
1236,338,YIR018W,1,0.282,0.000,0.333
1237,339,YFL041W,2,0.351,0.000,0.500
1238,339,YEL065W,2,0.351,0.000,0.500
1239,340,YLR451W,1,0.500,0.000,0.500
1240,340,YKL120W,1,0.500,0.000,0.500
1241,341,YDR165W,0,1.000,0.000,1.000
1242,342,YDR465C,0,1.000,0.000,1.000
1243,343,YHR178W,1,0.099,0.000,0.111
1244,343,YOR162C,1,0.095,0.000,0.111
1245,343,YHR064C,1,0.099,0.000,0.111
1246,344,YNL313C,0,1.000,0.000,1.000
1247,345,YPL212C,5,0.329,0.010,0.714
1248,345,YFL001W,3,0.209,0.000,0.429
1249,346,YDL101C,1,0.707,0.000,1.000
1250,346,YML058W,1,0.707,0.000,1.000
1251,347,YDR097C,1,0.707,0.000,1.000
1252,347,YOL090W,1,0.707,0.000,1.000
1253,348,YNL186W,1,0.500,0.000,0.500
1254,348,YMR219W,1,0.500,0.000,0.500
1255,349,YLR233C,2,0.577,0.000,1.000
1256,349,YLR318W,2,0.577,0.000,1.000
1257,349,YIL009C-A,2,0.577,0.000,1.000
1258,350,YIL096C,1,0.707,0.000,1.000
1259,350,YCR016W,1,0.707,0.000,1.000
1260,351,YJL196C,5,0.341,0.000,0.833
1261,351,YLR372W,5,0.341,0.000,0.833
1262,352,YEL041W,0,0.000,0.000,0.000
1263,353,YIL087C,1,0.500,0.000,0.500
1264,353,YPR155C,1,0.500,0.000,0.500
1265,354,YBR101C,1,0.707,0.000,1.000
1266,354,YGR268C,1,0.707,0.000,1.000
1267,355,YBR109C,1,0.707,0.000,1.000
1268,355,YFR014C,1,0.707,0.000,1.000
1269,356,YDR171W,0,1.000,0.000,1.000
1270,357,YBR137W,3,0.247,0.000,0.429
1271,357,YJL123C,1,0.088,0.000,0.143
1272,358,YNR016C,2,0.577,0.000,1.000
1273,358,YDL141W,2,0.577,0.000,1.000
1274,358,YMR207C,2,0.577,0.000,1.000
1275,359,YHR002W,1,0.500,0.000,0.500
1276,359,YOR108W,1,0.500,0.000,0.500
1277,360,YGR205W,0,1.000,0.000,1.000
1278,361,YBR176W,2,0.577,0.000,1.000
1279,361,YIL145C,2,0.577,0.000,1.000
1280,361,YHR063C,2,0.577,0.000,1.000
1281,362,YIL164C,1,0.707,0.000,1.000
1282,362,YIL165C,1,0.707,0.000,1.000
1283,363,YNL239W,1,0.114,0.000,0.200
1284,363,YHR074W,4,0.440,0.000,0.800
1285,363,YDR191W,4,0.440,0.000,0.800
1286,363,YJR049C,4,0.440,0.000,0.800
1287,363,YOR025W,4,0.440,0.000,0.800
1288,364,YBR161W,3,0.394,0.000,0.750
1289,364,YBR036C,3,0.394,0.000,0.750
1290,365,YMR234W,1,0.282,0.000,0.333
1291,366,YNL090W,0,0.000,0.000,0.000
1292,367,YKL191W,6,0.374,0.000,0.750
1293,367,YAL020C,1,0.063,0.000,0.125
1294,367,YLR172C,6,0.374,0.000,0.750
1295,367,YJR097W,6,0.374,0.000,0.750
1296,367,YIL103W,6,0.374,0.000,0.750
1297,367,YBR246W,6,0.374,0.000,0.750
1298,367,YER057C,1,0.063,0.000,0.125
1299,368,YOR264W,1,0.137,0.000,0.167
1300,368,YML034W,2,0.239,0.000,0.333
1301,369,YGL122C,1,0.707,0.000,1.000
1302,369,YMR255W,1,0.707,0.000,1.000
1303,370,YLR190W,2,0.269,0.000,0.333
1304,370,YBL032W,1,0.161,0.000,0.167
1305,371,YPR171W,1,0.500,0.000,0.500
1306,371,YHR016C,1,0.500,0.000,0.500
1307,372,YLR144C,1,0.214,0.000,0.200
1308,372,YNL094W,1,0.214,0.000,0.200
1309,373,YDL161W,2,0.500,0.167,0.667
1310,373,YLR206W,2,0.500,0.167,0.667
1311,373,YER060W,2,0.500,0.167,0.667
1312,373,YER060W-A,2,0.500,0.167,0.667
1313,374,YOR304C-A,1,0.707,0.000,1.000
1314,374,YLR319C,1,0.707,0.000,1.000
1315,375,YPR095C,1,0.408,0.000,0.333
1316,375,YCL034W,1,0.408,0.000,0.333
1317,375,YGL181W,1,0.408,0.000,0.333
1318,376,YNL152W,3,0.439,0.000,0.750
1319,376,YKR090W,2,0.307,0.000,0.500
1320,377,YGL231C,7,0.354,0.000,1.000
1321,377,YDR056C,7,0.354,0.000,1.000
1322,377,YJR088C,7,0.354,0.000,1.000
1323,377,YCL045C,7,0.354,0.000,1.000
1324,377,YLL014W,7,0.354,0.000,1.000
1325,377,YIL027C,7,0.354,0.000,1.000
1326,377,YKL207W,7,0.354,0.000,1.000
1327,377,YJL192C,7,0.354,0.000,1.000
1328,378,YHL039W,1,0.118,0.000,0.111
1329,378,YLR063W,1,0.088,0.000,0.111
1330,378,YNL092W,2,0.199,0.000,0.222
1331,379,YOR198C,1,0.707,0.000,1.000
1332,379,YJL080C,1,0.707,0.000,1.000
1333,380,YKR017C,1,0.707,0.000,1.000
1334,380,YML068W,1,0.707,0.000,1.000
1335,381,YCL033C,2,0.577,0.000,1.000
1336,381,YKL069W,2,0.577,0.000,1.000
1337,381,YER042W,2,0.577,0.000,1.000
1338,382,YOR388C,1,0.707,0.000,1.000
1339,382,YJL068C,1,0.707,0.000,1.000
1340,383,YHR005C,1,0.707,0.000,1.000
1341,383,YOR212W,1,0.707,0.000,1.000
1342,384,YGR285C,1,0.707,0.000,1.000
1343,384,YDL229W,1,0.707,0.000,1.000
1344,385,YLR114C,2,0.394,0.000,0.500
1345,385,YKL034W,2,0.394,0.000,0.500
1346,385,YOR223W,2,0.394,0.000,0.500
1347,385,YDL219W,2,0.394,0.000,0.500
1348,386,YPL154C,0,1.000,0.000,1.000
1349,387,YER068W,7,0.305,0.000,0.778
1350,387,YDR151C,1,0.044,0.000,0.111
1351,387,YDR252W,7,0.305,0.000,0.778
1352,388,YKL122C,5,0.296,0.000,0.714
1353,388,YKL154W,5,0.296,0.000,0.714
1354,389,YDR415C,2,0.092,0.000,0.250
1355,389,YDR525W,3,0.227,0.000,0.375
1356,389,YMR265C,2,0.092,0.000,0.250
1357,390,YPL083C,4,0.419,0.000,0.800
1358,390,YOL102C,2,0.220,0.000,0.400
1359,391,YCR030C,1,0.500,0.000,0.500
1360,391,YDR348C,1,0.500,0.000,0.500
1361,392,YDR273W,1,0.500,0.000,0.500
1362,392,YFR024C-A,1,0.500,0.000,0.500
1363,393,YPL184C,1,0.707,0.000,1.000
1364,393,YPR042C,1,0.707,0.000,1.000
1365,394,YNL197C,1,0.707,0.000,1.000
1366,394,YDL224C,1,0.707,0.000,1.000
1367,395,YPL200W,2,0.577,0.000,1.000
1368,395,YJL019W,2,0.577,0.000,1.000
1369,395,YOL104C,2,0.577,0.000,1.000
1370,396,YMR303C,1,0.260,0.000,0.200
1371,396,YMR083W,1,0.260,0.000,0.200
1372,396,YDL168W,1,0.260,0.000,0.200
1373,397,YHR113W,0,1.000,0.000,1.000
1374,398,YLR209C,0,1.000,0.000,1.000
1375,399,YGL248W,2,0.194,0.000,0.286
1376,399,YMR123W,1,0.113,0.000,0.143
1377,400,YDR430C,0,1.000,0.000,1.000
1378,401,YDL160C-A,2,0.435,0.000,0.667
1379,401,YGR042W,2,0.435,0.000,0.667
1380,402,YKL010C,1,0.707,0.000,1.000
1381,402,YDR457W,1,0.707,0.000,1.000
1382,403,YER142C,1,0.707,0.000,1.000
1383,403,YDL200C,1,0.707,0.000,1.000
1384,404,YBR133C,1,0.500,0.000,0.500
1385,404,YJR059W,1,0.500,0.000,0.500
1386,405,YHR207C,2,0.577,0.000,1.000
1387,405,YPL165C,2,0.577,0.000,1.000
1388,405,YJL105W,2,0.577,0.000,1.000
1389,406,YOR233W,2,0.577,0.000,1.000
1390,406,YJR053W,2,0.577,0.000,1.000
1391,406,YMR055C,2,0.577,0.000,1.000
1392,407,YGR238C,2,0.577,0.000,1.000
1393,407,YHR158C,2,0.577,0.000,1.000
1394,407,YAR014C,2,0.577,0.000,1.000
1395,408,YHL024W,1,0.500,0.000,0.500
1396,408,YHR124W,1,0.500,0.000,0.500
1397,409,YLR017W,2,0.300,0.000,0.400
1398,409,YNL010W,1,0.155,0.000,0.200
1399,410,YEL070W,2,0.435,0.000,0.667
1400,410,YHR104W,2,0.435,0.000,0.667
1401,411,YPR121W,1,0.073,0.000,0.091
1402,411,YJR142W,1,0.069,0.000,0.091
1403,411,YPR073C,1,0.073,0.000,0.091
1404,411,YNL091W,1,0.073,0.000,0.091
1405,412,YDL052C,1,0.707,0.000,1.000
1406,412,YDR018C,1,0.707,0.000,1.000
1407,413,YHR004C,2,0.577,0.000,1.000
1408,413,YMR165C,2,0.577,0.000,1.000
1409,413,YAL009W,2,0.577,0.000,1.000
1410,414,YIL025C,1,0.707,0.000,1.000
1411,414,YOR006C,1,0.707,0.000,1.000
1412,415,YJL133W,1,0.263,0.000,0.200
1413,415,YKL064W,1,0.263,0.000,0.200
1414,416,YKL112W,2,0.106,0.000,0.286
1415,416,YBR049C,2,0.106,0.000,0.286
1416,417,YCL032W,2,0.134,0.000,0.200
1417,417,YDL073W,1,0.095,0.000,0.100
1418,417,YDR420W,3,0.180,0.000,0.300
1419,418,YBR131W,3,0.071,0.000,0.200
1420,418,YNL093W,3,0.077,0.000,0.200
1421,418,YGL124C,9,0.219,0.022,0.600
1422,418,YDR229W,1,0.026,0.000,0.067
1423,419,YGL008C,0,1.000,0.000,1.000
1424,420,YDL055C,1,0.282,0.000,0.333
1425,421,YKL205W,1,0.707,0.000,1.000
1426,421,YOR112W,1,0.707,0.000,1.000
1427,422,YLR020C,2,0.435,0.000,0.667
1428,422,YLL012W,2,0.435,0.000,0.667
1429,423,YJL062W,1,0.707,0.000,1.000
1430,423,YLR242C,1,0.707,0.000,1.000
1431,424,YOR140W,1,0.316,0.000,0.200
1432,424,YHR211W,1,0.316,0.000,0.200
1433,424,YKR102W,1,0.316,0.000,0.200
1434,424,YAR050W,1,0.316,0.000,0.200
1435,424,YAL063C,1,0.316,0.000,0.200
1436,425,YBR164C,0,1.000,0.000,1.000
1437,426,YBL060W,1,0.500,0.000,0.500
1438,426,YKR030W,1,0.500,0.000,0.500
1439,427,YLR062C,1,0.707,0.000,1.000
1440,427,YGL217C,1,0.707,0.000,1.000
1441,428,YPR176C,2,0.026,0.000,0.143
1442,428,YER031C,6,0.157,0.003,0.429
1443,428,YFL038C,12,0.257,0.273,0.857
1444,428,YJL031C,2,0.026,0.000,0.143
1445,429,YPR079W,3,0.087,0.000,0.250
1446,429,YJL207C,3,0.154,0.000,0.250
1447,429,YDR358W,3,0.087,0.000,0.250
1448,429,YHR108W,3,0.087,0.000,0.250
1449,430,YFR056C,1,0.282,0.000,0.333
1450,431,YIL097W,6,0.376,0.000,0.857
1451,431,YBR105C,6,0.376,0.000,0.857
1452,431,YKL124W,1,0.064,0.000,0.143
1453,431,YDR255C,6,0.376,0.000,0.857
1454,431,YIL017C,6,0.376,0.000,0.857
1455,431,YGL227W,6,0.376,0.000,0.857
1456,431,YMR135C,6,0.376,0.000,0.857
1457,432,YFL025C,5,0.098,0.000,0.227
1458,432,YKL165C,5,0.101,0.009,0.227
1459,432,YJL091C,4,0.090,0.002,0.182
1460,432,YDR434W,6,0.124,0.003,0.273
1461,432,YCL052C,3,0.081,0.000,0.136
1462,432,YHR039C,1,0.025,0.000,0.045
1463,433,YMR206W,1,0.707,0.000,1.000
1464,433,YMR081C,1,0.707,0.000,1.000
1465,434,YOL108C,3,0.500,0.000,1.000
1466,434,YJL153C,3,0.500,0.000,1.000
1467,434,YHL020C,3,0.500,0.000,1.000
1468,434,YDR123C,3,0.500,0.000,1.000
1469,435,YDR183W,1,0.707,0.000,1.000
1470,435,YOR281C,1,0.707,0.000,1.000
1471,436,YFL023W,1,0.080,0.000,0.143
1472,436,YMR074C,3,0.234,0.000,0.429
1473,437,YDR200C,4,0.361,0.000,0.667
1474,437,YLR238W,4,0.361,0.000,0.667
1475,437,YDR523C,1,0.093,0.000,0.167
1476,438,YAL042W,1,0.707,0.000,1.000
1477,438,YML067C,1,0.707,0.000,1.000
1478,439,YKR099W,0,1.000,0.000,1.000
1479,440,YOR279C,1,0.707,0.000,1.000
1480,440,YOL068C,1,0.707,0.000,1.000
1481,441,YOR021C,1,0.282,0.000,0.333
1482,442,YPL179W,1,0.707,0.000,1.000
1483,442,YFR003C,1,0.707,0.000,1.000
1484,443,YCR008W,2,0.435,0.000,0.667
1485,443,YDR436W,2,0.435,0.000,0.667
1486,444,YFR015C,1,0.707,0.000,1.000
1487,444,YLR177W,1,0.707,0.000,1.000
1488,445,YDL112W,1,0.168,0.000,0.200
1489,445,YMR259C,2,0.366,0.000,0.400
1490,446,YOL093W,1,0.707,0.000,1.000
1491,446,YLR405W,1,0.707,0.000,1.000
1492,447,YNR046W,1,0.707,0.000,1.000
1493,447,YDR140W,1,0.707,0.000,1.000
1494,448,YLR316C,2,0.577,0.000,1.000
1495,448,YJL035C,2,0.577,0.000,1.000
1496,448,YGL243W,2,0.577,0.000,1.000
1497,449,YJL212C,1,0.707,0.000,1.000
1498,449,YGL114W,1,0.707,0.000,1.000
1499,450,YDL024C,1,0.500,0.000,0.500
1500,450,YBR092C,1,0.500,0.000,0.500
1501,451,YDR481C,3,0.439,0.000,0.750
1502,451,YDR281C,2,0.307,0.000,0.500
1503,451,YBR093C,3,0.439,0.000,0.750
1504,452,YNL192W,1,0.282,0.000,0.333
1505,453,YOL095C,1,0.707,0.000,1.000
1506,453,YDR332W,1,0.707,0.000,1.000
1507,454,YDR538W,1,0.707,0.000,1.000
1508,454,YDR539W,1,0.707,0.000,1.000
1509,455,YBL061C,2,0.577,0.000,1.000
1510,455,YHR142W,2,0.577,0.000,1.000
1511,455,YBR023C,2,0.577,0.000,1.000
1512,456,YKR027W,4,0.447,0.000,1.000
1513,456,YMR237W,4,0.447,0.000,1.000
1514,456,YJL099W,4,0.447,0.000,1.000
1515,456,YOR299W,4,0.447,0.000,1.000
1516,456,YLR330W,4,0.447,0.000,1.000
1517,457,YMR307W,1,0.707,0.000,1.000
1518,457,YBR078W,1,0.707,0.000,1.000
1519,458,YLR342W,0,1.000,0.000,1.000
1520,459,YNL233W,0,1.000,0.000,1.000
1521,460,YPL244C,1,0.707,0.000,1.000
1522,460,YDR438W,1,0.707,0.000,1.000
1523,461,YNL063W,0,1.000,0.000,1.000
1524,462,YBR126C,0,1.000,0.000,1.000
1525,463,YOR238W,1,0.707,0.000,1.000
1526,463,YLR149C,1,0.707,0.000,1.000
1527,464,YNR034W-A,1,0.707,0.000,1.000
1528,464,YFR017C,1,0.707,0.000,1.000
1529,465,YDL104C,3,0.260,0.000,0.500
1530,465,YGL169W,4,0.331,0.022,0.667
1531,466,YOR095C,0,1.000,0.000,1.000
1532,467,YPL273W,0,0.000,0.000,0.000
1533,468,YPR158W,1,0.282,0.000,0.333
1534,469,YIL046W,0,1.000,0.000,1.000
1535,470,YDL194W,3,0.482,0.000,0.750
1536,470,YDR277C,1,0.170,0.000,0.250
1537,470,YDL138W,3,0.482,0.000,0.750
1538,471,YJL198W,2,0.166,0.000,0.250
1539,471,YBR296C,4,0.242,0.054,0.500
1540,471,YNR013C,2,0.166,0.000,0.250
1541,472,YDL106C,1,0.707,0.000,1.000
1542,472,YFR034C,1,0.707,0.000,1.000
1543,473,YIL047C,1,0.707,0.000,1.000
1544,473,YGR233C,1,0.707,0.000,1.000
1545,474,YLR102C,12,0.277,0.000,1.000
1546,474,YFR036W,12,0.277,0.000,1.000
1547,474,YDL008W,12,0.277,0.000,1.000
1548,474,YIR025W,12,0.277,0.000,1.000
1549,474,YOR249C,12,0.277,0.000,1.000
1550,474,YDR118W,12,0.277,0.000,1.000
1551,474,YHR166C,12,0.277,0.000,1.000
1552,474,YLR127C,12,0.277,0.000,1.000
1553,474,YGL240W,12,0.277,0.000,1.000
1554,474,YBL084C,12,0.277,0.000,1.000
1555,474,YKL022C,12,0.277,0.000,1.000
1556,474,YNL172W,12,0.277,0.000,1.000
1557,474,YDR260C,12,0.277,0.000,1.000
1558,475,YEL029C,2,0.412,0.000,0.500
1559,475,YGR017W,1,0.217,0.000,0.250
1560,475,YNR027W,2,0.412,0.000,0.500
1561,476,YJL049W,8,0.124,0.000,0.348
1562,476,YLR181C,5,0.069,0.000,0.217
1563,476,YLR099W-A,2,0.025,0.000,0.087
1564,476,YLR073C,1,0.015,0.000,0.043
1565,476,YDR069C,8,0.130,0.001,0.348
1566,476,YER128W,1,0.014,0.000,0.043
1567,477,YBR264C,3,0.482,0.000,0.750
1568,477,YPL070W,1,0.170,0.000,0.250
1569,477,YER136W,3,0.482,0.000,0.750
1570,477,YOR370C,3,0.482,0.000,0.750
1571,478,YLR436C,1,0.707,0.000,1.000
1572,478,YMR304W,1,0.707,0.000,1.000
1573,479,YBR110W,4,0.440,0.000,0.800
1574,479,YGL047W,4,0.440,0.000,0.800
1575,479,YBR085C-A,1,0.114,0.000,0.200
1576,479,YNL048W,4,0.440,0.000,0.800
1577,479,YBR070C,4,0.440,0.000,0.800
1578,480,YNL029C,1,0.289,0.000,0.167
1579,480,YJL139C,1,0.289,0.000,0.167
1580,480,YKR061W,1,0.289,0.000,0.167
1581,480,YBR199W,1,0.289,0.000,0.167
1582,480,YIL085C,1,0.289,0.000,0.167
1583,480,YBL020W,1,0.289,0.000,0.167
1584,481,YIL029C,1,0.707,0.000,1.000
1585,481,YIL030C,1,0.707,0.000,1.000
1586,482,YKL100C,1,0.076,0.000,0.111
1587,482,YHR110W,4,0.262,0.006,0.444
1588,482,YGL054C,1,0.076,0.000,0.111
1589,483,YBR139W,0,0.000,0.000,0.000
1590,484,YOR219C,2,0.394,0.000,0.500
1591,484,YGL203C,2,0.394,0.000,0.500
1592,484,YDR144C,2,0.394,0.000,0.500
1593,485,YAR075W,2,0.577,0.000,1.000
1594,485,YAR073W,2,0.577,0.000,1.000
1595,485,YLR432W,2,0.577,0.000,1.000
1596,486,YBR111C,5,0.341,0.000,0.833
1597,486,YCR036W,5,0.341,0.000,0.833
1598,487,YJR152W,1,0.282,0.000,0.333
1599,488,YOL049W,2,0.435,0.000,0.667
1600,488,YKL215C,2,0.435,0.000,0.667
1601,489,YCL035C,0,0.707,0.000,0.000
1602,489,YDR513W,0,0.707,0.000,0.000
1603,490,YER078C,1,0.707,0.000,1.000
1604,490,YKL134C,1,0.707,0.000,1.000
1605,491,YGL156W,0,1.000,0.000,1.000
1606,492,YHR181W,1,0.050,0.000,0.100
1607,492,YDR307W,2,0.108,0.000,0.200
1608,492,YGR199W,3,0.158,0.006,0.300
1609,493,YDL135C,0,0.000,0.000,0.000
1610,493,YJL201W,0,0.000,0.000,0.000
1611,493,YDR389W,0,0.000,0.000,0.000
1612,493,YOR134W,0,0.000,0.000,0.000
1613,494,YGR202C,1,0.707,0.000,1.000
1614,494,YLR133W,1,0.707,0.000,1.000
1615,495,YGR276C,1,0.282,0.000,0.333
1616,496,YDL133C-A,1,0.707,0.000,1.000
1617,496,YDL184C,1,0.707,0.000,1.000
1618,497,YHR137W,1,0.500,0.000,0.500
1619,497,YLR180W,1,0.500,0.000,0.500
1620,498,YNL321W,3,0.329,0.000,0.600
1621,498,YJL093C,3,0.329,0.000,0.600
1622,499,YKR050W,1,0.707,0.000,1.000
1623,499,YJR054W,1,0.707,0.000,1.000
1624,500,YNL191W,2,0.577,0.000,1.000
1625,500,YFR044C,2,0.577,0.000,1.000
1626,500,YBR281C,2,0.577,0.000,1.000
1627,501,YOL052C,3,0.482,0.000,0.750
1628,501,YPR069C,3,0.482,0.000,0.750
1629,501,YPL052W,1,0.170,0.000,0.250
1630,501,YLR146C,3,0.482,0.000,0.750
1631,502,YAL056W,3,0.425,0.056,0.750
1632,502,YOR371C,3,0.425,0.056,0.750
1633,502,YER020W,3,0.425,0.056,0.750
1634,502,YOL081W,3,0.425,0.056,0.750
1635,503,YOR258W,1,0.500,0.000,0.500
1636,503,YHR134W,1,0.500,0.000,0.500
1637,504,YLR228C,1,0.707,0.000,1.000
1638,504,YMR070W,1,0.707,0.000,1.000
1639,505,YOL087C,2,0.307,0.000,0.500
1640,505,YKR098C,3,0.439,0.000,0.750
1641,505,YIL156W,3,0.439,0.000,0.750
1642,506,YML047C,1,0.707,0.000,1.000
1643,506,YBR040W,1,0.707,0.000,1.000
1644,507,YDR414C,2,0.577,0.000,1.000
1645,507,YKR007W,2,0.577,0.000,1.000
1646,507,YCR075C,2,0.577,0.000,1.000
1647,508,YLR124W,1,0.500,0.000,0.500
1648,508,YPL034W,1,0.500,0.000,0.500
1649,509,YPL236C,1,0.707,0.000,1.000
1650,509,YER123W,1,0.707,0.000,1.000
1651,510,YCL051W,1,0.707,0.000,1.000
1652,510,YNL161W,1,0.707,0.000,1.000
1653,511,YKL094W,0,1.000,0.000,1.000
1654,512,YCR068W,0,1.000,0.000,1.000
1655,513,YJR010C-A,3,0.500,0.000,1.000
1656,513,YLR066W,3,0.500,0.000,1.000
1657,513,YML055W,3,0.500,0.000,1.000
1658,513,YIR022W,3,0.500,0.000,1.000
1659,514,YEL075W-A,4,0.447,0.000,1.000
1660,514,YEL075C,4,0.447,0.000,1.000
1661,514,YEL074W,4,0.447,0.000,1.000
1662,514,YEL077C,4,0.447,0.000,1.000
1663,514,YEL076C,4,0.447,0.000,1.000
1664,515,YER109C,1,0.408,0.000,0.333
1665,515,YOL116W,1,0.408,0.000,0.333
1666,515,YDL233W,1,0.408,0.000,0.333
1667,516,YKL043W,2,0.098,0.000,0.167
1668,516,YLR452C,2,0.111,0.000,0.167
1669,516,YJR086W,4,0.200,0.003,0.333
1670,516,YNL053W,2,0.128,0.000,0.167
1671,517,YOR230W,1,0.707,0.000,1.000
1672,517,YLR437C,1,0.707,0.000,1.000
1673,518,YGR058W,2,0.125,0.000,0.250
1674,518,YGR122W,2,0.125,0.000,0.250
1675,518,YMR063W,6,0.362,0.000,0.750
1676,519,YOR022C,1,0.707,0.000,1.000
1677,519,YDL195W,1,0.707,0.000,1.000
1678,520,YOR385W,1,0.500,0.000,0.500
1679,520,YOR220W,1,0.500,0.000,0.500
1680,521,YNL027W,1,0.707,0.000,1.000
1681,521,YKL159C,1,0.707,0.000,1.000
1682,522,YGL006W,3,0.358,0.000,0.600
1683,522,YLR443W,2,0.237,0.000,0.400
1684,523,YGL168W,1,0.707,0.000,1.000
1685,523,YGL167C,1,0.707,0.000,1.000
1686,524,YOL003C,2,0.298,0.025,0.400
1687,524,YNL326C,2,0.298,0.025,0.400
1688,525,YDL240W,1,0.707,0.000,1.000
1689,525,YEL031W,1,0.707,0.000,1.000
1690,526,YER177W,1,0.707,0.000,1.000
1691,526,YDR099W,1,0.707,0.000,1.000
1692,527,YDR208W,2,0.412,0.000,0.500
1693,527,YKL051W,1,0.217,0.000,0.250
1694,527,YGR198W,2,0.412,0.000,0.500
1695,528,YLL007C,1,0.707,0.000,1.000
1696,528,YLR422W,1,0.707,0.000,1.000
1697,529,YLR310C,0,1.000,0.000,1.000
1698,530,YER056C,0,1.000,0.000,1.000
1699,531,YLR254C,1,0.707,0.000,1.000
1700,531,YOR269W,1,0.707,0.000,1.000
1701,532,YDL099W,1,0.707,0.000,1.000
1702,532,YDR517W,1,0.707,0.000,1.000
1703,533,YIL177W-A,1,0.707,0.000,1.000
1704,533,YIL177C,1,0.707,0.000,1.000
1705,534,YML133C,2,0.577,0.000,1.000
1706,534,YML133W-B,2,0.577,0.000,1.000
1707,534,YML133W-A,2,0.577,0.000,1.000
1708,535,YLL066C,1,0.282,0.000,0.333
1709,536,YNL134C,1,0.500,0.000,0.500
1710,536,YDL072C,1,0.500,0.000,0.500
1711,537,YJL022W,5,0.408,0.000,1.000
1712,537,YJL028W,5,0.408,0.000,1.000
1713,537,YJR055W,5,0.408,0.000,1.000
1714,537,YJR056C,5,0.408,0.000,1.000
1715,537,YJL027C,5,0.408,0.000,1.000
1716,537,YJL161W,5,0.408,0.000,1.000
1717,538,YHR195W,1,0.707,0.000,1.000
1718,538,YAR042W,1,0.707,0.000,1.000
1719,539,YDL019C,1,0.326,0.000,0.200
1720,539,YMR124W,1,0.326,0.000,0.200
1721,539,YIL090W,1,0.326,0.000,0.200
1722,539,YBL091C-A,1,0.205,0.000,0.200
1723,540,YMR251W-A,1,0.500,0.000,0.500
1724,540,YBR054W,1,0.500,0.000,0.500
1725,541,YDR150W,1,0.707,0.000,1.000
1726,541,YPR083W,1,0.707,0.000,1.000
1727,542,YNL116W,1,0.500,0.000,0.500
1728,542,YHR115C,1,0.500,0.000,0.500
1729,543,YNR052C,1,0.707,0.000,1.000
1730,543,YAL021C,1,0.707,0.000,1.000
1731,544,YOR070C,3,0.425,0.056,0.750
1732,544,YDL234C,3,0.425,0.056,0.750
1733,544,YGR100W,3,0.425,0.056,0.750
1734,544,YPL249C,3,0.425,0.056,0.750
1735,545,YKR078W,3,0.172,0.000,0.333
1736,545,YDR425W,2,0.120,0.000,0.222
1737,545,YMR004W,5,0.278,0.000,0.556
1738,546,YML072C,1,0.707,0.000,1.000
1739,546,YBR086C,1,0.707,0.000,1.000
1740,547,YDL058W,0,1.000,0.000,1.000
1741,548,YOR216C,2,0.577,0.000,1.000
1742,548,YKL179C,2,0.577,0.000,1.000
1743,548,YJR134C,2,0.577,0.000,1.000
1744,549,YMR079W,0,1.000,0.000,1.000
1745,550,YLR380W,1,0.707,0.000,1.000
1746,550,YJL145W,1,0.707,0.000,1.000
1747,551,YCR091W,2,0.231,0.000,0.333
1748,551,YNR047W,2,0.231,0.000,0.333
1749,552,YMR162C,1,0.707,0.000,1.000
1750,552,YNR048W,1,0.707,0.000,1.000
1751,553,YMR010W,1,0.282,0.000,0.333
1752,554,YML104C,1,0.707,0.000,1.000
1753,554,YOR107W,1,0.707,0.000,1.000
1754,555,YGR041W,2,0.435,0.000,0.667
1755,555,YLR353W,2,0.435,0.000,0.667
1756,556,YLR307W,2,0.067,0.000,0.167
1757,556,YGR189C,2,0.065,0.000,0.167
1758,556,YLR308W,2,0.067,0.000,0.167
1759,556,YJL158C,2,0.065,0.000,0.167
1760,557,YBR280C,2,0.577,0.000,1.000
1761,557,YLR097C,2,0.577,0.000,1.000
1762,557,YDR306C,2,0.577,0.000,1.000
1763,558,YGR003W,1,0.707,0.000,1.000
1764,558,YIL001W,1,0.707,0.000,1.000
1765,559,YPL272C,1,0.707,0.000,1.000
1766,559,YNL264C,1,0.707,0.000,1.000
1767,560,YDR310C,0,1.000,0.000,1.000
1768,561,YNL333W,5,0.408,0.000,1.000
1769,561,YMR096W,5,0.408,0.000,1.000
1770,561,YFL059W,5,0.408,0.000,1.000
1771,561,YFL060C,5,0.408,0.000,1.000
1772,561,YMR095C,5,0.408,0.000,1.000
1773,561,YNL334C,5,0.408,0.000,1.000
1774,562,YGL210W,0,1.000,0.000,1.000
1775,563,YLL015W,1,0.500,0.000,0.500
1776,563,YGR154C,1,0.500,0.000,0.500
1777,564,YLR408C,5,0.408,0.000,1.000
1778,564,YNL086W,5,0.408,0.000,1.000
1779,564,YEL005C,5,0.408,0.000,1.000
1780,564,YDR357C,5,0.408,0.000,1.000
1781,564,YGL079W,5,0.408,0.000,1.000
1782,564,YKL061W,5,0.408,0.000,1.000
1783,565,YER046W,1,0.500,0.000,0.500
1784,565,YNL012W,1,0.500,0.000,0.500
1785,566,YJL036W,2,0.577,0.000,1.000
1786,566,YLR189C,2,0.577,0.000,1.000
1787,566,YDL113C,2,0.577,0.000,1.000
1788,567,YKL101W,3,0.144,0.000,0.273
1789,567,YCL024W,4,0.188,0.000,0.364
1790,567,YNL166C,4,0.185,0.000,0.364
1791,568,YHR192W,3,0.394,0.000,0.750
1792,568,YLL023C,3,0.394,0.000,0.750
1793,569,YOR090C,2,0.577,0.000,1.000
1794,569,YCR079W,2,0.577,0.000,1.000
1795,569,YHR076W,2,0.577,0.000,1.000
1796,570,YMR247C,1,0.707,0.000,1.000
1797,570,YJR036C,1,0.707,0.000,1.000
1798,571,YGL110C,2,0.351,0.000,0.500
1799,571,YDR266C,2,0.351,0.000,0.500
1800,572,YDL198C,1,0.707,0.000,1.000
1801,572,YMR241W,1,0.707,0.000,1.000
1802,573,YNL154C,3,0.147,0.018,0.273
1803,573,YJR004C,4,0.212,0.000,0.364
1804,573,YHR135C,2,0.093,0.000,0.182
1805,573,YLR040C,4,0.212,0.000,0.364
1806,574,YPL112C,1,0.500,0.000,0.500
1807,574,YCL056C,1,0.500,0.000,0.500
1808,575,YPR157W,1,0.282,0.000,0.333
1809,576,YCL055W,1,0.282,0.000,0.333
1810,577,YCL027W,0,1.000,0.000,1.000
1811,578,YLR373C,1,0.500,0.000,0.500
1812,578,YGR071C,1,0.500,0.000,0.500
1813,579,YDR169C,1,0.282,0.000,0.333
1814,580,YFL067W,3,0.500,0.000,1.000
1815,580,YFL066C,3,0.500,0.000,1.000
1816,580,YFL065C,3,0.500,0.000,1.000
1817,580,YFL064C,3,0.500,0.000,1.000
1818,581,YJL073W,1,0.707,0.000,1.000
1819,581,YLR104W,1,0.707,0.000,1.000
1820,582,YJR131W,1,0.707,0.000,1.000
1821,582,YLR057W,1,0.707,0.000,1.000
1822,583,YGR225W,1,0.707,0.000,1.000
1823,583,YHR184W,1,0.707,0.000,1.000
1824,584,YER175C,1,0.707,0.000,1.000
1825,584,YGL117W,1,0.707,0.000,1.000
1826,585,YJR141W,1,0.500,0.000,0.500
1827,585,YBR291C,1,0.500,0.000,0.500
1828,586,YOR066W,1,0.707,0.000,1.000
1829,586,YKR077W,1,0.707,0.000,1.000
1830,587,YMR037C,0,1.000,0.000,1.000
1831,588,YDL025C,1,0.500,0.000,0.500
1832,588,YHR009C,1,0.500,0.000,0.500
1833,589,YGL071W,0,1.000,0.000,1.000
1834,590,YHL047C,1,0.282,0.000,0.333
1835,591,YCR039C,3,0.339,0.033,0.600
1836,591,YCL066W,3,0.339,0.033,0.600
1837,592,YOR353C,4,0.447,0.000,1.000
1838,592,YIL129C,4,0.447,0.000,1.000
1839,592,YHR102W,4,0.447,0.000,1.000
1840,592,YFL034C-B,4,0.447,0.000,1.000
1841,592,YKL189W,4,0.447,0.000,1.000
1842,593,YDR084C,2,0.435,0.000,0.667
1843,593,YKR088C,2,0.435,0.000,0.667
1844,594,YDL210W,1,0.408,0.000,0.333
1845,594,YBR006W,1,0.408,0.000,0.333
1846,594,YIR023W,1,0.408,0.000,0.333
1847,595,YIL120W,2,0.500,0.167,0.667
1848,595,YLL028W,2,0.500,0.167,0.667
1849,595,YNR055C,2,0.500,0.167,0.667
1850,595,YNL065W,2,0.500,0.167,0.667
1851,596,YBR008C,1,0.707,0.000,1.000
1852,596,YML116W,1,0.707,0.000,1.000
1853,597,YHR048W,1,0.707,0.000,1.000
1854,597,YIL121W,1,0.707,0.000,1.000
1855,598,YKR020W,1,0.104,0.000,0.143
1856,598,YLR309C,1,0.243,0.000,0.143
1857,598,YLR261C,1,0.243,0.000,0.143
1858,598,YJL044C,1,0.243,0.000,0.143
1859,599,YKL220C,1,0.408,0.000,0.333
1860,599,YOL152W,1,0.408,0.000,0.333
1861,599,YLL051C,1,0.408,0.000,0.333
1862,600,YKL142W,2,0.222,0.000,0.222
1863,600,YPR149W,2,0.222,0.000,0.222
1864,600,YGR130C,1,0.065,0.000,0.111
1865,600,YML052W,2,0.222,0.000,0.222
1866,601,YOL002C,1,0.271,0.000,0.250
1867,601,YDR492W,1,0.271,0.000,0.250
1868,602,YNR039C,5,0.285,0.011,0.556
1869,602,YOR079C,3,0.178,0.000,0.333
1870,602,YOL154W,1,0.055,0.000,0.111
1871,603,YLR019W,1,0.500,0.000,0.500
1872,603,YLL010C,1,0.500,0.000,0.500
1873,604,YGL077C,1,0.707,0.000,1.000
1874,604,YDR497C,1,0.707,0.000,1.000
1875,605,YPL092W,1,0.707,0.000,1.000
1876,605,YGL254W,1,0.707,0.000,1.000
1877,606,YJL029C,5,0.217,0.000,0.556
1878,606,YNL051W,7,0.310,0.000,0.778
1879,606,YDR484W,5,0.217,0.000,0.556
1880,606,YGL005C,7,0.310,0.000,0.778
1881,606,YGL223C,7,0.310,0.000,0.778
1882,607,YBR172C,1,0.500,0.000,0.500
1883,607,YOR338W,1,0.500,0.000,0.500
1884,608,YGL038C,0,1.000,0.000,1.000
1885,609,YGL032C,1,0.707,0.000,1.000
1886,609,YJL170C,1,0.707,0.000,1.000
1887,610,YMR216C,1,0.707,0.000,1.000
1888,610,YLL019C,1,0.707,0.000,1.000
1889,611,YGL257C,2,0.308,0.000,0.400
1890,611,YIL014W,2,0.308,0.000,0.400
1891,612,YEL036C,4,0.365,0.000,0.800
1892,612,YML115C,4,0.365,0.000,0.800
1893,613,YPL053C,1,0.707,0.000,1.000
1894,613,YNR059W,1,0.707,0.000,1.000
1895,614,YDR089W,1,0.707,0.000,1.000
1896,614,YFL004W,1,0.707,0.000,1.000
1897,615,YMR316W,1,0.707,0.000,1.000
1898,615,YBR056W-A,1,0.707,0.000,1.000
1899,616,YNL283C,5,0.369,0.027,0.833
1900,616,YGR023W,5,0.369,0.027,0.833
1901,616,YOR008C,5,0.369,0.027,0.833
1902,616,YGR070W,5,0.369,0.027,0.833
1903,616,YOL105C,5,0.369,0.027,0.833
1904,616,YLR371W,5,0.369,0.027,0.833
1905,617,YFL047W,1,0.707,0.000,1.000
1906,617,YBR260C,1,0.707,0.000,1.000
1907,618,YBR168W,1,0.707,0.000,1.000
1908,618,YHR150W,1,0.707,0.000,1.000
1909,619,YDR479C,1,0.500,0.000,0.500
1910,619,YGR004W,1,0.500,0.000,0.500
1911,620,YDR143C,1,0.500,0.000,0.500
1912,620,YGL141W,1,0.500,0.000,0.500
1913,621,YIL039W,1,0.707,0.000,1.000
1914,621,YCR017C,1,0.707,0.000,1.000
1915,622,YNL159C,2,0.577,0.000,1.000
1916,622,YMR119W,2,0.577,0.000,1.000
1917,622,YNL008C,2,0.577,0.000,1.000
1918,623,YDL212W,1,0.707,0.000,1.000
1919,623,YKR039W,1,0.707,0.000,1.000
1920,624,YLL038C,1,0.707,0.000,1.000
1921,624,YLL044W,1,0.707,0.000,1.000
1922,625,YLR080W,1,0.707,0.000,1.000
1923,625,YFL048C,1,0.707,0.000,1.000
1924,626,YGL161C,2,0.251,0.000,0.400
1925,626,YER074W-A,3,0.364,0.000,0.600
1926,626,YNL044W,3,0.364,0.000,0.600
1927,627,YMR034C,1,0.707,0.000,1.000
1928,627,YBR187W,1,0.707,0.000,1.000
1929,628,YDR525W-A,1,0.707,0.000,1.000
1930,628,YJL151C,1,0.707,0.000,1.000
1931,629,YOL073C,1,0.707,0.000,1.000
1932,629,YPR109W,1,0.707,0.000,1.000
1933,630,YDR072C,1,0.707,0.000,1.000
1934,630,YGR143W,1,0.707,0.000,1.000
1935,631,YOL042W,1,0.707,0.000,1.000
1936,631,YML118W,1,0.707,0.000,1.000
1937,632,YFR023W,1,0.260,0.000,0.200
1938,632,YNL085W,1,0.260,0.000,0.200
1939,632,YHR015W,1,0.260,0.000,0.200
1940,633,YBR271W,0,1.000,0.000,1.000
1941,634,YAL008W,1,0.500,0.000,0.500
1942,634,YBR056W,1,0.500,0.000,0.500
1943,635,YBR149W,1,0.500,0.000,0.500
1944,635,YMR041C,1,0.500,0.000,0.500
1945,636,YIR001C,1,0.707,0.000,1.000
1946,636,YGR250C,1,0.707,0.000,1.000
1947,637,YML099C,2,0.231,0.000,0.333
1948,637,YMR042W,2,0.231,0.000,0.333
1949,637,YOR163W,1,0.139,0.000,0.167
1950,638,YPR201W,2,0.577,0.000,1.000
1951,638,YPR200C,2,0.577,0.000,1.000
1952,638,YPR199C,2,0.577,0.000,1.000
1953,639,YPL208W,3,0.500,0.000,1.000
1954,639,YBR030W,3,0.500,0.000,1.000
1955,639,YDR257C,3,0.500,0.000,1.000
1956,639,YDR198C,3,0.500,0.000,1.000
1957,640,YOR051C,1,0.707,0.000,1.000
1958,640,YER049W,1,0.707,0.000,1.000
1959,641,YOL070C,2,0.577,0.000,1.000
1960,641,YPL158C,2,0.577,0.000,1.000
1961,641,YNL078W,2,0.577,0.000,1.000
1962,642,YDL243C,2,0.577,0.000,1.000
1963,642,YFL056C,2,0.577,0.000,1.000
1964,642,YFL057C,2,0.577,0.000,1.000
1965,643,YOR053W,1,0.707,0.000,1.000
1966,643,YAL004W,1,0.707,0.000,1.000
1967,644,YDR545C-A,1,0.707,0.000,1.000
1968,644,YDR545W,1,0.707,0.000,1.000
1969,645,YOR396W,1,0.500,0.000,0.500
1970,645,YOR394C-A,1,0.500,0.000,0.500
1971,646,YML076C,1,0.707,0.000,1.000
1972,646,YPL058C,1,0.707,0.000,1.000
1973,647,YMR204C,1,0.707,0.000,1.000
1974,647,YMR163C,1,0.707,0.000,1.000
1975,648,YOL132W,1,0.354,0.000,0.250
1976,648,YMR215W,1,0.354,0.000,0.250
1977,648,YLR343W,1,0.354,0.000,0.250
1978,648,YOL030W,1,0.354,0.000,0.250
1979,649,YDR514C,1,0.707,0.000,1.000
1980,649,YOR252W,1,0.707,0.000,1.000
1981,650,YLR246W,1,0.707,0.000,1.000
1982,650,YOL110W,1,0.707,0.000,1.000
1983,651,YIR003W,1,0.707,0.000,1.000
1984,651,YER071C,1,0.707,0.000,1.000
1985,652,YPL177C,1,0.500,0.000,0.500
1986,652,YPR194C,1,0.500,0.000,0.500
1987,653,YFR018C,1,0.707,0.000,1.000
1988,653,YDL144C,1,0.707,0.000,1.000
1989,654,YOR255W,1,0.707,0.000,1.000
1990,654,YOR242C,1,0.707,0.000,1.000
1991,655,YJL059W,0,1.000,0.000,1.000
1992,656,YCL001W-A,2,0.577,0.000,1.000
1993,656,YCL042W,2,0.577,0.000,1.000
1994,656,YCR024C-B,2,0.577,0.000,1.000
1995,657,YBL048W,1,0.707,0.000,1.000
1996,657,YBL049W,1,0.707,0.000,1.000
1997,658,YGL139W,1,0.500,0.000,0.500
1998,658,YGL146C,1,0.500,0.000,0.500
1999,659,YHR101C,1,0.707,0.000,1.000
2000,659,YMR200W,1,0.707,0.000,1.000
2001,660,YLR065C,1,0.707,0.000,1.000
2002,660,YDR186C,1,0.707,0.000,1.000
2003,661,YPL075W,1,0.500,0.000,0.500
2004,661,YOR344C,1,0.500,0.000,0.500
2005,662,YLL025W,10,0.127,0.001,0.500
2006,662,YLR037C,12,0.152,0.002,0.600
2007,662,YHL046C,17,0.219,0.000,0.850
2008,662,YOL161C,17,0.219,0.000,0.850
2009,662,YAR020C,8,0.106,0.000,0.400
2010,662,YGL261C,17,0.219,0.000,0.850
2011,662,YDR542W,17,0.219,0.000,0.850
2012,662,YAL068C,17,0.219,0.000,0.850
2013,663,YNL149C,1,0.707,0.000,1.000
2014,663,YNL158W,1,0.707,0.000,1.000
2015,664,YNR044W,1,0.707,0.000,1.000
2016,664,YCR089W,1,0.707,0.000,1.000
2017,665,YDL046W,1,0.500,0.000,0.500
2018,665,YOR032C,1,0.500,0.000,0.500
2019,666,YER035W,1,0.707,0.000,1.000
2020,666,YGL222C,1,0.707,0.000,1.000
2021,667,YHR139C,1,0.500,0.000,0.500
2022,667,YDR402C,1,0.500,0.000,0.500
2023,668,YLL059C,1,0.500,0.000,0.500
2024,668,YML131W,1,0.500,0.000,0.500
2025,669,YKL164C,1,0.707,0.000,1.000
2026,669,YJL159W,1,0.707,0.000,1.000
2027,670,YGR045C,1,0.707,0.000,1.000
2028,670,YDR250C,1,0.707,0.000,1.000
2029,671,YER039C,1,0.707,0.000,1.000
2030,671,YER039C-A,1,0.707,0.000,1.000
2031,672,YBL113C,3,0.500,0.000,1.000
2032,672,YBL111C,3,0.500,0.000,1.000
2033,672,YBL109W,3,0.500,0.000,1.000
2034,672,YBL113W-A,3,0.500,0.000,1.000
2035,673,YEL004W,1,0.707,0.000,1.000
2036,673,YML038C,1,0.707,0.000,1.000
2037,674,YER158C,1,0.707,0.000,1.000
2038,674,YDR085C,1,0.707,0.000,1.000
2039,675,YKL047W,1,0.707,0.000,1.000
2040,675,YPL199C,1,0.707,0.000,1.000
2041,676,YLR463C,1,0.707,0.000,1.000
2042,676,YLR465C,1,0.707,0.000,1.000
2043,677,YLR467C-A,1,0.707,0.000,1.000
2044,677,YLR466C-B,1,0.707,0.000,1.000
2045,678,YER119C,1,0.372,0.000,0.333
2046,678,YBR293W,1,0.372,0.000,0.333
2047,679,YLR076C,1,0.500,0.000,0.500
2048,679,YPR044C,1,0.500,0.000,0.500
2049,680,YBL108W,1,0.271,0.000,0.250
2050,680,YDR544C,1,0.271,0.000,0.250
2051,681,YHR219W,0,1.000,0.000,1.000
2052,682,YNL338W,1,0.217,0.000,0.250
2053,682,YFL063W,2,0.412,0.000,0.500
2054,682,YNR077C,2,0.412,0.000,0.500
2055,683,YER190W,2,0.577,0.000,1.000
2056,683,YER188C-A,2,0.577,0.000,1.000
2057,683,YER189W,2,0.577,0.000,1.000
2058,684,YHL049C,0,1.000,0.000,1.000
2059,685,YHL050W-A,1,0.707,0.000,1.000
2060,685,YCL012C,1,0.707,0.000,1.000
2061,686,YNL034W,2,0.408,0.056,0.500
2062,686,YFL051C,2,0.408,0.056,0.500
2063,686,YNL018C,2,0.408,0.056,0.500
2064,687,YIL088C,1,0.707,0.000,1.000
2065,687,YKL146W,1,0.707,0.000,1.000
