,cluster,protein,degree,eigenvector_centrality,betweenness_centrality,degree_centrality
0,0,Q0143,6,0.417,0.119,0.857
1,0,Q0010,6,0.417,0.119,0.857
2,1,YER048W-A,14,0.266,0.008,0.875
3,1,YGL018C,14,0.266,0.008,0.875
4,1,YPR067W,16,0.283,0.042,1.000
5,1,YCL017C,14,0.266,0.008,0.875
6,1,YPL059W,16,0.283,0.042,1.000
7,1,YKL040C,16,0.283,0.042,1.000
8,1,YPL252C,14,0.266,0.008,0.875
9,2,YFL016C,4,0.510,0.100,0.800
10,2,YOR232W,4,0.510,0.100,0.800
11,3,YGL127C,38,0.144,0.017,0.427
12,3,YDL140C,66,0.212,0.169,0.742
13,3,YGR005C,31,0.141,0.004,0.348
14,3,YHR143W-A,38,0.165,0.012,0.427
15,3,YOR224C,39,0.167,0.013,0.438
16,3,YOR151C,48,0.185,0.032,0.539
17,3,YOL005C,42,0.178,0.011,0.472
18,3,YPR086W,46,0.186,0.026,0.517
19,3,YPR187W,43,0.176,0.018,0.483
20,3,YOR210W,42,0.173,0.017,0.472
21,3,YDR404C,43,0.178,0.015,0.483
22,3,YOL135C,40,0.152,0.027,0.449
23,3,YIL143C,35,0.141,0.018,0.393
24,3,YGL043W,38,0.144,0.022,0.427
25,3,YMR112C,34,0.140,0.010,0.382
26,3,YER022W,36,0.144,0.012,0.404
27,3,YLR071C,39,0.147,0.020,0.438
28,3,YBR154C,43,0.174,0.022,0.483
29,3,YGR186W,31,0.141,0.003,0.348
30,3,YJL140W,45,0.186,0.019,0.506
31,3,YIL021W,49,0.189,0.032,0.551
32,3,YGL070C,41,0.172,0.021,0.461
33,3,YDR308C,37,0.140,0.015,0.416
34,4,YGR231C,1,0.707,0.000,0.250
35,4,YGR132C,1,0.707,0.000,0.250
36,5,YMR236W,22,0.223,0.015,0.458
37,5,YDR392W,16,0.169,0.011,0.333
38,5,YBR198C,22,0.223,0.015,0.458
39,5,YGL112C,22,0.223,0.015,0.458
40,5,YDR167W,23,0.228,0.028,0.479
41,5,YER164W,14,0.157,0.003,0.292
42,5,YOL148C,14,0.157,0.003,0.292
43,5,YDR145W,22,0.223,0.015,0.458
44,5,YBR081C,14,0.157,0.003,0.292
45,5,YMR223W,14,0.157,0.003,0.292
46,5,YLR055C,14,0.157,0.003,0.292
47,5,YGL066W,14,0.157,0.003,0.292
48,5,YER148W,44,0.334,0.546,0.917
49,6,YPL003W,7,0.229,0.000,0.212
50,6,YLR306W,8,0.242,0.003,0.242
51,6,YPR066W,9,0.269,0.004,0.273
52,6,YDR054C,10,0.281,0.009,0.303
53,6,YDL132W,16,0.347,0.090,0.485
54,6,YOL133W,17,0.364,0.135,0.515
55,6,YDR139C,10,0.277,0.018,0.303
56,6,YDR328C,22,0.372,0.370,0.667
57,6,YJL047C,9,0.227,0.032,0.273
58,7,YGL211W,11,0.296,0.014,0.550
59,7,YIL008W,10,0.275,0.009,0.500
60,7,YHR111W,10,0.281,0.007,0.500
61,7,YGR200C,15,0.342,0.190,0.750
62,7,YPL086C,13,0.333,0.046,0.650
63,7,YLR384C,11,0.298,0.027,0.550
64,8,YOR027W,16,0.298,0.161,0.696
65,8,YMR186W,17,0.324,0.070,0.739
66,8,YPL240C,17,0.324,0.070,0.739
67,8,YLR216C,13,0.281,0.017,0.565
68,8,YDR214W,15,0.307,0.031,0.652
69,8,YKL117W,14,0.281,0.037,0.609
70,9,YJR082C,25,0.137,0.015,0.229
71,9,YFL039C,72,0.273,0.479,0.661
72,9,YLR385C,19,0.139,0.000,0.174
73,9,YFL024C,24,0.150,0.003,0.220
74,9,YGR002C,34,0.218,0.008,0.312
75,9,YLR399C,20,0.145,0.000,0.183
76,9,YOR244W,24,0.149,0.005,0.220
77,9,YFL013C,22,0.152,0.000,0.202
78,9,YLR052W,23,0.157,0.000,0.211
79,9,YGR252W,24,0.131,0.012,0.220
80,9,YDL002C,23,0.152,0.005,0.211
81,9,YJL081C,38,0.236,0.013,0.349
82,9,YPR023C,26,0.159,0.005,0.239
83,9,YHR099W,28,0.159,0.022,0.257
84,9,YDR485C,24,0.167,0.001,0.220
85,9,YOR189W,22,0.151,0.000,0.202
86,9,YML041C,20,0.145,0.000,0.183
87,9,YBR231C,19,0.139,0.000,0.174
88,9,YNL136W,18,0.128,0.001,0.165
89,9,YPL129W,29,0.169,0.028,0.266
90,9,YNL107W,38,0.234,0.016,0.349
91,9,YGL150C,25,0.159,0.006,0.229
92,9,YPL235W,37,0.202,0.045,0.339
93,9,YLR085C,20,0.143,0.000,0.183
94,9,YHR090C,23,0.129,0.007,0.211
95,9,YDR190C,38,0.202,0.061,0.349
96,9,YDR334W,27,0.182,0.003,0.248
97,9,YNL059C,20,0.134,0.001,0.183
98,10,YBL003C,15,0.204,0.004,0.357
99,10,YML069W,16,0.203,0.011,0.381
100,10,YGL207W,15,0.197,0.010,0.357
101,10,YBR009C,26,0.288,0.051,0.619
102,10,YNL030W,18,0.224,0.014,0.429
103,10,YNL031C,31,0.301,0.175,0.738
104,10,YJL115W,25,0.269,0.076,0.595
105,10,YDR224C,18,0.222,0.053,0.429
106,10,YOL012C,15,0.189,0.048,0.357
107,10,YDR225W,16,0.213,0.006,0.381
108,10,YBR010W,31,0.307,0.141,0.738
109,11,YOL145C,0,1.000,0.000,1.000
110,12,YJR035W,0,1.000,0.000,1.000
111,13,YDR324C,136,0.090,0.003,0.660
112,13,YPL217C,149,0.095,0.005,0.723
113,13,YER082C,142,0.093,0.003,0.689
114,13,YLR222C,150,0.096,0.007,0.728
115,13,YPL093W,145,0.092,0.005,0.704
116,13,YLR276C,142,0.092,0.005,0.689
117,13,YOR206W,158,0.098,0.007,0.767
118,13,YOR310C,145,0.093,0.007,0.704
119,13,YMR229C,144,0.093,0.003,0.699
120,13,YJL010C,134,0.090,0.002,0.650
121,13,YDL060W,144,0.093,0.004,0.699
122,13,YDR449C,146,0.096,0.003,0.709
123,13,YLR197W,145,0.093,0.007,0.704
124,13,YDR496C,163,0.098,0.030,0.791
125,13,YDR398W,146,0.095,0.004,0.709
126,13,YCL054W,161,0.098,0.011,0.782
127,13,YKL009W,149,0.094,0.006,0.723
128,13,YNL132W,145,0.094,0.004,0.704
129,13,YJL033W,149,0.096,0.004,0.723
130,13,YKL172W,154,0.096,0.006,0.748
131,13,YHR052W,155,0.096,0.008,0.752
132,13,YNL110C,158,0.097,0.006,0.767
133,13,YMR093W,136,0.090,0.003,0.660
134,13,YGR245C,146,0.094,0.007,0.709
135,13,YNL061W,152,0.096,0.005,0.738
136,13,YNL308C,142,0.093,0.003,0.689
137,13,YLR409C,144,0.092,0.004,0.699
138,13,YHR170W,141,0.090,0.008,0.684
139,13,YLR009W,144,0.091,0.009,0.699
140,13,YGL171W,140,0.093,0.002,0.680
141,13,YGR145W,153,0.098,0.004,0.743
142,13,YMR290C,158,0.098,0.006,0.767
143,13,YMR049C,166,0.101,0.021,0.806
144,13,YOL077C,155,0.095,0.016,0.752
145,13,YGL078C,148,0.091,0.009,0.718
146,13,YOR145C,138,0.090,0.003,0.670
147,13,YDR299W,144,0.093,0.006,0.699
148,13,YOR294W,154,0.096,0.006,0.748
149,13,YPR144C,139,0.091,0.003,0.675
150,13,YDL148C,148,0.096,0.004,0.718
151,13,YLL008W,152,0.095,0.010,0.738
152,13,YCR057C,154,0.097,0.015,0.748
153,13,YPL043W,162,0.099,0.008,0.786
154,13,YGR103W,171,0.103,0.012,0.830
155,13,YOR272W,165,0.101,0.008,0.801
156,13,YBR247C,153,0.097,0.005,0.743
157,13,YPL012W,143,0.093,0.004,0.694
158,13,YKR081C,163,0.101,0.006,0.791
159,13,YPR137W,149,0.095,0.007,0.723
160,13,YNL075W,146,0.094,0.004,0.709
161,13,YLR129W,149,0.096,0.004,0.723
162,13,YER006W,153,0.096,0.005,0.743
163,14,YOL142W,19,0.249,0.015,0.655
164,14,YGR158C,18,0.246,0.005,0.621
165,14,YOL021C,22,0.262,0.052,0.759
166,14,YJL050W,21,0.241,0.063,0.724
167,14,YGR095C,18,0.246,0.005,0.621
168,14,YGR195W,18,0.246,0.005,0.621
169,14,YNL232W,19,0.249,0.015,0.655
170,14,YOR001W,27,0.273,0.250,0.931
171,15,YGL050W,4,0.447,0.000,0.444
172,15,YML005W,4,0.447,0.000,0.444
173,15,YPL207W,4,0.447,0.000,0.444
174,15,YOL141W,4,0.447,0.000,0.444
175,15,YHR070W,4,0.447,0.000,0.444
176,16,YKL024C,7,0.360,0.071,0.538
177,16,YKL216W,6,0.346,0.013,0.462
178,16,YML106W,6,0.346,0.013,0.462
179,16,YEL021W,11,0.468,0.400,0.846
180,17,YPR062W,6,0.508,0.489,1.000
181,17,YDR400W,4,0.435,0.022,0.667
182,17,YLR209C,4,0.435,0.022,0.667
183,18,YLR340W,154,0.084,0.003,0.928
184,18,YIL069C,154,0.085,0.002,0.928
185,18,YCR031C,155,0.085,0.002,0.934
186,18,YMR116C,160,0.086,0.005,0.964
187,18,YGL189C,153,0.084,0.002,0.922
188,18,YML026C,156,0.085,0.002,0.940
189,18,YPL131W,153,0.084,0.001,0.922
190,18,YPL081W,154,0.085,0.001,0.928
191,18,YDR447C,155,0.085,0.002,0.934
192,18,YOR167C,154,0.085,0.002,0.928
193,18,YJR123W,159,0.085,0.009,0.958
194,18,YOR293W,155,0.085,0.002,0.934
195,18,YBL072C,157,0.085,0.002,0.946
196,18,YBR181C,155,0.085,0.002,0.934
197,18,YGR214W,156,0.085,0.002,0.940
198,18,YOR369C,157,0.085,0.014,0.946
199,18,YJR145C,157,0.085,0.002,0.946
200,18,YGL123W,159,0.085,0.004,0.958
201,18,YML063W,153,0.084,0.001,0.922
202,18,YER074W,156,0.085,0.002,0.940
203,18,YDR064W,157,0.085,0.002,0.946
204,18,YBR048W,154,0.084,0.002,0.928
205,18,YHL015W,159,0.086,0.003,0.958
206,18,YOL040C,159,0.086,0.003,0.958
207,18,YNL178W,160,0.086,0.005,0.964
208,18,YHR203C,154,0.085,0.002,0.928
209,18,YJL190C,156,0.085,0.002,0.940
210,18,YER102W,158,0.086,0.002,0.952
211,18,YLR388W,153,0.084,0.002,0.922
212,18,YOR096W,155,0.085,0.002,0.934
213,18,YMR143W,156,0.085,0.002,0.940
214,18,YDL083C,156,0.085,0.002,0.940
215,18,YBR031W,152,0.084,0.002,0.916
216,18,YGR118W,156,0.085,0.002,0.940
217,18,YGR027C,153,0.084,0.002,0.922
218,18,YJL191W,152,0.084,0.001,0.916
219,18,YPR132W,154,0.085,0.002,0.928
220,18,YML024W,157,0.085,0.002,0.946
221,18,YLR264W,155,0.085,0.002,0.934
222,18,YLR441C,158,0.085,0.002,0.952
223,18,YPL090C,156,0.085,0.002,0.940
224,18,YOR063W,154,0.084,0.004,0.928
225,19,YBR118W,0,1.000,0.000,1.000
226,20,YEL050C,70,0.131,0.006,0.843
227,20,YNL005C,70,0.130,0.006,0.843
228,20,YMR158W,72,0.133,0.008,0.867
229,20,YJR113C,70,0.131,0.005,0.843
230,20,YOR150W,69,0.131,0.004,0.831
231,20,YBR146W,74,0.136,0.008,0.892
232,20,YCR046C,70,0.130,0.007,0.843
233,20,YNR037C,71,0.132,0.006,0.855
234,20,YBR251W,75,0.136,0.033,0.904
235,20,YGR220C,71,0.132,0.016,0.855
236,20,YDR337W,74,0.136,0.008,0.892
237,20,YCR003W,68,0.129,0.004,0.819
238,20,YJL063C,71,0.132,0.006,0.855
239,20,YGL129C,73,0.135,0.007,0.880
240,20,YPR166C,72,0.135,0.006,0.867
241,20,YNL306W,69,0.131,0.004,0.831
242,20,YPL013C,75,0.137,0.010,0.904
243,20,YBL038W,70,0.131,0.007,0.843
244,20,YKL003C,75,0.137,0.009,0.904
245,20,YNL284C,67,0.129,0.003,0.807
246,20,YER050C,70,0.132,0.005,0.843
247,21,YER025W,8,0.333,0.000,0.800
248,21,YLR291C,8,0.333,0.000,0.800
249,21,YDR211W,8,0.333,0.000,0.800
250,21,YOR260W,8,0.333,0.000,0.800
251,21,YPL237W,8,0.333,0.000,0.800
252,21,YGR083C,8,0.333,0.000,0.800
253,21,YKR026C,8,0.333,0.000,0.800
254,21,YDR283C,8,0.333,0.000,0.800
255,21,YJR007W,8,0.333,0.000,0.800
256,22,YLL039C,3,0.557,0.033,0.500
257,22,YDR177W,3,0.557,0.033,0.500
258,23,YGL190C,19,0.315,0.374,0.826
259,23,YDL134C,16,0.319,0.105,0.696
260,23,YPL152W,12,0.288,0.016,0.522
261,23,YAL016W,16,0.324,0.097,0.696
262,23,YIL153W,12,0.288,0.016,0.522
263,23,YDL188C,14,0.299,0.053,0.609
264,24,YPR080W,0,1.000,0.000,1.000
265,25,YDR212W,8,0.355,0.299,0.571
266,25,YML094W,8,0.382,0.183,0.571
267,25,YNL153C,6,0.321,0.044,0.429
268,25,YLR200W,8,0.354,0.207,0.571
269,26,Q0250,36,0.183,0.032,0.621
270,26,YMR145C,31,0.174,0.007,0.534
271,26,Q0105,39,0.195,0.044,0.672
272,26,YGL187C,35,0.188,0.016,0.603
273,26,YGR183C,35,0.195,0.008,0.603
274,26,YDR529C,38,0.199,0.024,0.655
275,26,YHR051W,35,0.180,0.035,0.603
276,26,YHR001W-A,30,0.175,0.004,0.517
277,26,YFR033C,36,0.197,0.010,0.621
278,26,YPR191W,40,0.204,0.025,0.690
279,26,YJL166W,39,0.201,0.036,0.672
280,26,YBL045C,38,0.194,0.033,0.655
281,26,YOR065W,40,0.202,0.040,0.690
282,26,YLR038C,32,0.178,0.024,0.552
283,26,YEL024W,41,0.203,0.083,0.707
284,27,YER141W,1,0.707,0.000,0.500
285,27,YPL172C,1,0.707,0.000,0.500
286,28,YFL036W,2,0.577,0.000,1.000
287,28,YLR067C,2,0.577,0.000,1.000
288,28,YDL044C,2,0.577,0.000,1.000
289,29,YIL157C,4,0.426,0.000,0.500
290,29,YLR203C,5,0.446,0.214,0.625
291,29,YJL062W-A,4,0.426,0.000,0.500
292,29,YML129C,4,0.426,0.000,0.500
293,29,YGR112W,6,0.469,0.393,0.750
294,30,YKL016C,22,0.239,0.016,0.733
295,30,YPL078C,23,0.245,0.021,0.767
296,30,YBR039W,21,0.231,0.013,0.700
297,30,YPL271W,23,0.245,0.021,0.767
298,30,YJR121W,24,0.246,0.051,0.800
299,30,YBL099W,23,0.240,0.043,0.767
300,30,YDL004W,22,0.237,0.018,0.733
301,30,YDR298C,22,0.239,0.016,0.733
302,31,Q0110,0,1.000,0.000,1.000
303,32,Q0115,1,0.707,0.000,1.000
304,32,Q0075,1,0.707,0.000,1.000
305,33,YLL018C-A,14,0.294,0.034,0.824
306,33,YGR029W,13,0.286,0.014,0.765
307,33,YLL009C,14,0.294,0.034,0.824
308,33,YEL020W-A,14,0.294,0.034,0.824
309,33,YKL195W,15,0.295,0.144,0.882
310,34,YDR197W,0,1.000,0.000,1.000
311,35,YPL215W,0,1.000,0.000,1.000
312,36,YOR266W,1,0.707,0.000,1.000
313,36,YGR062C,1,0.707,0.000,1.000
314,37,YDR231C,0,1.000,0.000,1.000
315,38,YDR296W,0,1.000,0.000,1.000
316,39,YBR248C,9,0.261,0.014,0.409
317,39,YOR202W,8,0.242,0.003,0.364
318,39,YKL211C,20,0.425,0.395,0.909
319,39,YGL026C,15,0.364,0.116,0.682
320,39,YCL030C,9,0.247,0.047,0.409
321,39,YPR060C,10,0.238,0.027,0.455
322,40,YLR357W,20,0.239,0.014,0.769
323,40,YCR052W,19,0.231,0.010,0.731
324,40,YMR033W,26,0.262,0.172,1.000
325,40,YPR034W,25,0.261,0.095,0.962
326,40,YGR056W,20,0.239,0.014,0.769
327,40,YFR037C,19,0.230,0.011,0.731
328,40,YGR275W,24,0.260,0.059,0.923
329,41,YCR053W,0,1.000,0.000,1.000
330,42,YLR277C,18,0.239,0.006,0.474
331,42,YER133W,32,0.238,0.517,0.842
332,42,YLR115W,18,0.239,0.006,0.474
333,42,YGL044C,18,0.239,0.006,0.474
334,42,YKL059C,18,0.239,0.006,0.474
335,42,YPR107C,18,0.239,0.006,0.474
336,42,YDR301W,18,0.239,0.006,0.474
337,42,YDR228C,18,0.239,0.006,0.474
338,42,YAL043C,18,0.239,0.006,0.474
339,42,YNL222W,17,0.231,0.002,0.447
340,43,YPL138C,6,0.378,0.000,0.857
341,43,YLR015W,6,0.378,0.000,0.857
342,43,YDR469W,6,0.378,0.000,0.857
343,43,YBR175W,6,0.378,0.000,0.857
344,43,YAR003W,6,0.378,0.000,0.857
345,43,YHR119W,6,0.378,0.000,0.857
346,43,YBR258C,6,0.378,0.000,0.857
347,44,YOR159C,76,0.154,0.017,0.784
348,44,YDL030W,62,0.133,0.007,0.639
349,44,YMR240C,69,0.144,0.010,0.711
350,44,YER029C,77,0.154,0.019,0.794
351,44,YDR416W,61,0.130,0.009,0.629
352,44,YKL173W,78,0.155,0.031,0.804
353,44,YLR147C,79,0.159,0.019,0.814
354,44,YLR275W,79,0.159,0.018,0.814
355,44,YOR308C,65,0.130,0.020,0.670
356,44,YMR288W,73,0.151,0.013,0.753
357,44,YLR117C,69,0.141,0.016,0.711
358,44,YER172C,73,0.148,0.019,0.753
359,44,YPR094W,61,0.131,0.007,0.629
360,44,YFL017W-A,80,0.160,0.020,0.825
361,44,YDL043C,71,0.148,0.011,0.732
362,44,YPL213W,79,0.158,0.028,0.814
363,44,YHR165C,74,0.149,0.020,0.763
364,44,YJL203W,66,0.138,0.010,0.680
365,44,YMR213W,62,0.126,0.031,0.639
366,44,YOR319W,64,0.135,0.008,0.660
367,44,YIR009W,65,0.137,0.009,0.670
368,44,YML049C,69,0.144,0.010,0.711
369,44,YGR074W,71,0.145,0.032,0.732
370,44,YPR182W,79,0.159,0.018,0.814
371,44,YLL036C,58,0.123,0.017,0.598
372,45,YGR208W,1,0.707,0.000,1.000
373,45,YOR184W,1,0.707,0.000,1.000
374,46,YPL178W,1,0.707,0.000,0.500
375,46,YMR125W,1,0.707,0.000,0.500
376,47,YBR136W,35,0.212,0.032,0.538
377,47,YOR033C,35,0.217,0.044,0.538
378,47,YJL092W,30,0.184,0.027,0.462
379,47,YHR164C,25,0.161,0.020,0.385
380,47,YBR088C,25,0.157,0.018,0.385
381,47,YML032C,41,0.246,0.043,0.631
382,47,YLR234W,21,0.146,0.006,0.323
383,47,YER095W,45,0.256,0.089,0.692
384,47,YAR007C,31,0.188,0.054,0.477
385,47,YMR190C,47,0.257,0.110,0.723
386,47,YPL022W,32,0.189,0.052,0.492
387,47,YDR004W,23,0.160,0.009,0.354
388,47,YDR386W,35,0.204,0.046,0.538
389,47,YDR217C,27,0.166,0.035,0.415
390,47,YKL113C,29,0.191,0.014,0.446
391,47,YGL163C,29,0.192,0.014,0.446
392,47,YPL153C,26,0.160,0.014,0.400
393,48,YIR001C,0,0.707,0.000,0.000
394,48,YMR061W,0,0.707,0.000,0.000
395,49,YOR048C,1,0.707,0.000,0.500
396,49,YGL246C,1,0.707,0.000,0.500
397,50,YLR142W,7,0.399,0.321,0.875
398,50,YHR037W,7,0.422,0.155,0.875
399,50,YLR438W,6,0.399,0.048,0.750
400,50,YOR323C,6,0.399,0.048,0.750
401,51,YER125W,15,0.575,0.505,0.750
402,51,YOR322C,8,0.425,0.113,0.400
403,51,YKR021W,3,0.252,0.000,0.150
404,51,YMR275C,3,0.259,0.000,0.150
405,51,YJL084C,4,0.288,0.008,0.200
406,51,YOR018W,3,0.252,0.000,0.150
407,52,YDL074C,1,0.707,0.000,0.250
408,52,YGL058W,1,0.707,0.000,0.250
409,53,YER151C,0,1.000,0.000,1.000
410,54,YAL058W,18,0.256,0.077,0.409
411,54,YJL002C,12,0.208,0.004,0.273
412,54,YDL232W,11,0.189,0.001,0.250
413,54,YJL034W,27,0.264,0.295,0.614
414,54,YER087C-B,15,0.249,0.022,0.341
415,54,YER019C-A,15,0.250,0.028,0.341
416,54,YEL002C,18,0.284,0.075,0.409
417,54,YOR085W,13,0.203,0.014,0.295
418,54,YOR103C,12,0.200,0.004,0.273
419,54,YGL022W,13,0.215,0.006,0.295
420,54,YLR378C,22,0.327,0.098,0.500
421,54,YOR254C,14,0.214,0.020,0.318
422,55,YER007W,7,0.352,0.008,0.700
423,55,YNL148C,7,0.352,0.008,0.700
424,55,YFL037W,7,0.352,0.008,0.700
425,55,YOR265W,8,0.378,0.032,0.800
426,55,YOR349W,8,0.378,0.032,0.800
427,56,YLR243W,0,0.707,0.000,0.000
428,56,YOR262W,0,0.707,0.000,0.000
429,57,YKL008C,12,0.343,0.100,0.857
430,57,YOR171C,10,0.318,0.036,0.714
431,57,YDR297W,11,0.330,0.067,0.786
432,57,YLR260W,10,0.318,0.036,0.714
433,57,YHL003C,12,0.343,0.100,0.857
434,58,YDL114W,0,1.000,0.000,1.000
435,59,YOR109W,7,0.322,0.001,0.389
436,59,YNL106C,7,0.322,0.001,0.389
437,59,YKL212W,15,0.437,0.449,0.833
438,59,YNL267W,8,0.336,0.021,0.444
439,59,YJL100W,7,0.322,0.001,0.389
440,59,YPL268W,7,0.322,0.001,0.389
441,60,YBR283C,0,1.000,0.000,1.000
442,61,YIR037W,1,0.707,0.000,0.500
443,61,YML007W,1,0.707,0.000,0.500
444,62,YOR117W,44,0.169,0.015,0.512
445,62,YER012W,41,0.161,0.008,0.477
446,62,YER021W,41,0.164,0.007,0.477
447,62,YGR135W,42,0.162,0.028,0.488
448,62,YDL097C,40,0.163,0.005,0.465
449,62,YPR108W,39,0.161,0.005,0.453
450,62,YKL145W,43,0.168,0.010,0.500
451,62,YIL075C,41,0.164,0.007,0.477
452,62,YDR427W,40,0.163,0.005,0.465
453,62,YFR004W,40,0.162,0.005,0.465
454,62,YDR394W,43,0.166,0.013,0.500
455,62,YDL147W,41,0.165,0.007,0.477
456,62,YOR259C,43,0.168,0.010,0.500
457,62,YDL007W,44,0.169,0.018,0.512
458,62,YML092C,39,0.159,0.007,0.453
459,62,YOR261C,41,0.164,0.006,0.477
460,62,YHR027C,42,0.166,0.008,0.488
461,62,YHR200W,46,0.170,0.044,0.535
462,62,YFR052W,40,0.163,0.005,0.465
463,62,YGL048C,42,0.167,0.007,0.488
464,62,YLR421C,41,0.164,0.006,0.477
465,62,YOR362C,40,0.161,0.009,0.465
466,63,YLR024C,0,1.000,0.000,1.000
467,64,YKL203C,10,0.328,0.027,0.714
468,64,YHR186C,10,0.328,0.027,0.714
469,64,YOL078W,9,0.316,0.001,0.643
470,64,YJR066W,10,0.328,0.027,0.714
471,64,YMR068W,9,0.316,0.001,0.643
472,64,YNL006W,9,0.316,0.001,0.643
473,64,YER093C,9,0.316,0.001,0.643
474,64,YJL058C,9,0.316,0.001,0.643
475,65,YBL105C,0,0.577,0.000,0.000
476,65,YGR229C,0,0.577,0.000,0.000
477,65,YER155C,0,0.577,0.000,0.000
478,66,YNL270C,2,0.577,0.000,1.000
479,66,YCR021C,2,0.577,0.000,1.000
480,66,YCR027C,2,0.577,0.000,1.000
481,67,YDL047W,0,1.000,0.000,1.000
482,68,YGL073W,0,0.500,0.000,0.000
483,68,YGR249W,0,0.500,0.000,0.000
484,68,YJR147W,0,0.500,0.000,0.000
485,68,YHR206W,0,0.500,0.000,0.000
486,69,YGL180W,17,0.337,0.080,0.607
487,69,YPL149W,12,0.272,0.023,0.429
488,69,YPR049C,16,0.304,0.095,0.571
489,69,YBL078C,19,0.304,0.278,0.679
490,69,YDL149W,15,0.308,0.048,0.536
491,69,YNL223W,11,0.257,0.013,0.393
492,69,YBR217W,11,0.260,0.008,0.393
493,69,YPR185W,10,0.237,0.011,0.357
494,70,YGR163W,4,0.510,0.167,1.000
495,70,YML121W,4,0.510,0.167,1.000
496,71,YKL126W,0,0.707,0.000,0.000
497,71,YHR205W,0,0.707,0.000,0.000
498,72,YIL105C,0,1.000,0.000,1.000
499,73,YGR162W,5,0.473,0.078,0.833
500,73,YOL139C,5,0.473,0.078,0.833
501,74,YMR104C,0,1.000,0.000,1.000
502,75,YOR005C,6,0.403,0.048,0.857
503,75,YMR284W,6,0.403,0.048,0.857
504,75,YCR014C,6,0.403,0.048,0.857
505,75,YMR106C,6,0.403,0.048,0.857
506,76,YNL135C,0,1.000,0.000,1.000
507,77,YGR040W,14,0.311,0.078,0.350
508,77,YLR362W,7,0.193,0.025,0.175
509,77,YDL159W,9,0.221,0.072,0.225
510,77,YDL006W,8,0.196,0.019,0.200
511,77,YHR030C,12,0.269,0.038,0.300
512,77,YNL167C,9,0.232,0.044,0.225
513,77,YOR208W,9,0.245,0.044,0.225
514,77,YLR113W,18,0.279,0.308,0.450
515,77,YBL016W,15,0.319,0.094,0.375
516,77,YJL128C,11,0.290,0.057,0.275
517,77,YER075C,7,0.223,0.017,0.175
518,78,YNR056C,6,0.486,0.222,0.857
519,78,YNR058W,6,0.486,0.222,0.857
520,79,YDR047W,6,0.376,0.000,0.750
521,79,YDL205C,6,0.376,0.000,0.750
522,79,YDR232W,6,0.376,0.000,0.750
523,79,YOR278W,6,0.376,0.000,0.750
524,79,YGL040C,6,0.376,0.000,0.750
525,79,YOR176W,6,0.376,0.000,0.750
526,79,YDR044W,7,0.385,0.214,0.875
527,80,YHR122W,7,0.373,0.014,0.875
528,80,YIL003W,7,0.373,0.014,0.875
529,80,YNL240C,7,0.373,0.014,0.875
530,80,YIL128W,7,0.373,0.014,0.875
531,80,YGL091C,7,0.373,0.014,0.875
532,81,YJL025W,7,0.381,0.036,1.000
533,81,YLR141W,7,0.381,0.036,1.000
534,81,YBL014C,7,0.381,0.036,1.000
535,81,YML043C,7,0.381,0.036,1.000
536,82,YFL021W,0,0.577,0.000,0.000
537,82,YDL106C,0,0.577,0.000,0.000
538,82,YEL009C,0,0.577,0.000,0.000
539,83,YNL189W,12,0.239,0.025,0.600
540,83,YMR308C,13,0.269,0.019,0.650
541,83,YER110C,13,0.269,0.019,0.650
542,83,YLR347C,17,0.324,0.071,0.850
543,83,YLR293C,18,0.318,0.190,0.900
544,83,YBR017C,14,0.285,0.028,0.700
545,84,YML051W,6,0.405,0.033,1.000
546,84,YBR020W,6,0.405,0.033,1.000
547,84,YBR019C,6,0.405,0.033,1.000
548,84,YDR009W,6,0.405,0.033,1.000
549,85,YBL091C,1,0.707,0.000,1.000
550,85,YLR244C,1,0.707,0.000,1.000
551,86,YPR051W,7,0.391,0.059,0.583
552,86,YEL053C,7,0.391,0.059,0.583
553,86,YOR253W,7,0.381,0.056,0.583
554,86,YHR013C,7,0.381,0.056,0.583
555,87,YDR152W,5,0.554,0.286,0.714
556,87,YGL195W,4,0.428,0.262,0.571
557,88,YGR106C,8,0.358,0.037,0.800
558,88,YOR270C,10,0.372,0.393,1.000
559,88,YLR447C,8,0.358,0.037,0.800
560,89,YJL180C,0,0.707,0.000,0.000
561,89,YLR393W,0,0.707,0.000,0.000
562,90,YER154W,1,0.707,0.000,1.000
563,90,YOL027C,1,0.707,0.000,1.000
564,91,YGR175C,22,0.261,0.036,0.846
565,91,YHR072W,21,0.255,0.026,0.808
566,91,YGR060W,20,0.244,0.022,0.769
567,91,YHR007C,22,0.239,0.174,0.846
568,91,YGL001C,18,0.228,0.011,0.692
569,91,YML126C,21,0.249,0.032,0.808
570,91,YHR190W,23,0.268,0.044,0.885
571,92,YMR274C,6,0.329,0.044,0.545
572,92,YKL019W,9,0.451,0.298,0.818
573,92,YDL090C,8,0.406,0.248,0.727
574,93,YLR201C,9,0.321,0.004,0.692
575,93,YML110C,9,0.321,0.004,0.692
576,93,YOL096C,10,0.325,0.145,0.769
577,93,YDR204W,9,0.321,0.004,0.692
578,93,YOR125C,10,0.332,0.051,0.769
579,93,YGR255C,10,0.325,0.145,0.769
580,93,YBR003W,9,0.321,0.004,0.692
581,94,YPL020C,10,0.296,0.134,0.625
582,94,YDR510W,12,0.346,0.107,0.750
583,94,YOR156C,10,0.296,0.134,0.625
584,94,YDL064W,11,0.329,0.067,0.688
585,94,YEL019C,13,0.351,0.219,0.812
586,95,YJL039C,29,0.198,0.010,0.518
587,95,YJR042W,28,0.193,0.007,0.500
588,95,YGR119C,29,0.199,0.010,0.518
589,95,YGL172W,28,0.197,0.007,0.500
590,95,YDL116W,29,0.196,0.010,0.518
591,95,YFR002W,31,0.207,0.013,0.554
592,95,YJL041W,29,0.190,0.024,0.518
593,95,YKR082W,32,0.210,0.017,0.571
594,95,YGL092W,30,0.203,0.012,0.536
595,95,YDL088C,28,0.191,0.007,0.500
596,95,YBL079W,29,0.196,0.019,0.518
597,95,YOR098C,31,0.207,0.013,0.554
598,95,YLR335W,31,0.202,0.027,0.554
599,95,YER105C,27,0.189,0.008,0.482
600,95,YMR047C,27,0.192,0.006,0.482
601,96,YBR082C,0,1.000,0.000,1.000
602,97,YDR451C,3,0.470,0.050,0.600
603,97,YMR043W,4,0.559,0.200,0.800
604,97,YML027W,3,0.470,0.050,0.600
605,98,YFR027W,10,0.325,0.022,0.909
606,98,YJL074C,11,0.336,0.073,1.000
607,98,YMR076C,10,0.325,0.022,0.909
608,98,YIL026C,11,0.336,0.073,1.000
609,98,YDL003W,10,0.325,0.022,0.909
610,99,YJL141C,0,1.000,0.000,1.000
611,100,YNL330C,23,0.255,0.130,0.852
612,100,YDR207C,21,0.251,0.036,0.778
613,100,YPL139C,20,0.248,0.017,0.741
614,100,YPL181W,19,0.242,0.010,0.704
615,100,YDL076C,19,0.242,0.010,0.704
616,100,YIL084C,19,0.241,0.012,0.704
617,100,YNL097C,19,0.241,0.012,0.704
618,101,YKL210W,0,0.707,0.000,0.000
619,101,YGL087C,0,0.707,0.000,0.000
620,102,YHL022C,16,0.409,0.436,0.842
621,102,YIL073C,8,0.262,0.042,0.421
622,102,YER179W,8,0.256,0.032,0.421
623,102,YDL154W,10,0.334,0.047,0.526
624,102,YFL003C,11,0.360,0.066,0.579
625,103,YPR019W,54,0.196,0.035,0.900
626,103,YJL194W,46,0.177,0.016,0.767
627,103,YPR135W,42,0.161,0.027,0.700
628,103,YKL045W,40,0.158,0.013,0.667
629,103,YLR103C,48,0.183,0.019,0.800
630,103,YBL023C,52,0.191,0.028,0.867
631,103,YGL201C,48,0.184,0.018,0.800
632,103,YNL102W,48,0.175,0.031,0.800
633,103,YBR202W,54,0.196,0.033,0.900
634,103,YPR175W,41,0.166,0.011,0.683
635,103,YEL032W,54,0.196,0.033,0.900
636,103,YDR013W,37,0.152,0.007,0.617
637,103,YIR008C,41,0.162,0.014,0.683
638,103,YBL035C,45,0.171,0.022,0.750
639,103,YLR274W,54,0.196,0.033,0.900
640,103,YNL262W,46,0.174,0.023,0.767
641,104,YLR215C,0,0.707,0.000,0.000
642,104,YDR092W,0,0.707,0.000,0.000
643,105,YDR314C,0,1.000,0.000,1.000
644,106,YDR295C,2,0.577,0.000,1.000
645,106,YPR179C,2,0.577,0.000,1.000
646,106,YNL021W,2,0.577,0.000,1.000
647,107,YDL160C,4,0.533,0.600,0.800
648,107,YGR178C,3,0.469,0.150,0.600
649,107,YHR121W,3,0.469,0.150,0.600
650,108,YLR027C,9,0.373,0.137,0.692
651,108,YDR111C,6,0.316,0.001,0.462
652,108,YOR375C,6,0.316,0.001,0.462
653,108,YKL106W,10,0.399,0.207,0.769
654,108,YDL215C,6,0.316,0.001,0.462
655,108,YLR089C,6,0.316,0.001,0.462
656,108,YAL062W,6,0.316,0.001,0.462
657,109,YDR050C,17,0.260,0.028,0.895
658,109,YKL152C,18,0.273,0.030,0.947
659,109,YBR196C,18,0.273,0.030,0.947
660,109,YKL060C,17,0.263,0.024,0.895
661,109,YCR012W,18,0.270,0.036,0.947
662,110,YEL046C,1,0.707,0.000,0.333
663,110,YFL030W,1,0.707,0.000,0.333
664,111,YHR018C,7,0.410,0.065,0.875
665,111,YMR062C,7,0.410,0.065,0.875
666,111,YER069W,7,0.410,0.065,0.875
667,112,YPL262W,1,0.707,0.000,1.000
668,112,YDL078C,1,0.707,0.000,1.000
669,113,YMR300C,0,1.000,0.000,1.000
670,114,YGL237C,3,0.500,0.000,1.000
671,114,YOR358W,3,0.500,0.000,1.000
672,114,YKL109W,3,0.500,0.000,1.000
673,114,YBL021C,3,0.500,0.000,1.000
674,115,YMR292W,0,0.577,0.000,0.000
675,115,YIR028W,0,0.577,0.000,0.000
676,115,YBR208C,0,0.577,0.000,0.000
677,116,YGL173C,2,0.577,0.000,0.667
678,116,YNL118C,2,0.577,0.000,0.667
679,116,YMR080C,2,0.577,0.000,0.667
680,117,YKR069W,7,0.354,0.015,0.583
681,117,YPR167C,8,0.375,0.043,0.667
682,117,YFR030W,7,0.354,0.015,0.583
683,117,YJR137C,7,0.354,0.015,0.583
684,117,YJR010W,10,0.364,0.414,0.833
685,117,YKL001C,8,0.375,0.043,0.667
686,118,YJR060W,4,0.479,0.056,1.000
687,118,YNL103W,4,0.479,0.056,1.000
688,118,YIR017C,4,0.479,0.056,1.000
689,119,YER091C,13,0.316,0.112,0.812
690,119,YLR303W,10,0.295,0.004,0.625
691,119,YLL058W,10,0.295,0.004,0.625
692,119,YAL012W,13,0.331,0.076,0.812
693,119,YER043C,13,0.315,0.185,0.812
694,119,YML082W,10,0.295,0.004,0.625
695,119,YJR130C,11,0.299,0.035,0.688
696,120,YLR092W,0,1.000,0.000,1.000
697,121,YIL162W,1,0.707,0.000,0.333
698,121,YLR300W,1,0.707,0.000,0.333
699,122,YBR297W,3,0.439,0.000,0.375
700,122,YBR299W,4,0.510,0.036,0.500
701,122,YGR292W,4,0.510,0.036,0.500
702,122,YBR298C,3,0.439,0.000,0.375
703,123,YMR099C,5,0.429,0.019,0.556
704,123,YFR053C,7,0.477,0.296,0.778
705,123,YCL040W,5,0.429,0.019,0.556
706,124,YML100W,23,0.212,0.027,0.329
707,124,YOL052C-A,20,0.187,0.029,0.286
708,124,YDR171W,16,0.169,0.004,0.229
709,124,YGR248W,34,0.269,0.051,0.486
710,124,YOR173W,32,0.256,0.042,0.457
711,124,YDL204W,18,0.173,0.012,0.257
712,124,YMR105C,31,0.247,0.070,0.443
713,124,YHR087W,21,0.213,0.008,0.300
714,124,YLR178C,33,0.263,0.067,0.471
715,124,YGL037C,17,0.175,0.010,0.243
716,124,YBR126C,17,0.161,0.011,0.243
717,124,YEL011W,21,0.186,0.026,0.300
718,124,YML128C,38,0.281,0.105,0.543
719,124,YMR250W,38,0.277,0.140,0.543
720,124,YDR074W,17,0.163,0.014,0.243
721,124,YIL136W,17,0.170,0.029,0.243
722,124,YMR169C,16,0.157,0.008,0.229
723,124,YDR070C,16,0.160,0.005,0.229
724,125,YGR044C,0,0.577,0.000,0.000
725,125,YOR279C,0,0.577,0.000,0.000
726,125,YJL106W,0,0.577,0.000,0.000
727,126,YHL012W,8,0.416,0.118,0.727
728,126,YKL035W,10,0.438,0.464,0.909
729,126,YFR015C,7,0.375,0.191,0.636
730,127,YLR166C,12,0.283,0.003,0.545
731,127,YGR009C,13,0.285,0.077,0.591
732,127,YFL005W,16,0.293,0.246,0.727
733,127,YGL233W,13,0.295,0.013,0.591
734,127,YER008C,12,0.283,0.003,0.545
735,127,YPR055W,13,0.295,0.013,0.591
736,128,YGL027C,5,0.566,0.214,0.714
737,128,YPR159W,3,0.424,0.024,0.429
738,129,YIL109C,2,0.577,0.000,1.000
739,129,YHR098C,2,0.577,0.000,1.000
740,129,YNL049C,2,0.577,0.000,1.000
741,130,YDL145C,11,0.309,0.014,0.440
742,130,YER122C,10,0.278,0.016,0.400
743,130,YDL192W,17,0.358,0.220,0.680
744,130,YDR238C,12,0.328,0.029,0.480
745,130,YNL287W,12,0.333,0.022,0.480
746,130,YGL137W,10,0.292,0.013,0.400
747,130,YDL137W,11,0.250,0.086,0.440
748,131,YBR254C,12,0.279,0.006,0.545
749,131,YDR407C,13,0.290,0.012,0.591
750,131,YDR246W,12,0.279,0.006,0.545
751,131,YKR068C,14,0.297,0.026,0.636
752,131,YOR115C,13,0.290,0.012,0.591
753,131,YDR472W,12,0.279,0.006,0.545
754,131,YML077W,13,0.286,0.019,0.591
755,131,YMR218C,13,0.290,0.012,0.591
756,132,YOR002W,10,0.329,0.016,0.556
757,132,YOR067C,9,0.306,0.007,0.500
758,132,YNR030W,9,0.297,0.011,0.500
759,132,YNL048W,10,0.300,0.095,0.556
760,132,YBR110W,11,0.349,0.023,0.611
761,133,YEL061C,10,0.326,0.024,0.625
762,133,YER016W,11,0.345,0.040,0.688
763,133,YLR045C,12,0.350,0.149,0.750
764,133,YKR054C,11,0.311,0.172,0.688
765,133,YCL029C,9,0.302,0.014,0.562
766,134,YMR001C,18,0.226,0.013,0.316
767,134,YGL116W,26,0.279,0.063,0.456
768,134,YJL187C,16,0.185,0.027,0.281
769,134,YGR098C,15,0.184,0.008,0.263
770,134,YGL003C,20,0.226,0.048,0.351
771,134,YBR160W,39,0.335,0.301,0.684
772,134,YPR119W,22,0.237,0.059,0.386
773,134,YJL030W,17,0.203,0.013,0.298
774,134,YBR135W,22,0.234,0.069,0.386
775,134,YPL031C,20,0.171,0.062,0.351
776,134,YGR188C,12,0.154,0.006,0.211
777,134,YMR036C,15,0.164,0.053,0.263
778,134,YGR108W,17,0.200,0.022,0.298
779,134,YJL013C,12,0.154,0.006,0.211
780,134,YLR079W,14,0.160,0.008,0.246
781,135,YDR121W,1,0.707,0.000,0.500
782,135,YJL065C,1,0.707,0.000,0.500
783,136,YJL026W,4,0.447,0.000,0.800
784,136,YER070W,4,0.447,0.000,0.800
785,136,YIL066C,4,0.447,0.000,0.800
786,136,YJR057W,4,0.447,0.000,0.800
787,136,YGR180C,4,0.447,0.000,0.800
788,137,YIL106W,10,0.310,0.029,0.588
789,137,YFR028C,14,0.345,0.262,0.824
790,137,YML064C,12,0.349,0.073,0.706
791,137,YAR019C,11,0.331,0.044,0.647
792,137,YGR092W,10,0.313,0.021,0.588
793,138,YPL018W,15,0.229,0.012,0.441
794,138,YGR179C,15,0.223,0.014,0.441
795,138,YLR381W,16,0.230,0.024,0.471
796,138,YKL049C,16,0.232,0.018,0.471
797,138,YIR010W,24,0.280,0.158,0.706
798,138,YBR211C,18,0.245,0.031,0.529
799,138,YBR107C,23,0.284,0.130,0.676
800,138,YDR318W,15,0.227,0.008,0.441
801,138,YDR254W,24,0.297,0.136,0.706
802,139,YGR204W,11,0.299,0.022,0.688
803,139,YDR019C,12,0.323,0.037,0.750
804,139,YLR058C,12,0.312,0.048,0.750
805,139,YKR080W,12,0.322,0.033,0.750
806,139,YBR084W,11,0.299,0.022,0.688
807,140,YDL042C,1,0.707,0.000,0.500
808,140,YLR442C,1,0.707,0.000,0.500
809,141,YOR120W,7,0.364,0.157,0.700
810,141,YIL053W,6,0.355,0.076,0.600
811,141,YER062C,6,0.355,0.076,0.600
812,142,YOR136W,11,0.309,0.045,0.846
813,142,YIL125W,12,0.330,0.064,0.923
814,142,YNL037C,11,0.309,0.045,0.846
815,142,YLR304C,13,0.337,0.154,1.000
816,143,YOR187W,0,1.000,0.000,1.000
817,144,YGR193C,5,0.406,0.018,0.455
818,144,YBR221C,6,0.436,0.073,0.545
819,144,YDR148C,6,0.436,0.082,0.545
820,145,YKR087C,1,0.707,0.000,0.500
821,145,YGR101W,1,0.707,0.000,0.500
822,146,YMR241W,0,0.707,0.000,0.000
823,146,YJR077C,0,0.707,0.000,0.000
824,147,YNL070W,22,0.237,0.030,0.564
825,147,YDL217C,17,0.193,0.013,0.436
826,147,YJL054W,23,0.242,0.035,0.590
827,147,YGR082W,22,0.239,0.026,0.564
828,147,YNR017W,20,0.205,0.036,0.513
829,147,YPL063W,20,0.207,0.040,0.513
830,147,YNL131W,27,0.277,0.060,0.692
831,147,YNL121C,26,0.253,0.111,0.667
832,147,YIL022W,18,0.198,0.016,0.462
833,147,YMR203W,31,0.293,0.158,0.795
834,148,YOR168W,28,0.245,0.085,0.700
835,148,YGL245W,24,0.232,0.021,0.600
836,148,YLR382C,25,0.206,0.042,0.625
837,148,YIL078W,20,0.190,0.022,0.500
838,148,YGR185C,29,0.254,0.048,0.725
839,148,YGR264C,23,0.221,0.023,0.575
840,148,YDR023W,21,0.197,0.028,0.525
841,148,YHR020W,20,0.199,0.010,0.500
842,148,YBL076C,26,0.232,0.045,0.650
843,148,YPL160W,29,0.257,0.047,0.725
844,148,YDR037W,26,0.236,0.032,0.650
845,149,YLR153C,10,0.319,0.024,0.588
846,149,YDL131W,12,0.337,0.101,0.706
847,149,YAL054C,11,0.333,0.048,0.647
848,149,YDL182W,13,0.343,0.184,0.765
849,149,YBL015W,9,0.303,0.005,0.529
850,150,YMR228W,0,0.577,0.000,0.000
851,150,YPL029W,0,0.577,0.000,0.000
852,150,YOR330C,0,0.577,0.000,0.000
853,151,YOR257W,1,0.707,0.000,0.333
854,151,YOL072W,1,0.707,0.000,0.333
855,152,YDL084W,10,0.364,0.053,0.833
856,152,YNL139C,10,0.364,0.053,0.833
857,152,YDR138W,10,0.364,0.053,0.833
858,152,YDR381W,12,0.382,0.311,1.000
859,153,YGR258C,5,0.408,0.000,1.000
860,153,YHL006C,5,0.408,0.000,1.000
861,153,YLR376C,5,0.408,0.000,1.000
862,153,YIL132C,5,0.408,0.000,1.000
863,153,YDR078C,5,0.408,0.000,1.000
864,153,YER162C,5,0.408,0.000,1.000
865,154,YAL047C,5,0.412,0.017,0.833
866,154,YHR172W,5,0.412,0.017,0.833
867,154,YNL126W,5,0.412,0.017,0.833
868,154,YDR356W,6,0.441,0.183,1.000
869,155,YJR084W,0,1.000,0.000,1.000
870,156,YLR457C,3,0.470,0.083,0.750
871,156,YPL255W,4,0.559,0.333,1.000
872,156,YLL003W,3,0.470,0.083,0.750
873,157,YLL040C,1,0.707,0.000,0.333
874,157,YOR228C,1,0.707,0.000,0.333
875,158,YKL192C,0,0.707,0.000,0.000
876,158,YDR493W,0,0.707,0.000,0.000
877,159,YAL039C,0,0.707,0.000,0.000
878,159,YKL087C,0,0.707,0.000,0.000
879,160,YGR030C,13,0.310,0.051,1.000
880,160,YNL221C,13,0.310,0.051,1.000
881,160,YAL033W,12,0.300,0.025,0.923
882,160,YBR257W,13,0.310,0.051,1.000
883,161,YNL259C,1,0.707,0.000,0.500
884,161,YDR270W,1,0.707,0.000,0.500
885,162,YIL094C,0,0.577,0.000,0.000
886,162,YBR115C,0,0.577,0.000,0.000
887,162,YAR015W,0,0.577,0.000,0.000
888,163,YOL071W,0,0.707,0.000,0.000
889,163,YDR511W,0,0.707,0.000,0.000
890,164,YKL182W,8,0.445,0.208,0.889
891,164,YPL231W,9,0.480,0.329,1.000
892,164,YKL055C,5,0.336,0.030,0.556
893,164,YER061C,5,0.336,0.030,0.556
894,165,YOR100C,0,0.577,0.000,0.000
895,165,YGL080W,0,0.577,0.000,0.000
896,165,YLR327C,0,0.577,0.000,0.000
897,166,YKL088W,6,0.398,0.018,0.750
898,166,YIL083C,6,0.398,0.018,0.750
899,166,YDR196C,8,0.421,0.482,1.000
900,166,YGR277C,6,0.398,0.018,0.750
901,167,YIL134W,3,0.482,0.000,0.750
902,167,YDL045C,4,0.524,0.500,1.000
903,167,YDR236C,3,0.482,0.000,0.750
904,167,YMR178W,3,0.482,0.000,0.750
905,168,YNR045W,1,0.707,0.000,0.500
906,168,YGR222W,1,0.707,0.000,0.500
907,169,YER153C,0,0.707,0.000,0.000
908,169,YMR257C,0,0.707,0.000,0.000
909,170,YGL143C,0,0.577,0.000,0.000
910,170,YOR201C,0,0.577,0.000,0.000
911,170,YHR168W,0,0.577,0.000,0.000
912,171,YOL114C,0,1.000,0.000,1.000
913,172,YBL037W,15,0.281,0.077,0.600
914,172,YJR005W,14,0.281,0.023,0.560
915,172,YPR029C,18,0.315,0.120,0.720
916,172,YGL206C,14,0.276,0.030,0.560
917,172,YOL062C,16,0.297,0.067,0.640
918,172,YJR058C,14,0.282,0.026,0.560
919,172,YGR167W,13,0.260,0.023,0.520
920,173,YCR047C,0,1.000,0.000,1.000
921,174,YGR072W,4,0.510,0.100,0.800
922,174,YHR077C,4,0.510,0.100,0.800
923,175,YGR218W,0,1.000,0.000,1.000
924,176,YJL125C,6,0.399,0.044,0.600
925,176,YDL201W,6,0.399,0.044,0.600
926,176,YBL024W,6,0.399,0.044,0.600
927,176,YOL124C,6,0.399,0.044,0.600
928,177,YER165W,9,0.611,0.234,0.474
929,177,YGL094C,2,0.229,0.000,0.105
930,177,YKR059W,3,0.367,0.000,0.158
931,177,YPR163C,3,0.367,0.000,0.158
932,177,YKL025C,2,0.229,0.000,0.105
933,177,YJL138C,3,0.367,0.000,0.158
934,178,YOL132W,0,0.408,0.000,0.000
935,178,YLR343W,0,0.408,0.000,0.000
936,178,YMR215W,0,0.408,0.000,0.000
937,178,YMR307W,0,0.408,0.000,0.000
938,178,YLR249W,0,0.408,0.000,0.000
939,178,YOL030W,0,0.408,0.000,0.000
940,179,YLL019C,0,0.707,0.000,0.000
941,179,YDR432W,0,0.707,0.000,0.000
942,180,YHR157W,4,0.440,0.000,0.800
943,180,YJR021C,5,0.462,0.400,1.000
944,180,YER044C-A,4,0.440,0.000,0.800
945,180,YLR329W,4,0.440,0.000,0.800
946,180,YMR133W,4,0.440,0.000,0.800
947,181,YPL157W,0,1.000,0.000,1.000
948,182,YLR116W,0,0.707,0.000,0.000
949,182,YKL204W,0,0.707,0.000,0.000
950,183,YGR102C,2,0.577,0.000,1.000
951,183,YBL080C,2,0.577,0.000,1.000
952,183,YMR293C,2,0.577,0.000,1.000
953,184,YLR283W,1,0.707,0.000,0.500
954,184,YLR281C,1,0.707,0.000,0.500
955,185,YCL044C,2,0.473,0.000,0.222
956,185,YMR115W,2,0.473,0.000,0.222
957,185,YPR024W,4,0.636,0.139,0.444
958,186,YNL123W,3,0.557,0.167,1.000
959,186,YOR197W,3,0.557,0.167,1.000
960,187,YKR079C,0,1.000,0.000,1.000
961,188,YNR074C,0,0.707,0.000,0.000
962,188,YGR016W,0,0.707,0.000,0.000
963,189,YFR006W,0,1.000,0.000,1.000
964,190,YBR006W,1,0.707,0.000,0.333
965,190,YGR019W,1,0.707,0.000,0.333
966,191,YDR256C,2,0.577,0.000,1.000
967,191,YGR088W,2,0.577,0.000,1.000
968,191,YJR104C,2,0.577,0.000,1.000
969,192,YKL067W,0,1.000,0.000,1.000
970,193,YEL065W,5,0.518,0.179,0.625
971,193,YER145C,4,0.417,0.179,0.500
972,193,YHL040C,4,0.466,0.054,0.500
973,194,YCR010C,0,0.707,0.000,0.000
974,194,YLR174W,0,0.707,0.000,0.000
975,195,YNL104C,2,0.707,0.167,0.500
976,195,YLR355C,1,0.500,0.000,0.250
977,195,YOR108W,1,0.500,0.000,0.250
978,196,YDL181W,0,0.707,0.000,0.000
979,196,YGR008C,0,0.707,0.000,0.000
980,197,YBR185C,0,0.707,0.000,0.000
981,197,YDL107W,0,0.707,0.000,0.000
982,198,YGR209C,11,0.355,0.061,0.688
983,198,YDR353W,9,0.293,0.039,0.562
984,198,YHR106W,9,0.305,0.025,0.562
985,198,YML028W,10,0.316,0.064,0.625
986,198,YPL091W,11,0.339,0.079,0.688
987,199,YDR244W,18,0.257,0.021,0.643
988,199,YMR026C,17,0.245,0.020,0.607
989,199,YOL147C,21,0.263,0.082,0.750
990,199,YNL214W,17,0.248,0.017,0.607
991,199,YDL065C,19,0.257,0.053,0.679
992,199,YGL153W,21,0.273,0.054,0.750
993,199,YLR191W,24,0.290,0.127,0.857
994,199,YDR265W,17,0.250,0.015,0.607
995,200,YKR009C,10,0.332,0.040,0.667
996,200,YML042W,12,0.349,0.256,0.800
997,200,YGL205W,10,0.332,0.040,0.667
998,200,YNL202W,11,0.355,0.055,0.733
999,201,YBL098W,6,0.462,0.244,1.000
1000,201,YLR231C,5,0.431,0.044,0.833
1001,201,YJR078W,5,0.431,0.044,0.833
1002,202,YGR257C,2,0.577,0.000,1.000
1003,202,YHR008C,2,0.577,0.000,1.000
1004,202,YHR050W,2,0.577,0.000,1.000
1005,203,YOL067C,3,0.500,0.000,1.000
1006,203,YBL103C,3,0.500,0.000,1.000
1007,203,YNL076W,3,0.500,0.000,1.000
1008,203,YGL252C,3,0.500,0.000,1.000
1009,204,YCL018W,0,1.000,0.000,1.000
1010,205,YBR112C,1,0.707,0.000,0.333
1011,205,YPR065W,1,0.707,0.000,0.333
1012,206,YLL001W,6,0.402,0.024,0.857
1013,206,YBR179C,7,0.413,0.310,1.000
1014,206,YOR211C,6,0.402,0.024,0.857
1015,206,YIL065C,6,0.402,0.024,0.857
1016,207,YML035C,14,0.317,0.071,0.636
1017,207,YLR359W,14,0.304,0.073,0.636
1018,207,YML022W,14,0.302,0.066,0.636
1019,207,YDR441C,14,0.302,0.066,0.636
1020,207,YDR399W,14,0.298,0.107,0.636
1021,207,YNL220W,14,0.306,0.091,0.636
1022,208,YJR047C,1,0.707,0.000,1.000
1023,208,YJR070C,1,0.707,0.000,1.000
1024,209,YJR150C,2,0.523,0.000,0.500
1025,209,YIL011W,2,0.523,0.000,0.500
1026,209,YOR009W,3,0.612,0.333,0.750
1027,210,YOR037W,0,0.500,0.000,0.000
1028,210,YER086W,0,0.500,0.000,0.000
1029,210,YDR158W,0,0.500,0.000,0.000
1030,210,YCL064C,0,0.500,0.000,0.000
1031,211,YOR251C,0,1.000,0.000,1.000
1032,212,YKL053C-A,2,0.577,0.000,1.000
1033,212,YLR168C,2,0.577,0.000,1.000
1034,212,YLR193C,2,0.577,0.000,1.000
1035,213,YBR262C,5,0.408,0.000,1.000
1036,213,YCL057C-A,5,0.408,0.000,1.000
1037,213,YGR235C,5,0.408,0.000,1.000
1038,213,YNL100W,5,0.408,0.000,1.000
1039,213,YFR011C,5,0.408,0.000,1.000
1040,213,YKR016W,5,0.408,0.000,1.000
1041,214,YJL130C,0,1.000,0.000,1.000
1042,215,YPR035W,1,0.707,0.000,1.000
1043,215,YDL171C,1,0.707,0.000,1.000
1044,216,YJR109C,1,0.707,0.000,1.000
1045,216,YOR303W,1,0.707,0.000,1.000
1046,217,YAR073W,2,0.707,1.000,1.000
1047,218,YLR157C,0,0.500,0.000,0.000
1048,218,YLR158C,0,0.500,0.000,0.000
1049,218,YLR160C,0,0.500,0.000,0.000
1050,218,YLR155C,0,0.500,0.000,0.000
1051,219,YKL104C,1,0.707,0.000,0.250
1052,219,YEL058W,1,0.707,0.000,0.250
1053,220,YGL062W,1,0.707,0.000,1.000
1054,220,YBR218C,1,0.707,0.000,1.000
1055,221,YLR044C,2,0.408,0.000,0.286
1056,221,YDL080C,2,0.408,0.000,0.286
1057,221,YDR081C,2,0.408,0.000,0.286
1058,221,YGR087C,2,0.408,0.000,0.286
1059,221,YBR240C,2,0.408,0.000,0.286
1060,221,YLR134W,2,0.408,0.000,0.286
1061,222,YGR043C,8,0.450,0.265,0.800
1062,222,YBR117C,7,0.415,0.172,0.700
1063,222,YHR096C,7,0.399,0.231,0.700
1064,223,YHR183W,4,0.468,0.033,0.800
1065,223,YGR256W,4,0.468,0.033,0.800
1066,223,YHR163W,5,0.496,0.433,1.000
1067,224,YPL223C,0,0.707,0.000,0.000
1068,224,YDR403W,0,0.707,0.000,0.000
1069,225,YOR034C,0,0.707,0.000,0.000
1070,225,YHR042W,0,0.707,0.000,0.000
1071,226,YOR040W,9,0.389,0.209,0.818
1072,226,YDR272W,9,0.389,0.209,0.818
1073,226,YOR391C,7,0.361,0.033,0.636
1074,227,YGR207C,1,0.707,0.000,1.000
1075,227,YPR004C,1,0.707,0.000,1.000
1076,228,YLR095C,5,0.448,0.044,0.833
1077,228,YBR245C,5,0.448,0.044,0.833
1078,228,YGL133W,5,0.448,0.044,0.833
1079,229,YPL158C,0,0.707,0.000,0.000
1080,229,YKR048C,0,0.707,0.000,0.000
1081,230,YGL208W,6,0.329,0.000,0.316
1082,230,YER129W,7,0.352,0.008,0.368
1083,230,YDR477W,16,0.453,0.683,0.842
1084,230,YER027C,6,0.329,0.000,0.316
1085,230,YGL179C,7,0.352,0.008,0.368
1086,230,YDR422C,6,0.329,0.000,0.316
1087,230,YGL115W,7,0.347,0.029,0.368
1088,231,YCL028W,1,0.354,0.000,0.125
1089,231,YER040W,1,0.354,0.000,0.125
1090,231,YIR038C,2,0.500,0.107,0.250
1091,231,YNL229C,3,0.653,0.179,0.375
1092,232,YFR019W,10,0.261,0.004,0.455
1093,232,YLR240W,19,0.348,0.246,0.864
1094,232,YFR021W,13,0.308,0.028,0.591
1095,232,YLR360W,9,0.244,0.002,0.409
1096,232,YLR211C,9,0.244,0.002,0.409
1097,232,YBR097W,16,0.333,0.084,0.727
1098,232,YPL120W,20,0.359,0.272,0.909
1099,233,YJL005W,8,0.313,0.009,0.471
1100,233,YJL164C,12,0.382,0.144,0.706
1101,233,YNL098C,9,0.342,0.016,0.529
1102,233,YPL203W,10,0.358,0.033,0.588
1103,233,YIL033C,8,0.313,0.009,0.471
1104,233,YKL166C,10,0.358,0.033,0.588
1105,234,YPR113W,0,1.000,0.000,1.000
1106,235,YDL144C,0,0.707,0.000,0.000
1107,235,YIL160C,0,0.707,0.000,0.000
1108,236,YER081W,1,0.707,0.000,1.000
1109,236,YIL074C,1,0.707,0.000,1.000
1110,237,YNL256W,5,0.490,0.183,1.000
1111,237,YOR236W,5,0.490,0.183,1.000
1112,238,YDR309C,6,0.174,0.003,0.133
1113,238,YBR200W,15,0.312,0.061,0.333
1114,238,YPL115C,5,0.179,0.000,0.111
1115,238,YLL021W,7,0.176,0.008,0.156
1116,238,YOR127W,7,0.194,0.011,0.156
1117,238,YAL041W,14,0.332,0.051,0.311
1118,238,YPR165W,11,0.214,0.239,0.244
1119,238,YGR152C,7,0.199,0.035,0.156
1120,238,YNL298W,14,0.328,0.058,0.311
1121,238,YLR229C,21,0.407,0.179,0.467
1122,238,YHL007C,10,0.244,0.036,0.222
1123,238,YNL271C,12,0.276,0.059,0.267
1124,239,YEL013W,0,0.577,0.000,0.000
1125,239,YAR042W,0,0.577,0.000,0.000
1126,239,YHR117W,0,0.577,0.000,0.000
1127,240,YNL022C,2,0.577,0.000,0.286
1128,240,YGR283C,2,0.577,0.000,0.286
1129,240,YMR310C,2,0.577,0.000,0.286
1130,241,YHR072W-A,0,1.000,0.000,1.000
1131,242,YLR318W,0,0.707,0.000,0.000
1132,242,YLR262C-A,0,0.707,0.000,0.000
1133,243,YMR276W,0,1.000,0.000,1.000
1134,244,YMR023C,2,0.577,0.000,1.000
1135,244,YGL236C,2,0.577,0.000,1.000
1136,244,YDL033C,2,0.577,0.000,1.000
1137,245,YIR027C,2,0.577,0.000,0.500
1138,245,YIR029W,2,0.577,0.000,0.500
1139,245,YIR032C,2,0.577,0.000,0.500
1140,246,YLL024C,2,0.485,0.000,0.333
1141,246,YAL005C,2,0.485,0.000,0.333
1142,246,YPL106C,3,0.595,0.400,0.500
1143,247,YPL225W,0,1.000,0.000,1.000
1144,248,YBL033C,5,0.428,0.025,1.000
1145,248,YBR256C,5,0.428,0.025,1.000
1146,248,YDR487C,5,0.428,0.025,1.000
1147,248,YBR153W,5,0.428,0.025,1.000
1148,249,YMR205C,6,0.402,0.024,0.857
1149,249,YGR240C,6,0.402,0.024,0.857
1150,249,YLR377C,7,0.413,0.310,1.000
1151,249,YJL155C,6,0.402,0.024,0.857
1152,250,YFL045C,1,0.707,0.000,1.000
1153,250,YER003C,1,0.707,0.000,1.000
1154,251,YCR044C,0,0.577,0.000,0.000
1155,251,YIL039W,0,0.577,0.000,0.000
1156,251,YOL122C,0,0.577,0.000,0.000
1157,252,YBR290W,0,1.000,0.000,1.000
1158,253,YDR182W,0,0.707,0.000,0.000
1159,253,YCR017C,0,0.707,0.000,0.000
1160,254,YKL175W,9,0.409,0.101,0.750
1161,254,YLR130C,7,0.351,0.026,0.583
1162,254,YGL255W,8,0.358,0.163,0.667
1163,254,YIL023C,8,0.386,0.051,0.667
1164,255,YEL076C-A,6,0.342,0.008,0.500
1165,255,YLR466W,8,0.402,0.051,0.667
1166,255,YHR218W,7,0.376,0.020,0.583
1167,255,YNL339C,10,0.425,0.293,0.833
1168,256,YMR267W,1,0.707,0.000,1.000
1169,256,YBR011C,1,0.707,0.000,1.000
1170,257,YBL019W,6,0.418,0.238,0.857
1171,257,YML060W,5,0.405,0.000,0.714
1172,257,YKL114C,5,0.405,0.000,0.714
1173,257,YOL043C,5,0.405,0.000,0.714
1174,257,YML021C,5,0.405,0.000,0.714
1175,257,YAL015C,5,0.405,0.000,0.714
1176,258,YLR411W,3,0.557,0.033,0.500
1177,258,YMR021C,3,0.557,0.033,0.500
1178,259,YMR108W,4,0.436,0.056,0.667
1179,259,YJR148W,4,0.436,0.056,0.667
1180,259,YJR016C,5,0.507,0.111,0.833
1181,260,YFR047C,5,0.448,0.024,0.625
1182,260,YGR010W,5,0.448,0.024,0.625
1183,260,YOR209C,5,0.448,0.024,0.625
1184,261,YJR069C,0,1.000,0.000,1.000
1185,262,YJR014W,2,0.577,0.000,1.000
1186,262,YER007C-A,2,0.577,0.000,1.000
1187,262,YDR117C,2,0.577,0.000,1.000
1188,263,YMR197C,24,0.213,0.016,0.800
1189,263,YLR268W,27,0.223,0.060,0.900
1190,263,YLR078C,25,0.224,0.009,0.833
1191,263,YPL232W,25,0.224,0.009,0.833
1192,263,YOR075W,26,0.214,0.054,0.867
1193,263,YKL196C,26,0.226,0.021,0.867
1194,263,YLR026C,26,0.224,0.050,0.867
1195,263,YIL004C,24,0.216,0.008,0.800
1196,264,YOL117W,4,0.447,0.000,1.000
1197,264,YDL216C,4,0.447,0.000,1.000
1198,264,YDR179C,4,0.447,0.000,1.000
1199,264,YMR025W,4,0.447,0.000,1.000
1200,264,YIL071C,4,0.447,0.000,1.000
1201,265,YHR129C,0,1.000,0.000,1.000
1202,266,YMR294W,3,0.500,0.000,1.000
1203,266,YPL174C,3,0.500,0.000,1.000
1204,266,YLL049W,3,0.500,0.000,1.000
1205,266,YDR106W,3,0.500,0.000,1.000
1206,267,YNR008W,12,0.176,0.010,0.250
1207,267,YOR081C,26,0.303,0.081,0.542
1208,267,YKR089C,27,0.316,0.104,0.562
1209,267,YNL130C,13,0.185,0.029,0.271
1210,267,YOR175C,30,0.322,0.230,0.625
1211,267,YJR073C,11,0.176,0.002,0.229
1212,267,YMR165C,18,0.220,0.100,0.375
1213,267,YNL169C,13,0.172,0.029,0.271
1214,267,YOR245C,13,0.175,0.018,0.271
1215,267,YBR029C,15,0.211,0.034,0.312
1216,267,YHR123W,17,0.226,0.042,0.354
1217,267,YOR311C,14,0.206,0.045,0.292
1218,267,YKR031C,17,0.239,0.037,0.354
1219,268,YJR049C,0,0.500,0.000,0.000
1220,268,YDR242W,0,0.500,0.000,0.000
1221,268,YGR205W,0,0.500,0.000,0.000
1222,268,YPL188W,0,0.500,0.000,0.000
1223,269,YDR077W,0,0.577,0.000,0.000
1224,269,YLR110C,0,0.577,0.000,0.000
1225,269,YKL164C,0,0.577,0.000,0.000
1226,270,YHR053C,3,0.612,0.667,1.000
1227,271,YLR034C,0,0.707,0.000,0.000
1228,271,YBR207W,0,0.707,0.000,0.000
1229,272,YLR220W,0,1.000,0.000,1.000
1230,273,YIL110W,4,0.374,0.021,0.364
1231,273,YIL064W,7,0.513,0.227,0.636
1232,273,YJR129C,6,0.441,0.215,0.545
1233,274,YGR281W,2,0.577,0.000,0.333
1234,274,YDR011W,2,0.577,0.000,0.333
1235,274,YOR153W,2,0.577,0.000,0.333
1236,275,YOR281C,0,0.707,0.000,0.000
1237,275,YNL313C,0,0.707,0.000,0.000
1238,276,YNL292W,7,0.415,0.090,1.000
1239,276,YOR243C,7,0.415,0.090,1.000
1240,277,YML058W,1,0.707,0.000,0.500
1241,277,YDL101C,1,0.707,0.000,0.500
1242,278,YDR227W,0,1.000,0.000,1.000
1243,279,YJL127C,0,1.000,0.000,1.000
1244,280,YER014W,0,1.000,0.000,1.000
1245,281,YDR082W,6,0.393,0.030,0.462
1246,281,YLR010C,6,0.393,0.030,0.462
1247,281,YDL220C,6,0.393,0.030,0.462
1248,281,YNL216W,8,0.421,0.308,0.615
1249,282,YEL015W,1,0.707,0.000,0.500
1250,282,YOL149W,1,0.707,0.000,0.500
1251,283,YNL063W,0,0.577,0.000,0.000
1252,283,YIL096C,0,0.577,0.000,0.000
1253,283,YBR141C,0,0.577,0.000,0.000
1254,284,YCR034W,6,0.386,0.007,0.750
1255,284,YBR159W,6,0.386,0.007,0.750
1256,284,YJL097W,6,0.386,0.007,0.750
1257,284,YGL055W,8,0.407,0.471,1.000
1258,284,YDL015C,6,0.386,0.007,0.750
1259,285,YNL295W,0,1.000,0.000,1.000
1260,286,YPR155C,0,0.707,0.000,0.000
1261,286,YIL087C,0,0.707,0.000,0.000
1262,287,YBR101C,0,0.577,0.000,0.000
1263,287,YJL144W,0,0.577,0.000,0.000
1264,287,YPR158W,0,0.577,0.000,0.000
1265,288,YBR109C,0,0.707,0.000,0.000
1266,288,YNL225C,0,0.707,0.000,0.000
1267,289,YGL020C,5,0.389,0.009,0.625
1268,289,YOR164C,7,0.444,0.265,0.875
1269,289,YOL111C,6,0.429,0.051,0.750
1270,289,YDL100C,5,0.389,0.009,0.625
1271,290,YBR176W,1,0.707,0.000,1.000
1272,290,YIL145C,1,0.707,0.000,1.000
1273,291,YIL164C,0,1.000,0.000,1.000
1274,292,YDR367W,4,0.412,0.017,0.667
1275,292,YKL004W,4,0.412,0.017,0.667
1276,292,YPL057C,5,0.477,0.106,0.833
1277,293,YNL072W,3,0.612,0.667,1.000
1278,294,YDR439W,5,0.514,0.267,0.833
1279,294,YCR086W,5,0.492,0.400,0.833
1280,295,YKR070W,0,1.000,0.000,1.000
1281,296,YAL029C,5,0.460,0.405,0.625
1282,296,YOR326W,5,0.520,0.262,0.625
1283,296,YGL210W,3,0.396,0.036,0.375
1284,296,YNL304W,3,0.396,0.036,0.375
1285,297,YBL007C,1,0.707,0.000,1.000
1286,297,YHR016C,1,0.707,0.000,1.000
1287,298,YCR009C,3,0.612,0.071,0.375
1288,298,YDR388W,2,0.523,0.000,0.250
1289,298,YMR192W,2,0.523,0.000,0.250
1290,299,YDL161W,0,0.707,0.000,0.000
1291,299,YLR206W,0,0.707,0.000,0.000
1292,300,YLR319C,0,1.000,0.000,1.000
1293,301,YBR164C,0,0.707,0.000,0.000
1294,301,YOR094W,0,0.707,0.000,0.000
1295,302,YBR038W,2,0.577,0.000,1.000
1296,302,YMR032W,2,0.577,0.000,1.000
1297,302,YDL117W,2,0.577,0.000,1.000
1298,303,YDR056C,7,0.351,0.000,0.778
1299,303,YCL045C,7,0.351,0.000,0.778
1300,303,YJL192C,7,0.351,0.000,0.778
1301,303,YJR088C,8,0.357,0.222,0.889
1302,303,YIL027C,7,0.351,0.000,0.778
1303,303,YKL207W,7,0.351,0.000,0.778
1304,303,YLL014W,7,0.351,0.000,0.778
1305,303,YGL231C,8,0.357,0.222,0.889
1306,304,YOR338W,0,0.500,0.000,0.000
1307,304,YOR359W,0,0.500,0.000,0.000
1308,304,YJL080C,0,0.500,0.000,0.000
1309,304,YBR172C,0,0.500,0.000,0.000
1310,305,YML068W,0,1.000,0.000,1.000
1311,306,YER042W,0,1.000,0.000,1.000
1312,307,YDL091C,4,0.615,0.400,0.800
1313,307,YLR114C,2,0.394,0.000,0.400
1314,307,YKL034W,2,0.394,0.000,0.400
1315,307,YDL219W,2,0.394,0.000,0.400
1316,307,YOR223W,2,0.394,0.000,0.400
1317,308,YPL154C,0,1.000,0.000,1.000
1318,309,YAL021C,11,0.313,0.071,0.733
1319,309,YFL028C,11,0.310,0.129,0.733
1320,309,YDL165W,10,0.307,0.005,0.667
1321,309,YCR093W,11,0.310,0.129,0.733
1322,309,YGR134W,10,0.307,0.005,0.667
1323,310,YDL092W,7,0.384,0.031,1.000
1324,310,YPL243W,7,0.384,0.031,1.000
1325,310,YPL210C,7,0.384,0.031,1.000
1326,310,YPR088C,7,0.384,0.031,1.000
1327,311,YMR245W,6,0.407,0.046,0.667
1328,311,YJL199C,6,0.407,0.046,0.667
1329,311,YER121W,6,0.407,0.046,0.667
1330,312,YAR008W,3,0.557,0.167,1.000
1331,312,YJL087C,3,0.557,0.167,1.000
1332,313,YBL047C,0,0.707,0.000,0.000
1333,313,YDR320C,0,0.707,0.000,0.000
1334,314,YPR042C,0,0.707,0.000,0.000
1335,314,YDL224C,0,0.707,0.000,0.000
1336,315,YNL197C,0,0.707,0.000,0.000
1337,315,YPL184C,0,0.707,0.000,0.000
1338,316,YPL200W,2,0.577,0.000,1.000
1339,316,YOL104C,2,0.577,0.000,1.000
1340,316,YJL019W,2,0.577,0.000,1.000
1341,317,YGL256W,4,0.628,0.533,0.667
1342,317,YGL258W,2,0.455,0.000,0.333
1343,317,YOR387C,2,0.455,0.000,0.333
1344,318,YKL103C,0,0.707,0.000,0.000
1345,318,YHR113W,0,0.707,0.000,0.000
1346,319,YDR430C,0,0.707,0.000,0.000
1347,319,YER078C,0,0.707,0.000,0.000
1348,320,YOL086W-A,3,0.557,0.167,1.000
1349,320,YIR002C,3,0.557,0.167,1.000
1350,321,YJL105W,1,0.707,0.000,1.000
1351,321,YHR207C,1,0.707,0.000,1.000
1352,322,YHR158C,1,0.707,0.000,1.000
1353,322,YGR238C,1,0.707,0.000,1.000
1354,323,YDR310C,1,0.707,0.000,0.500
1355,323,YHR124W,1,0.707,0.000,0.500
1356,324,YPR118W,5,0.529,0.500,1.000
1357,324,YMR009W,4,0.494,0.100,0.800
1358,325,YHR104W,3,0.465,0.100,0.600
1359,325,YJR159W,4,0.549,0.350,0.800
1360,326,YDL052C,0,0.707,0.000,0.000
1361,326,YGR045C,0,0.707,0.000,0.000
1362,327,YHR100C,2,0.577,0.000,1.000
1363,327,YGR046W,2,0.577,0.000,1.000
1364,327,YDL142C,2,0.577,0.000,1.000
1365,328,YOR006C,0,0.707,0.000,0.000
1366,328,YCR051W,0,0.707,0.000,0.000
1367,329,YOR334W,0,0.707,0.000,0.000
1368,329,YPL060W,0,0.707,0.000,0.000
1369,330,YOL130W,0,0.500,0.000,0.000
1370,330,YJL133W,0,0.500,0.000,0.000
1371,330,YFL050C,0,0.500,0.000,0.000
1372,330,YKL064W,0,0.500,0.000,0.000
1373,331,YNR031C,5,0.418,0.012,0.714
1374,331,YDL235C,5,0.418,0.012,0.714
1375,331,YER118C,7,0.451,0.536,1.000
1376,331,YCR073C,5,0.418,0.012,0.714
1377,332,YAL002W,14,0.299,0.053,0.778
1378,332,YMR231W,13,0.293,0.015,0.722
1379,332,YLR396C,13,0.282,0.046,0.722
1380,332,YLR148W,13,0.293,0.015,0.722
1381,332,YDR495C,13,0.293,0.015,0.722
1382,333,YPL036W,0,0.707,0.000,0.000
1383,333,YGL008C,0,0.707,0.000,0.000
1384,334,YPR131C,0,1.000,0.000,1.000
1385,335,YCR048W,1,0.707,0.000,0.500
1386,335,YNR019W,1,0.707,0.000,0.500
1387,336,YJR013W,15,0.304,0.079,0.625
1388,336,YPL175W,14,0.282,0.066,0.583
1389,336,YLR088W,14,0.288,0.059,0.583
1390,336,YMR281W,14,0.296,0.053,0.583
1391,336,YGL142C,15,0.301,0.071,0.625
1392,336,YBR004C,14,0.272,0.118,0.583
1393,336,YLL031C,12,0.264,0.025,0.500
1394,337,YOR140W,0,0.378,0.000,0.000
1395,337,YMR164C,0,0.378,0.000,0.000
1396,337,YHR211W,0,0.378,0.000,0.000
1397,337,YKR102W,0,0.378,0.000,0.000
1398,337,YAR050W,0,0.378,0.000,0.000
1399,337,YKL043W,0,0.378,0.000,0.000
1400,337,YAL063C,0,0.378,0.000,0.000
1401,338,YIR019C,0,0.500,0.000,0.000
1402,338,YOL116W,0,0.500,0.000,0.000
1403,338,YDL233W,0,0.500,0.000,0.000
1404,338,YER109C,0,0.500,0.000,0.000
1405,339,YJR031C,0,1.000,0.000,1.000
1406,340,YPR044C,1,0.707,0.000,0.500
1407,340,YLR062C,1,0.707,0.000,0.500
1408,341,YAL065C,3,0.612,0.667,1.000
1409,342,YMR135C,6,0.376,0.000,0.750
1410,342,YDR255C,6,0.376,0.000,0.750
1411,342,YCL039W,7,0.385,0.214,0.875
1412,342,YIL017C,6,0.376,0.000,0.750
1413,342,YBR105C,6,0.376,0.000,0.750
1414,342,YIL097W,6,0.376,0.000,0.750
1415,342,YGL227W,6,0.376,0.000,0.750
1416,343,YMR081C,0,1.000,0.000,1.000
1417,344,YJL153C,5,0.553,0.400,0.833
1418,344,YOL108C,3,0.438,0.000,0.500
1419,344,YHL020C,3,0.438,0.000,0.500
1420,345,YMR029C,5,0.428,0.025,1.000
1421,345,YNL127W,5,0.428,0.025,1.000
1422,345,YFR008W,5,0.428,0.025,1.000
1423,345,YMR052W,5,0.428,0.025,1.000
1424,346,YLR280C,0,0.707,0.000,0.000
1425,346,YLR125W,0,0.707,0.000,0.000
1426,347,YNL314W,0,0.707,0.000,0.000
1427,347,YDL170W,0,0.707,0.000,0.000
1428,348,YML067C,0,1.000,0.000,1.000
1429,349,YKR099W,0,0.707,0.000,0.000
1430,349,YFR034C,0,0.707,0.000,0.000
1431,350,YOL068C,0,1.000,0.000,1.000
1432,351,YFR003C,0,1.000,0.000,1.000
1433,352,YJL129C,3,0.612,0.200,0.600
1434,352,YDR436W,2,0.523,0.000,0.400
1435,352,YML016C,2,0.523,0.000,0.400
1436,353,YBR061C,3,0.565,0.500,0.750
1437,353,YOL125W,3,0.565,0.500,0.750
1438,354,YOL093W,0,1.000,0.000,1.000
1439,355,YLR316C,0,1.000,0.000,1.000
1440,356,YGL114W,0,0.707,0.000,0.000
1441,356,YKR093W,0,0.707,0.000,0.000
1442,357,YJL212C,0,0.577,0.000,0.000
1443,357,YPR194C,0,0.577,0.000,0.000
1444,357,YPL177C,0,0.577,0.000,0.000
1445,358,YPL214C,10,0.431,0.432,0.833
1446,358,YGR144W,8,0.409,0.174,0.667
1447,358,YPL258C,7,0.399,0.023,0.583
1448,358,YOL055C,7,0.399,0.023,0.583
1449,359,YOR143C,0,0.707,0.000,0.000
1450,359,YDR481C,0,0.707,0.000,0.000
1451,360,YHR215W,9,0.390,0.074,0.643
1452,360,YML123C,11,0.413,0.234,0.786
1453,360,YAR071W,8,0.355,0.055,0.571
1454,360,YHR136C,8,0.358,0.058,0.571
1455,361,YPL034W,0,0.707,0.000,0.000
1456,361,YCL033C,0,0.707,0.000,0.000
1457,362,YLR126C,0,0.707,0.000,0.000
1458,362,YKL069W,0,0.707,0.000,0.000
1459,363,YDL103C,1,0.707,0.000,0.500
1460,363,YFL017C,1,0.707,0.000,0.500
1461,364,YOL095C,0,1.000,0.000,1.000
1462,365,YDR538W,0,1.000,0.000,1.000
1463,366,YBR023C,5,0.424,0.078,0.833
1464,366,YLR330W,6,0.475,0.200,1.000
1465,366,YJL099W,5,0.424,0.078,0.833
1466,367,YLR342W,0,1.000,0.000,1.000
1467,368,YCR002C,10,0.349,0.066,0.769
1468,368,YHR107C,11,0.370,0.091,0.846
1469,368,YLR314C,10,0.346,0.065,0.769
1470,368,YJR076C,12,0.385,0.145,0.923
1471,369,YER039C-A,0,0.577,0.000,0.000
1472,369,YPL244C,0,0.577,0.000,0.000
1473,369,YML038C,0,0.577,0.000,0.000
1474,370,YLR149C,0,1.000,0.000,1.000
1475,371,YFR017C,0,1.000,0.000,1.000
1476,372,YGR262C,6,0.453,0.133,1.000
1477,372,YML036W,6,0.453,0.133,1.000
1478,373,YBR049C,0,0.707,0.000,0.000
1479,373,YPL128C,0,0.707,0.000,0.000
1480,374,YBL068W,7,0.373,0.019,1.000
1481,374,YER099C,7,0.373,0.019,1.000
1482,374,YOL061W,7,0.373,0.019,1.000
1483,374,YHL011C,7,0.373,0.019,1.000
1484,374,YKL181W,7,0.373,0.019,1.000
1485,375,YLL062C,0,0.707,0.000,0.000
1486,375,YPL273W,0,0.707,0.000,0.000
1487,376,YGR142W,0,1.000,0.000,1.000
1488,377,YDL194W,2,0.577,0.000,1.000
1489,377,YKL038W,2,0.577,0.000,1.000
1490,377,YDL138W,2,0.577,0.000,1.000
1491,378,YGR233C,0,1.000,0.000,1.000
1492,379,YFR036W,12,0.277,0.000,1.000
1493,379,YLR127C,12,0.277,0.000,1.000
1494,379,YDL008W,12,0.277,0.000,1.000
1495,379,YDR260C,12,0.277,0.000,1.000
1496,379,YNL172W,12,0.277,0.000,1.000
1497,379,YDR118W,12,0.277,0.000,1.000
1498,379,YHR166C,12,0.277,0.000,1.000
1499,379,YBL084C,12,0.277,0.000,1.000
1500,379,YOR249C,12,0.277,0.000,1.000
1501,379,YGL240W,12,0.277,0.000,1.000
1502,379,YKL022C,12,0.277,0.000,1.000
1503,379,YIR025W,12,0.277,0.000,1.000
1504,379,YLR102C,12,0.277,0.000,1.000
1505,380,YPR127W,2,0.707,0.333,0.667
1506,381,YNR027W,0,0.707,0.000,0.000
1507,381,YEL029C,0,0.707,0.000,0.000
1508,382,YJR099W,2,0.577,0.000,1.000
1509,382,YBR058C,2,0.577,0.000,1.000
1510,382,YOR124C,2,0.577,0.000,1.000
1511,383,YPL065W,17,0.254,0.015,0.773
1512,383,YLR025W,20,0.274,0.062,0.909
1513,383,YMR077C,19,0.270,0.031,0.864
1514,383,YJR102C,17,0.251,0.019,0.773
1515,383,YKL041W,19,0.270,0.031,0.864
1516,383,YKL002W,19,0.270,0.031,0.864
1517,384,YER136W,2,0.577,0.000,0.667
1518,384,YOR370C,2,0.577,0.000,0.667
1519,384,YML097C,2,0.577,0.000,0.667
1520,385,YMR304W,0,1.000,0.000,1.000
1521,386,YJL027C,5,0.405,0.000,0.833
1522,386,YJL028W,5,0.405,0.000,0.833
1523,386,YJR056C,5,0.405,0.000,0.833
1524,386,YJL022W,5,0.405,0.000,0.833
1525,386,YJR055W,6,0.418,0.333,1.000
1526,386,YJL161W,5,0.405,0.000,0.833
1527,387,YDL055C,0,0.577,0.000,0.000
1528,387,YBR085C-A,0,0.577,0.000,0.000
1529,387,YGL065C,0,0.577,0.000,0.000
1530,388,YIL030C,0,1.000,0.000,1.000
1531,389,YMR297W,0,0.500,0.000,0.000
1532,389,YBR139W,0,0.500,0.000,0.000
1533,389,YMR174C,0,0.500,0.000,0.000
1534,389,YKR034W,0,0.500,0.000,0.000
1535,390,YNL238W,4,0.533,0.400,0.667
1536,390,YDR144C,3,0.469,0.100,0.500
1537,390,YLR120C,3,0.469,0.100,0.500
1538,391,YGR121C,2,0.577,0.000,1.000
1539,391,YNL142W,2,0.577,0.000,1.000
1540,391,YPR138C,2,0.577,0.000,1.000
1541,392,YLR299W,3,0.557,0.083,0.750
1542,392,YER163C,3,0.557,0.083,0.750
1543,393,YCL035C,0,0.707,0.000,0.000
1544,393,YDR513W,0,0.707,0.000,0.000
1545,394,YOR321W,9,0.345,0.061,0.529
1546,394,YDR483W,9,0.305,0.089,0.529
1547,394,YDL095W,8,0.316,0.029,0.471
1548,394,YAL023C,11,0.380,0.206,0.647
1549,394,YDL093W,8,0.316,0.049,0.471
1550,395,YGR041W,3,0.385,0.076,0.200
1551,395,YCR038C,4,0.424,0.175,0.267
1552,395,YOR301W,4,0.411,0.137,0.267
1553,395,YLR353W,3,0.385,0.076,0.200
1554,396,YHR074W,2,0.707,0.333,0.667
1555,397,YLR059C,3,0.612,0.667,1.000
1556,398,YDL184C,0,1.000,0.000,1.000
1557,399,YHR137W,0,1.000,0.000,1.000
1558,400,YDR421W,0,0.707,0.000,0.000
1559,400,YGL202W,0,0.707,0.000,0.000
1560,401,YLR138W,4,0.583,0.233,0.667
1561,401,YJL094C,3,0.524,0.033,0.500
1562,402,YLR143W,0,1.000,0.000,1.000
1563,403,YFR044C,1,0.707,0.000,0.500
1564,403,YNL191W,1,0.707,0.000,0.500
1565,404,YKL184W,4,0.524,0.500,1.000
1566,404,YPR069C,3,0.482,0.000,0.750
1567,404,YLR146C,3,0.482,0.000,0.750
1568,404,YOL052C,3,0.482,0.000,0.750
1569,405,YGL220W,3,0.612,0.667,1.000
1570,406,YOL081W,2,0.500,0.500,0.500
1571,406,YDL035C,3,0.653,0.833,0.750
1572,407,YBR223C,0,1.000,0.000,1.000
1573,408,YMR070W,0,1.000,0.000,1.000
1574,409,YER098W,4,0.510,0.167,1.000
1575,409,YBL067C,4,0.510,0.167,1.000
1576,410,YML047C,0,1.000,0.000,1.000
1577,411,YDR414C,2,0.577,0.000,1.000
1578,411,YCR075C,2,0.577,0.000,1.000
1579,411,YKR007W,2,0.577,0.000,1.000
1580,412,YML012W,8,0.429,0.314,1.000
1581,412,YGL002W,6,0.378,0.028,0.750
1582,412,YAR002C-A,6,0.378,0.028,0.750
1583,413,YMR111C,0,0.577,0.000,0.000
1584,413,YKL047W,0,0.577,0.000,0.000
1585,413,YPL236C,0,0.577,0.000,0.000
1586,414,YOR353C,5,0.420,0.024,0.714
1587,414,YFL034C-B,5,0.420,0.024,0.714
1588,414,YKL189W,6,0.436,0.310,0.857
1589,414,YIL129C,5,0.420,0.024,0.714
1590,415,YJR010C-A,3,0.500,0.000,1.000
1591,415,YIR022W,3,0.500,0.000,1.000
1592,415,YLR066W,3,0.500,0.000,1.000
1593,415,YML055W,3,0.500,0.000,1.000
1594,416,YEL076C,4,0.447,0.000,1.000
1595,416,YEL075W-A,4,0.447,0.000,1.000
1596,416,YEL074W,4,0.447,0.000,1.000
1597,416,YEL077C,4,0.447,0.000,1.000
1598,416,YEL075C,4,0.447,0.000,1.000
1599,417,YMR154C,7,0.379,0.089,0.875
1600,417,YHL027W,7,0.379,0.089,0.875
1601,417,YOR275C,8,0.397,0.214,1.000
1602,418,YDL195W,0,1.000,0.000,1.000
1603,419,YOR385W,1,0.707,0.000,0.500
1604,419,YOL016C,1,0.707,0.000,0.500
1605,420,YGR217W,6,0.463,0.152,0.750
1606,420,YNL291C,5,0.396,0.062,0.625
1607,420,YDL128W,5,0.429,0.027,0.625
1608,421,YIR018W,0,0.577,0.000,0.000
1609,421,YGL167C,0,0.577,0.000,0.000
1610,421,YMR034C,0,0.577,0.000,0.000
1611,422,YDR459C,1,0.707,0.000,0.333
1612,422,YDR126W,1,0.707,0.000,0.333
1613,423,YDL240W,0,1.000,0.000,1.000
1614,424,YLR305C,3,0.557,0.167,1.000
1615,424,YMR212C,3,0.557,0.167,1.000
1616,425,YLR422W,0,0.707,0.000,0.000
1617,425,YDR273W,0,0.707,0.000,0.000
1618,426,YOR269W,0,1.000,0.000,1.000
1619,427,YDR517W,0,0.707,0.000,0.000
1620,427,YJR134C,0,0.707,0.000,0.000
1621,428,YIL177C,0,1.000,0.000,1.000
1622,429,YML133C,2,0.577,0.000,1.000
1623,429,YML133W-B,2,0.577,0.000,1.000
1624,429,YML133W-A,2,0.577,0.000,1.000
1625,430,YLL066W-A,3,0.612,0.667,1.000
1626,431,YLL067C,0,1.000,0.000,1.000
1627,432,YDL124W,0,1.000,0.000,1.000
1628,433,YER150W,0,0.577,0.000,0.000
1629,433,YKL096W-A,0,0.577,0.000,0.000
1630,433,YJL159W,0,0.577,0.000,0.000
1631,434,YHR195W,0,0.447,0.000,0.000
1632,434,YML072C,0,0.447,0.000,0.000
1633,434,YKL130C,0,0.447,0.000,0.000
1634,434,YER120W,0,0.447,0.000,0.000
1635,434,YBL091C-A,0,0.447,0.000,0.000
1636,435,YNL160W,0,1.000,0.000,1.000
1637,436,YDR150W,0,1.000,0.000,1.000
1638,437,YOR132W,8,0.344,0.020,0.667
1639,437,YJL053W,9,0.346,0.096,0.750
1640,437,YHR012W,11,0.393,0.190,0.917
1641,437,YJL154C,11,0.392,0.205,0.917
1642,438,YBR086C,0,1.000,0.000,1.000
1643,439,YLR262C,4,0.533,0.286,0.571
1644,439,YDR484W,3,0.469,0.071,0.429
1645,440,YMR079W,0,1.000,0.000,1.000
1646,441,YOR086C,0,0.707,0.000,0.000
1647,441,YGR202C,0,0.707,0.000,0.000
1648,442,YPL272C,0,0.707,0.000,0.000
1649,442,YJL145W,0,0.707,0.000,0.000
1650,443,YNL323W,1,0.707,0.000,0.200
1651,443,YCR094W,1,0.707,0.000,0.200
1652,444,YER166W,2,0.707,0.333,0.667
1653,445,YNL297C,2,0.577,0.000,1.000
1654,445,YDR141C,2,0.577,0.000,1.000
1655,445,YIL048W,2,0.577,0.000,1.000
1656,446,YLR286C,11,0.372,0.456,0.786
1657,446,YER124C,7,0.363,0.015,0.500
1658,446,YNL327W,7,0.363,0.015,0.500
1659,446,YHR143W,7,0.363,0.015,0.500
1660,446,YNL066W,7,0.363,0.015,0.500
1661,446,YGL028C,7,0.363,0.015,0.500
1662,447,YLR097C,1,0.707,0.000,1.000
1663,447,YBR280C,1,0.707,0.000,1.000
1664,448,YGR003W,0,1.000,0.000,1.000
1665,449,YLR380W,0,0.707,0.000,0.000
1666,449,YNL264C,0,0.707,0.000,0.000
1667,450,YNL334C,5,0.408,0.000,1.000
1668,450,YNL333W,5,0.408,0.000,1.000
1669,450,YFL059W,5,0.408,0.000,1.000
1670,450,YMR096W,5,0.408,0.000,1.000
1671,450,YMR095C,5,0.408,0.000,1.000
1672,450,YFL060C,5,0.408,0.000,1.000
1673,451,YNL086W,5,0.408,0.000,1.000
1674,451,YGL079W,5,0.408,0.000,1.000
1675,451,YLR408C,5,0.408,0.000,1.000
1676,451,YDR357C,5,0.408,0.000,1.000
1677,451,YKL061W,5,0.408,0.000,1.000
1678,451,YEL005C,5,0.408,0.000,1.000
1679,452,YDR104C,0,0.577,0.000,0.000
1680,452,YHR105W,0,0.577,0.000,0.000
1681,452,YLR253W,0,0.577,0.000,0.000
1682,453,YOR042W,0,1.000,0.000,1.000
1683,454,YHR192W,3,0.500,0.000,1.000
1684,454,YDR233C,3,0.500,0.000,1.000
1685,454,YPR028W,3,0.500,0.000,1.000
1686,454,YOR165W,3,0.500,0.000,1.000
1687,455,YOR090C,1,0.707,0.000,1.000
1688,455,YCR079W,1,0.707,0.000,1.000
1689,456,YMR247C,0,1.000,0.000,1.000
1690,457,YGR271W,4,0.559,0.333,1.000
1691,457,YPL009C,3,0.470,0.083,0.750
1692,457,YKR023W,3,0.470,0.083,0.750
1693,458,YDL198C,0,1.000,0.000,1.000
1694,459,YPL249C,0,0.707,0.000,0.000
1695,459,YGR100W,0,0.707,0.000,0.000
1696,460,YDR461W,6,0.329,0.024,0.500
1697,460,YFL026W,9,0.409,0.227,0.750
1698,460,YKL178C,8,0.378,0.155,0.667
1699,460,YPL187W,7,0.364,0.066,0.583
1700,461,YIL120W,0,0.447,0.000,0.000
1701,461,YIL121W,0,0.447,0.000,0.000
1702,461,YPR157W,0,0.447,0.000,0.000
1703,461,YNL065W,0,0.447,0.000,0.000
1704,461,YPR008W,0,0.447,0.000,0.000
1705,462,YNL196C,2,0.497,0.000,0.500
1706,462,YBR057C,2,0.497,0.000,0.500
1707,462,YGL192W,3,0.604,0.667,0.750
1708,463,YJR094C,0,1.000,0.000,1.000
1709,464,YFL067W,3,0.482,0.000,0.600
1710,464,YFL064C,3,0.482,0.000,0.600
1711,464,YFL065C,3,0.482,0.000,0.600
1712,464,YFL066C,4,0.524,0.300,0.800
1713,465,YJL073W,0,1.000,0.000,1.000
1714,466,YJR131W,0,1.000,0.000,1.000
1715,467,YGR225W,0,1.000,0.000,1.000
1716,468,YGL117W,0,1.000,0.000,1.000
1717,469,YOR271C,0,1.000,0.000,1.000
1718,470,YDR221W,0,0.577,0.000,0.000
1719,470,YMR200W,0,0.577,0.000,0.000
1720,470,YNL322C,0,0.577,0.000,0.000
1721,471,YOR066W,0,1.000,0.000,1.000
1722,472,YMR100W,0,0.577,0.000,0.000
1723,472,YKL010C,0,0.577,0.000,0.000
1724,472,YGL141W,0,0.577,0.000,0.000
1725,473,YHR009C,0,0.707,0.000,0.000
1726,473,YDL025C,0,0.707,0.000,0.000
1727,474,YJR089W,0,1.000,0.000,1.000
1728,475,YGL071W,0,1.000,0.000,1.000
1729,476,YCR097W,5,0.507,0.167,1.000
1730,476,YCR040W,4,0.436,0.083,0.800
1731,476,YCL067C,4,0.436,0.083,0.800
1732,477,YKR088C,0,0.707,0.000,0.000
1733,477,YDR084C,0,0.707,0.000,0.000
1734,478,YDR100W,1,0.707,0.000,1.000
1735,478,YMR071C,1,0.707,0.000,1.000
1736,479,YLL028W,0,0.707,0.000,0.000
1737,479,YNR055C,0,0.707,0.000,0.000
1738,480,YBR008C,0,1.000,0.000,1.000
1739,481,YGR086C,4,0.510,0.100,0.800
1740,481,YPL004C,4,0.510,0.100,0.800
1741,482,YOL101C,2,0.577,0.000,1.000
1742,482,YLR023C,2,0.577,0.000,1.000
1743,482,YJL056C,2,0.577,0.000,1.000
1744,483,YOR043W,0,1.000,0.000,1.000
1745,484,YDR497C,0,1.000,0.000,1.000
1746,485,YPL092W,0,1.000,0.000,1.000
1747,486,YPR105C,8,0.358,0.036,1.000
1748,486,YNL041C,8,0.358,0.036,1.000
1749,486,YER157W,8,0.358,0.036,1.000
1750,486,YML071C,8,0.358,0.036,1.000
1751,487,YGL038C,0,1.000,0.000,1.000
1752,488,YGL032C,0,0.577,0.000,0.000
1753,488,YCR089W,0,0.577,0.000,0.000
1754,488,YLR452C,0,0.577,0.000,0.000
1755,489,YMR216C,0,1.000,0.000,1.000
1756,490,YER001W,4,0.583,0.350,0.800
1757,490,YBR015C,3,0.524,0.050,0.600
1758,491,YPL053C,0,1.000,0.000,1.000
1759,492,YDR089W,0,1.000,0.000,1.000
1760,493,YOR220W,0,0.707,0.000,0.000
1761,493,YMR316W,0,0.707,0.000,0.000
1762,494,YBR260C,0,1.000,0.000,1.000
1763,495,YGR004W,0,0.577,0.000,0.000
1764,495,YDR479C,0,0.577,0.000,0.000
1765,495,YBR168W,0,0.577,0.000,0.000
1766,496,YLR324W,0,0.707,0.000,0.000
1767,496,YHR150W,0,0.707,0.000,0.000
1768,497,YGR184C,0,1.000,0.000,1.000
1769,498,YNL008C,1,0.707,0.000,1.000
1770,498,YMR119W,1,0.707,0.000,1.000
1771,499,YKR039W,0,0.707,0.000,0.000
1772,499,YJR152W,0,0.707,0.000,0.000
1773,500,YLL038C,0,0.577,0.000,0.000
1774,500,YGL217C,0,0.577,0.000,0.000
1775,500,YGL102C,0,0.577,0.000,0.000
1776,501,YFL048C,0,1.000,0.000,1.000
1777,502,YGR172C,3,0.557,0.167,1.000
1778,502,YGL198W,3,0.557,0.167,1.000
1779,503,YDR264C,0,0.707,0.000,0.000
1780,503,YLR246W,0,0.707,0.000,0.000
1781,504,YBR187W,0,1.000,0.000,1.000
1782,505,YER123W,0,0.707,0.000,0.000
1783,505,YPL199C,0,0.707,0.000,0.000
1784,506,YJL151C,0,1.000,0.000,1.000
1785,507,YOL073C,0,1.000,0.000,1.000
1786,508,YOL042W,0,1.000,0.000,1.000
1787,509,YDR135C,0,0.707,0.000,0.000
1788,509,YLL048C,0,0.707,0.000,0.000
1789,510,YBR053C,0,1.000,0.000,1.000
1790,511,YMR041C,0,0.500,0.000,0.000
1791,511,YBR149W,0,0.500,0.000,0.000
1792,511,YAL008W,0,0.500,0.000,0.000
1793,511,YBR056W,0,0.500,0.000,0.000
1794,512,YDR173C,4,0.506,0.400,0.800
1795,512,YDR017C,4,0.506,0.400,0.800
1796,513,YPR201W,2,0.577,0.000,1.000
1797,513,YPR199C,2,0.577,0.000,1.000
1798,513,YPR200C,2,0.577,0.000,1.000
1799,514,YBR030W,3,0.500,0.000,1.000
1800,514,YPL208W,3,0.500,0.000,1.000
1801,514,YDR198C,3,0.500,0.000,1.000
1802,514,YDR257C,3,0.500,0.000,1.000
1803,515,YDR406W,0,0.577,0.000,0.000
1804,515,YGL013C,0,0.577,0.000,0.000
1805,515,YOR328W,0,0.577,0.000,0.000
1806,516,YER049W,0,1.000,0.000,1.000
1807,517,YNL078W,1,0.707,0.000,1.000
1808,517,YOL070C,1,0.707,0.000,1.000
1809,518,YFL056C,2,0.577,0.000,1.000
1810,518,YDL243C,2,0.577,0.000,1.000
1811,518,YFL057C,2,0.577,0.000,1.000
1812,519,YOR053W,0,1.000,0.000,1.000
1813,520,YOR394C-A,0,0.577,0.000,0.000
1814,520,YOR396W,0,0.577,0.000,0.000
1815,520,YDR545W,0,0.577,0.000,0.000
1816,521,YDR545C-A,0,1.000,0.000,1.000
1817,522,YOR396C-A,0,1.000,0.000,1.000
1818,523,YPL058C,0,1.000,0.000,1.000
1819,524,YOR386W,0,0.707,0.000,0.000
1820,524,YBR078W,0,0.707,0.000,0.000
1821,525,YOR252W,0,1.000,0.000,1.000
1822,526,YOL110W,0,1.000,0.000,1.000
1823,527,YIR003W,0,1.000,0.000,1.000
1824,528,YKL142W,0,0.500,0.000,0.000
1825,528,YML052W,0,0.500,0.000,0.000
1826,528,YPR149W,0,0.500,0.000,0.000
1827,528,YMR031C,0,0.500,0.000,0.000
1828,529,YBL005W,0,1.000,0.000,1.000
1829,530,YFR018C,0,1.000,0.000,1.000
1830,531,YOR242C,0,1.000,0.000,1.000
1831,532,YJL059W,0,1.000,0.000,1.000
1832,533,YCL042W,2,0.577,0.000,1.000
1833,533,YCR024C-B,2,0.577,0.000,1.000
1834,533,YCL001W-A,2,0.577,0.000,1.000
1835,534,YBL049W,0,1.000,0.000,1.000
1836,535,YGL139W,0,0.707,0.000,0.000
1837,535,YGL146C,0,0.707,0.000,0.000
1838,536,YGL140C,0,1.000,0.000,1.000
1839,537,YML086C,0,1.000,0.000,1.000
1840,538,YOR193W,0,1.000,0.000,1.000
1841,539,YLR065C,0,1.000,0.000,1.000
1842,540,YPL075W,0,0.577,0.000,0.000
1843,540,YOR344C,0,0.577,0.000,0.000
1844,540,YDL046W,0,0.577,0.000,0.000
1845,541,YOR383C,0,1.000,0.000,1.000
1846,542,YMR325W,20,0.239,0.016,1.000
1847,542,YIL176C,20,0.239,0.016,1.000
1848,542,YCR104W,20,0.239,0.016,1.000
1849,542,YIR041W,20,0.239,0.016,1.000
1850,542,YFL020C,20,0.239,0.016,1.000
1851,542,YJL223C,20,0.239,0.016,1.000
1852,543,YLR047C,0,1.000,0.000,1.000
1853,544,YNL158W,0,1.000,0.000,1.000
1854,545,YNR044W,0,1.000,0.000,1.000
1855,546,YDR250C,0,0.707,0.000,0.000
1856,546,YBR294W,0,0.707,0.000,0.000
1857,547,YGR125W,0,1.000,0.000,1.000
1858,548,YER035W,0,1.000,0.000,1.000
1859,549,YHR139C,0,0.707,0.000,0.000
1860,549,YDR402C,0,0.707,0.000,0.000
1861,550,YML131W,0,0.707,0.000,0.000
1862,550,YLL059C,0,0.707,0.000,0.000
1863,551,YLL056C,0,1.000,0.000,1.000
1864,552,YNL199C,0,0.707,0.000,0.000
1865,552,YPL006W,0,0.707,0.000,0.000
1866,553,YER039C,0,1.000,0.000,1.000
1867,554,YBL111C,3,0.500,0.000,1.000
1868,554,YBL109W,3,0.500,0.000,1.000
1869,554,YBL113C,3,0.500,0.000,1.000
1870,554,YBL113W-A,3,0.500,0.000,1.000
1871,555,YEL004W,0,1.000,0.000,1.000
1872,556,YDR085C,0,1.000,0.000,1.000
1873,557,YLR463C,1,0.707,0.000,0.500
1874,557,YLR465C,1,0.707,0.000,0.500
1875,558,YLR466C-B,0,1.000,0.000,1.000
1876,559,YBR293W,0,0.577,0.000,0.000
1877,559,YKL146W,0,0.577,0.000,0.000
1878,559,YNL101W,0,0.577,0.000,0.000
1879,560,YER119C,0,0.577,0.000,0.000
1880,560,YIL088C,0,0.577,0.000,0.000
1881,560,YCL038C,0,0.577,0.000,0.000
1882,561,YPR156C,1,0.707,0.000,0.500
1883,561,YGR138C,1,0.707,0.000,0.500
1884,562,YLR156W,0,1.000,0.000,1.000
1885,563,YJR162C,1,0.707,0.000,0.200
1886,563,YNL337W,1,0.707,0.000,0.200
1887,564,YHR219W,0,1.000,0.000,1.000
1888,565,YDR543C,2,0.707,0.167,0.500
1889,565,YKL225W,1,0.500,0.000,0.250
1890,565,YNR077C,1,0.500,0.000,0.250
1891,566,YER188C-A,1,0.707,0.000,1.000
1892,566,YER189W,1,0.707,0.000,1.000
1893,567,YHL050W-A,0,1.000,0.000,1.000
1894,568,YNL034W,0,0.577,0.000,0.000
1895,568,YNL018C,0,0.577,0.000,0.000
1896,568,YFL051C,0,0.577,0.000,0.000
1897,569,YNL033W,0,0.707,0.000,0.000
1898,569,YNL019C,0,0.707,0.000,0.000
