,cluster,protein,degree,eigenvector_centrality,betweenness_centrality,degree_centrality
2,1,YMR301C,10,0.201,0.0,0.625
7,2,YDR376W,0,0.0,0.0,0.0
9,3,YPR161C,9,0.027,0.0,0.101
11,3,YJR072C,4,0.02,0.0,0.045
18,3,YPL228W,3,0.004,0.0,0.034
19,3,YBR236C,5,0.014,0.002,0.056
23,3,YJR017C,3,0.013,0.0,0.034
25,3,YPR133C,8,0.028,0.0,0.09
28,3,YGL130W,4,0.011,0.001,0.045
30,3,YDR527W,0,0.0,0.0,0.0
35,5,YPR110C,14,0.112,0.0,0.292
36,5,YKR025W,14,0.112,0.0,0.292
37,5,YPL082C,6,0.049,0.005,0.125
38,5,YKL144C,14,0.112,0.0,0.292
40,5,YAL001C,9,0.062,0.0,0.188
41,5,YNL113W,14,0.112,0.0,0.292
42,5,YJL011C,14,0.112,0.0,0.292
43,5,YER159C,3,0.024,0.0,0.062
44,5,YDR362C,11,0.08,0.002,0.229
45,5,YPR186C,7,0.059,0.0,0.146
46,5,YGR047C,14,0.097,0.005,0.292
47,5,YBR123C,13,0.096,0.009,0.271
48,5,YDR397C,3,0.024,0.0,0.062
49,5,YOR110W,8,0.059,0.0,0.167
50,5,YPL007C,8,0.059,0.0,0.167
51,5,YDR045C,14,0.112,0.0,0.292
76,9,YOR329C,1,0.001,0.0,0.009
85,9,YPL242C,6,0.015,0.006,0.055
86,9,YNL020C,3,0.003,0.0,0.028
90,9,YPR085C,3,0.011,0.0,0.028
91,9,YNL152W,2,0.002,0.0,0.018
101,9,YKL013C,9,0.009,0.0,0.083
102,9,YGR211W,0,0.0,0.0,0.0
103,9,YGL106W,3,0.013,0.0,0.028
112,10,YMR179W,0,0.0,0.0,0.0
120,13,YOL144W,9,0.005,0.0,0.044
122,13,YDR412W,19,0.014,0.0,0.092
125,13,YIL104C,6,0.003,0.0,0.029
126,13,YDR361C,48,0.033,0.001,0.233
128,13,YLR336C,46,0.032,0.0,0.223
131,13,YER036C,53,0.035,0.0,0.257
138,13,YJR041C,22,0.015,0.0,0.107
139,13,YMR239C,25,0.017,0.0,0.121
140,13,YER168C,0,0.0,0.0,0.0
141,13,YOR119C,28,0.019,0.0,0.136
143,13,YOL022C,3,0.002,0.0,0.015
144,13,YLR022C,7,0.004,0.0,0.034
152,13,YNL124W,34,0.025,0.001,0.165
153,13,YKL014C,46,0.032,0.0,0.223
155,13,YIR012W,61,0.04,0.0,0.296
156,13,YGL014W,1,0.001,0.0,0.005
159,13,YNL163C,4,0.002,0.0,0.019
162,13,YBR192W,3,0.002,0.0,0.015
168,13,YOR046C,43,0.03,0.0,0.209
169,14,YNL251C,4,0.026,0.0,0.138
172,14,YLR430W,5,0.029,0.001,0.172
174,14,YDR293C,4,0.061,0.0,0.138
176,14,YPL190C,7,0.048,0.003,0.241
181,15,YJL035C,0,0.0,0.0,0.0
188,18,YBR079C,61,0.032,0.0,0.367
189,18,YDR091C,81,0.043,0.013,0.488
190,18,YMR309C,61,0.032,0.0,0.367
193,18,YPR016C,82,0.046,0.001,0.494
194,18,YNL002C,139,0.079,0.0,0.837
195,18,YEL034W,91,0.052,0.0,0.548
198,18,YDR429C,86,0.047,0.0,0.518
201,18,YOR361C,71,0.038,0.0,0.428
203,18,YNL244C,61,0.032,0.0,0.367
211,18,YMR146C,105,0.057,0.001,0.633
214,18,YPR041W,52,0.028,0.0,0.313
215,18,YJR067C,1,0.0,0.0,0.006
216,18,YAL003W,138,0.078,0.002,0.831
222,18,YMR260C,69,0.037,0.0,0.416
229,18,YAL035W,123,0.068,0.001,0.741
243,20,YGL068W,43,0.084,0.001,0.518
252,21,YER025W,8,0.333,0.0,0.8
253,21,YLR291C,8,0.333,0.0,0.8
255,21,YDR211W,8,0.333,0.0,0.8
256,21,YOR260W,8,0.333,0.0,0.8
258,21,YPL237W,8,0.333,0.0,0.8
259,21,YGR083C,8,0.333,0.0,0.8
262,21,YJR007W,8,0.333,0.0,0.8
274,25,YFL023W,1,0.059,0.0,0.071
276,25,YJL014W,5,0.205,0.0,0.357
277,25,YJL111W,5,0.205,0.0,0.357
298,29,YBR024W,1,0.113,0.0,0.125
321,37,YDR231C,0,1.0,0.0,1.0
332,40,YBR089C-A,1,0.015,0.0,0.038
334,40,YPL016W,10,0.096,0.0,0.385
347,42,YDR130C,4,0.017,0.001,0.105
357,44,YBR237W,22,0.047,0.001,0.227
359,44,YFR005C,9,0.021,0.0,0.093
361,44,YGR075C,27,0.061,0.0,0.278
362,44,YOR148C,4,0.008,0.0,0.041
366,44,YGL128C,16,0.036,0.0,0.165
367,44,YMR268C,14,0.027,0.0,0.144
369,44,YPR169W,0,0.0,0.0,0.0
374,44,YDR240C,31,0.072,0.0,0.32
375,44,YKR022C,13,0.027,0.0,0.134
377,44,YLR424W,28,0.061,0.001,0.289
378,44,YBL074C,16,0.04,0.0,0.165
403,48,YMR061W,0,0.707,0.0,0.0
404,49,YKR063C,0,0.0,0.0,0.0
408,51,YDL212W,0,0.0,0.0,0.0
437,55,YMR198W,0,0.0,0.0,0.0
439,56,YLR243W,0,0.707,0.0,0.0
440,56,YOR262W,0,0.707,0.0,0.0
443,57,YMR298W,4,0.128,0.0,0.286
480,65,YBL105C,0,0.577,0.0,0.0
487,68,YGL073W,0,0.5,0.0,0.0
505,73,YOR204W,3,0.329,0.0,0.5
524,78,YDL141W,1,0.077,0.0,0.143
525,79,YDR047W,6,0.376,0.0,0.75
526,79,YDL205C,6,0.376,0.0,0.75
527,79,YDR232W,6,0.376,0.0,0.75
528,79,YOR278W,6,0.376,0.0,0.75
531,79,YGL040C,6,0.376,0.0,0.75
532,79,YOR176W,6,0.376,0.0,0.75
533,80,YPR048W,6,0.335,0.0,0.75
534,80,YKR071C,6,0.335,0.0,0.75
535,80,YNL260C,0,0.0,0.0,0.0
536,80,YDR267C,5,0.284,0.0,0.625
537,81,YOR295W,6,0.348,0.0,0.857
539,81,YKL125W,4,0.239,0.0,0.571
540,81,YMR270C,6,0.348,0.0,0.857
546,83,YDR395W,7,0.158,0.001,0.35
548,83,YGL097W,6,0.12,0.001,0.3
549,83,YMR235C,7,0.138,0.002,0.35
558,86,YMR185W,0,0.0,0.0,0.0
568,91,YMR220W,10,0.126,0.001,0.385
575,92,YGL155W,3,0.155,0.024,0.273
576,92,YJL031C,2,0.099,0.006,0.182
582,94,YDL013W,5,0.169,0.0,0.312
584,94,YML023C,5,0.111,0.0,0.312
585,94,YER038C,5,0.111,0.0,0.312
586,94,YLL035W,1,0.033,0.0,0.062
587,95,YPL218W,5,0.007,0.001,0.089
590,95,YIR011C,0,0.0,0.0,0.0
592,95,YPL085W,4,0.006,0.0,0.071
600,95,YNR026C,3,0.006,0.0,0.054
607,98,YER147C,6,0.216,0.0,0.545
617,101,YKL210W,0,0.707,0.0,0.0
620,102,YHR014W,1,0.051,0.0,0.053
624,103,YJL173C,7,0.029,0.0,0.117
625,103,YJR046W,14,0.066,0.0,0.233
627,103,YDR325W,18,0.074,0.001,0.3
628,103,YHR118C,20,0.087,0.0,0.333
629,103,YNL088W,14,0.054,0.001,0.233
630,103,YOR217W,12,0.046,0.0,0.2
631,103,YBL097W,13,0.051,0.0,0.217
635,103,YBR252W,15,0.069,0.0,0.25
636,103,YGL113W,17,0.077,0.0,0.283
637,103,YLR272C,13,0.052,0.0,0.217
640,104,YLR215C,0,0.707,0.0,0.0
722,127,YJR141W,0,0.0,0.0,0.0
728,128,YHR101C,0,0.0,0.0,0.0
729,129,YIL109C,2,0.577,0.0,1.0
730,129,YHR098C,2,0.577,0.0,1.0
740,131,YER074W-A,0,0.0,0.0,0.0
742,131,YPR176C,1,0.023,0.0,0.045
743,131,YNL044W,1,0.023,0.0,0.045
747,132,YBL020W,1,0.034,0.0,0.056
771,136,YJL026W,4,0.447,0.0,0.8
772,136,YER070W,4,0.447,0.0,0.8
775,136,YJR057W,4,0.447,0.0,0.8
782,138,YPL233W,8,0.088,0.003,0.235
783,138,YMR117C,9,0.089,0.015,0.265
784,138,YKL138C-A,10,0.094,0.0,0.294
787,138,YER018C,7,0.064,0.003,0.206
788,138,YDR532C,2,0.025,0.0,0.059
789,138,YGL093W,9,0.081,0.009,0.265
790,138,YHR199C-A,0,0.0,0.0,0.0
814,147,YNL310C,0,0.0,0.0,0.0
815,147,YLR099W-A,1,0.003,0.0,0.026
817,147,YOL026C,6,0.059,0.049,0.154
821,147,YOR297C,5,0.054,0.0,0.128
828,148,YGR024C,1,0.009,0.0,0.025
834,149,YJR095W,3,0.065,0.0,0.176
844,152,YKL186C,3,0.107,0.0,0.25
853,154,YLR212C,4,0.347,0.0,0.667
854,154,YPL124W,2,0.17,0.0,0.333
856,156,YNL188W,2,0.351,0.0,0.5
857,156,YGL075C,2,0.351,0.0,0.5
860,158,YKL192C,0,0.707,0.0,0.0
864,160,YDR478W,9,0.243,0.0,0.692
865,160,YML091C,8,0.221,0.0,0.615
866,160,YLR105C,6,0.153,0.003,0.462
867,160,YMR059W,5,0.127,0.0,0.385
882,166,YDR531W,4,0.29,0.0,0.5
885,167,YDR236C,3,0.482,0.0,0.75
902,174,YDR021W,2,0.307,0.0,0.4
904,175,YGR218W,0,1.0,0.0,1.0
922,178,YLR249W,0,0.408,0.0,0.0
925,179,YDR432W,0,0.707,0.0,0.0
932,182,YLR116W,0,0.707,0.0,0.0
943,187,YKR079C,0,1.0,0.0,1.0
993,206,YDR470C,4,0.292,0.0,0.571
999,207,YDR454C,3,0.087,0.0,0.136
1004,209,YHR068W,0,0.0,0.0,0.0
1020,215,YPR035W,1,0.707,0.0,1.0
1041,223,YKL205W,1,0.134,0.0,0.2
1042,223,YNL241C,3,0.386,0.0,0.6
1046,225,YHR042W,0,0.707,0.0,0.0
1067,232,YLL042C,4,0.091,0.001,0.182
1078,234,YPR113W,0,1.0,0.0,1.0
1085,237,YGR267C,3,0.364,0.0,0.6
1106,241,YHR072W-A,0,1.0,0.0,1.0
1109,243,YMR276W,0,1.0,0.0,1.0
1111,244,YGL236C,2,0.577,0.0,1.0
1119,248,YOL066C,4,0.365,0.0,0.8
1122,250,YFL045C,1,0.707,0.0,1.0
1123,250,YER003C,1,0.707,0.0,1.0
1128,253,YDR182W,0,0.707,0.0,0.0
1139,256,YBR011C,1,0.707,0.0,1.0
1155,263,YNL258C,7,0.045,0.001,0.233
1156,263,YLR440C,6,0.039,0.0,0.2
1157,263,YDR498C,18,0.152,0.023,0.6
1159,263,YDR189W,15,0.13,0.013,0.5
1161,263,YGL145W,7,0.045,0.001,0.233
1162,263,YBL102W,2,0.018,0.0,0.067
1168,265,YHR129C,0,1.0,0.0,1.0
1182,267,YGL084C,1,0.023,0.0,0.021
1186,268,YJR049C,0,0.5,0.0,0.0
1196,272,YLR220W,0,1.0,0.0,1.0
1204,275,YOR281C,0,0.707,0.0,0.0
1205,275,YNL313C,0,0.707,0.0,0.0
1213,281,YLR403W,2,0.049,0.0,0.154
1230,288,YBR109C,0,0.707,0.0,0.0
1231,288,YNL225C,0,0.707,0.0,0.0
1232,289,YJL123C,1,0.088,0.0,0.125
1247,297,YBL007C,1,0.707,0.0,1.0
1252,298,YER060W,0,0.0,0.0,0.0
1259,302,YBR038W,2,0.577,0.0,1.0
1260,302,YMR032W,2,0.577,0.0,1.0
1274,305,YML068W,0,1.0,0.0,1.0
1283,309,YIL137C,1,0.026,0.0,0.067
1285,309,YDR151C,1,0.032,0.0,0.067
1286,310,YKL154W,5,0.296,0.0,0.714
1287,310,YKL122C,5,0.296,0.0,0.714
1291,312,YPL083C,2,0.435,0.0,0.667
1292,312,YOL102C,2,0.435,0.0,0.667
1297,315,YNL197C,0,0.707,0.0,0.0
1301,316,YJL019W,2,0.577,0.0,1.0
1322,327,YGR046W,2,0.577,0.0,1.0
1328,330,YOL130W,0,0.5,0.0,0.0
1333,331,YDR420W,1,0.094,0.0,0.143
1340,333,YGL008C,0,0.707,0.0,0.0
1343,336,YKL165C,5,0.101,0.008,0.208
1344,336,YCL052C,3,0.081,0.0,0.125
1346,336,YNL149C,0,0.0,0.0,0.0
1349,336,YJL091C,4,0.09,0.002,0.167
1351,337,YMR164C,0,0.378,0.0,0.0
1362,340,YLR076C,0,0.0,0.0,0.0
1385,351,YFR003C,0,1.0,0.0,1.0
1391,355,YLR316C,0,1.0,0.0,1.0
1402,359,YOR143C,0,0.707,0.0,0.0
1406,360,YJL198W,2,0.096,0.0,0.143
1419,368,YKL101W,3,0.14,0.0,0.231
1427,372,YGL169W,4,0.331,0.022,0.667
1429,373,YBR049C,0,0.707,0.0,0.0
1430,373,YPL128C,0,0.707,0.0,0.0
1433,374,YOR095C,6,0.335,0.0,0.857
1442,379,YLR127C,12,0.277,0.0,1.0
1443,379,YDL008W,12,0.277,0.0,1.0
1445,379,YNL172W,12,0.277,0.0,1.0
1446,379,YDR118W,12,0.277,0.0,1.0
1447,379,YHR166C,12,0.277,0.0,1.0
1448,379,YBL084C,12,0.277,0.0,1.0
1449,379,YOR249C,12,0.277,0.0,1.0
1451,379,YKL022C,12,0.277,0.0,1.0
1474,387,YDL055C,0,0.577,0.0,0.0
1476,387,YGL065C,0,0.577,0.0,0.0
1500,395,YDR389W,0,0.0,0.0,0.0
1501,395,YLR310C,0,0.0,0.0,0.0
1520,406,YHR005C,1,0.354,0.0,0.25
1522,406,YBR140C,1,0.271,0.0,0.25
1524,408,YMR070W,0,1.0,0.0,1.0
1541,415,YIR022W,3,0.5,0.0,1.0
1542,415,YLR066W,3,0.5,0.0,1.0
1555,418,YDL195W,0,1.0,0.0,1.0
1566,424,YGR198W,2,0.435,0.0,0.667
1567,424,YDR208W,2,0.435,0.0,0.667
1597,440,YMR079W,0,1.0,0.0,1.0
1608,445,YDR141C,2,0.577,0.0,1.0
1609,445,YIL048W,2,0.577,0.0,1.0
1614,447,YLR097C,1,0.707,0.0,1.0
1636,454,YDR233C,3,0.5,0.0,1.0
1666,469,YOR271C,0,1.0,0.0,1.0
1668,470,YMR200W,0,0.577,0.0,0.0
1674,473,YHR009C,0,0.707,0.0,0.0
1676,474,YJR089W,0,1.0,0.0,1.0
1679,476,YCR039C,3,0.339,0.033,0.6
1683,478,YMR071C,1,0.707,0.0,1.0
1695,486,YGR120C,7,0.335,0.0,0.875
1714,495,YBR168W,0,0.577,0.0,0.0
1724,500,YGL102C,0,0.577,0.0,0.0
1727,502,YNL263C,2,0.435,0.0,0.667
1791,540,YPL075W,0,0.577,0.0,0.0
1804,544,YNL158W,0,1.0,0.0,1.0
