,cluster,protein,degree,eigenvector_centrality,betweenness_centrality,degree_centrality
2,1,YER048W-A,14,0.266,0.008,0.875
3,1,YGL018C,14,0.266,0.008,0.875
5,1,YCL017C,14,0.266,0.008,0.875
8,1,YPL252C,14,0.266,0.008,0.875
10,2,YOR232W,4,0.51,0.1,0.8
12,3,YDL140C,66,0.212,0.169,0.742
13,3,YGR005C,31,0.141,0.004,0.348
14,3,YHR143W-A,38,0.165,0.012,0.427
15,3,YOR224C,39,0.167,0.013,0.438
16,3,YOR151C,48,0.185,0.032,0.539
17,3,YOL005C,42,0.178,0.011,0.472
18,3,YPR086W,46,0.186,0.026,0.517
19,3,YPR187W,43,0.176,0.018,0.483
20,3,YOR210W,42,0.173,0.017,0.472
21,3,YDR404C,43,0.178,0.015,0.483
22,3,YOL135C,40,0.152,0.027,0.449
23,3,YIL143C,35,0.141,0.018,0.393
25,3,YMR112C,34,0.14,0.01,0.382
26,3,YER022W,36,0.144,0.012,0.404
27,3,YLR071C,39,0.147,0.02,0.438
28,3,YBR154C,43,0.174,0.022,0.483
29,3,YGR186W,31,0.141,0.003,0.348
31,3,YIL021W,49,0.189,0.032,0.551
33,3,YDR308C,37,0.14,0.015,0.416
36,5,YMR236W,22,0.223,0.015,0.458
38,5,YBR198C,22,0.223,0.015,0.458
39,5,YGL112C,22,0.223,0.015,0.458
40,5,YDR167W,23,0.228,0.028,0.479
43,5,YDR145W,22,0.223,0.015,0.458
48,5,YER148W,44,0.334,0.546,0.917
52,6,YDR054C,10,0.281,0.009,0.303
53,6,YDL132W,16,0.347,0.09,0.485
54,6,YOL133W,17,0.364,0.135,0.515
56,6,YDR328C,22,0.372,0.37,0.667
66,8,YPL240C,17,0.324,0.07,0.739
71,9,YFL039C,72,0.273,0.479,0.661
73,9,YFL024C,24,0.15,0.003,0.22
74,9,YGR002C,34,0.218,0.008,0.312
76,9,YOR244W,24,0.149,0.005,0.22
81,9,YJL081C,38,0.236,0.013,0.349
83,9,YHR099W,28,0.159,0.022,0.257
91,9,YGL150C,25,0.159,0.006,0.229
92,9,YPL235W,37,0.202,0.045,0.339
95,9,YDR190C,38,0.202,0.061,0.349
97,9,YNL059C,20,0.134,0.001,0.183
98,10,YBL003C,15,0.204,0.004,0.357
99,10,YML069W,16,0.203,0.011,0.381
100,10,YGL207W,15,0.197,0.01,0.357
101,10,YBR009C,26,0.288,0.051,0.619
103,10,YNL031C,31,0.301,0.175,0.738
105,10,YDR224C,18,0.222,0.053,0.429
111,13,YDR324C,136,0.09,0.003,0.66
112,13,YPL217C,149,0.095,0.005,0.723
113,13,YER082C,142,0.093,0.003,0.689
114,13,YLR222C,150,0.096,0.007,0.728
115,13,YPL093W,145,0.092,0.005,0.704
116,13,YLR276C,142,0.092,0.005,0.689
117,13,YOR206W,158,0.098,0.007,0.767
118,13,YOR310C,145,0.093,0.007,0.704
119,13,YMR229C,144,0.093,0.003,0.699
120,13,YJL010C,134,0.09,0.002,0.65
121,13,YDL060W,144,0.093,0.004,0.699
122,13,YDR449C,146,0.096,0.003,0.709
123,13,YLR197W,145,0.093,0.007,0.704
125,13,YDR398W,146,0.095,0.004,0.709
126,13,YCL054W,161,0.098,0.011,0.782
128,13,YNL132W,145,0.094,0.004,0.704
129,13,YJL033W,149,0.096,0.004,0.723
130,13,YKL172W,154,0.096,0.006,0.748
132,13,YNL110C,158,0.097,0.006,0.767
133,13,YMR093W,136,0.09,0.003,0.66
134,13,YGR245C,146,0.094,0.007,0.709
135,13,YNL061W,152,0.096,0.005,0.738
136,13,YNL308C,142,0.093,0.003,0.689
137,13,YLR409C,144,0.092,0.004,0.699
138,13,YHR170W,141,0.09,0.008,0.684
139,13,YLR009W,144,0.091,0.009,0.699
140,13,YGL171W,140,0.093,0.002,0.68
141,13,YGR145W,153,0.098,0.004,0.743
142,13,YMR290C,158,0.098,0.006,0.767
143,13,YMR049C,166,0.101,0.021,0.806
144,13,YOL077C,155,0.095,0.016,0.752
147,13,YDR299W,144,0.093,0.006,0.699
148,13,YOR294W,154,0.096,0.006,0.748
149,13,YPR144C,139,0.091,0.003,0.675
150,13,YDL148C,148,0.096,0.004,0.718
151,13,YLL008W,152,0.095,0.01,0.738
152,13,YCR057C,154,0.097,0.015,0.748
153,13,YPL043W,162,0.099,0.008,0.786
154,13,YGR103W,171,0.103,0.012,0.83
155,13,YOR272W,165,0.101,0.008,0.801
156,13,YBR247C,153,0.097,0.005,0.743
157,13,YPL012W,143,0.093,0.004,0.694
158,13,YKR081C,163,0.101,0.006,0.791
159,13,YPR137W,149,0.095,0.007,0.723
160,13,YNL075W,146,0.094,0.004,0.709
161,13,YLR129W,149,0.096,0.004,0.723
162,13,YER006W,153,0.096,0.005,0.743
163,14,YOL142W,19,0.249,0.015,0.655
164,14,YGR158C,18,0.246,0.005,0.621
165,14,YOL021C,22,0.262,0.052,0.759
166,14,YJL050W,21,0.241,0.063,0.724
167,14,YGR095C,18,0.246,0.005,0.621
168,14,YGR195W,18,0.246,0.005,0.621
169,14,YNL232W,19,0.249,0.015,0.655
173,15,YPL207W,4,0.447,0.0,0.444
175,15,YHR070W,4,0.447,0.0,0.444
176,16,YKL024C,7,0.36,0.071,0.538
183,18,YLR340W,154,0.084,0.003,0.928
187,18,YGL189C,153,0.084,0.002,0.922
189,18,YPL131W,153,0.084,0.001,0.922
192,18,YOR167C,154,0.085,0.002,0.928
193,18,YJR123W,159,0.085,0.009,0.958
194,18,YOR293W,155,0.085,0.002,0.934
200,18,YGL123W,159,0.085,0.004,0.958
203,18,YDR064W,157,0.085,0.002,0.946
205,18,YHL015W,159,0.086,0.003,0.958
206,18,YOL040C,159,0.086,0.003,0.958
207,18,YNL178W,160,0.086,0.005,0.964
224,18,YOR063W,154,0.084,0.004,0.928
241,20,YNL306W,69,0.131,0.004,0.831
247,21,YER025W,8,0.333,0.0,0.8
248,21,YLR291C,8,0.333,0.0,0.8
249,21,YDR211W,8,0.333,0.0,0.8
250,21,YOR260W,8,0.333,0.0,0.8
251,21,YPL237W,8,0.333,0.0,0.8
252,21,YGR083C,8,0.333,0.0,0.8
255,21,YJR007W,8,0.333,0.0,0.8
257,22,YDR177W,3,0.557,0.033,0.5
265,25,YDR212W,8,0.355,0.299,0.571
300,30,YDL004W,22,0.237,0.018,0.733
306,33,YGR029W,13,0.286,0.014,0.765
308,33,YEL020W-A,14,0.294,0.034,0.824
309,33,YKL195W,15,0.295,0.144,0.882
314,37,YDR231C,0,1.0,0.0,1.0
323,40,YCR052W,19,0.231,0.01,0.731
324,40,YMR033W,26,0.262,0.172,1.0
325,40,YPR034W,25,0.261,0.095,0.962
327,40,YFR037C,19,0.23,0.011,0.731
330,42,YLR277C,18,0.239,0.006,0.474
331,42,YER133W,32,0.238,0.517,0.842
332,42,YLR115W,18,0.239,0.006,0.474
333,42,YGL044C,18,0.239,0.006,0.474
334,42,YKL059C,18,0.239,0.006,0.474
335,42,YPR107C,18,0.239,0.006,0.474
336,42,YDR301W,18,0.239,0.006,0.474
337,42,YDR228C,18,0.239,0.006,0.474
338,42,YAL043C,18,0.239,0.006,0.474
339,42,YNL222W,17,0.231,0.002,0.447
347,44,YOR159C,76,0.154,0.017,0.784
348,44,YDL030W,62,0.133,0.007,0.639
349,44,YMR240C,69,0.144,0.01,0.711
351,44,YDR416W,61,0.13,0.009,0.629
352,44,YKL173W,78,0.155,0.031,0.804
353,44,YLR147C,79,0.159,0.019,0.814
354,44,YLR275W,79,0.159,0.018,0.814
356,44,YMR288W,73,0.151,0.013,0.753
357,44,YLR117C,69,0.141,0.016,0.711
358,44,YER172C,73,0.148,0.019,0.753
359,44,YPR094W,61,0.131,0.007,0.629
360,44,YFL017W-A,80,0.16,0.02,0.825
361,44,YDL043C,71,0.148,0.011,0.732
362,44,YPL213W,79,0.158,0.028,0.814
363,44,YHR165C,74,0.149,0.02,0.763
364,44,YJL203W,66,0.138,0.01,0.68
365,44,YMR213W,62,0.126,0.031,0.639
366,44,YOR319W,64,0.135,0.008,0.66
368,44,YML049C,69,0.144,0.01,0.711
369,44,YGR074W,71,0.145,0.032,0.732
370,44,YPR182W,79,0.159,0.018,0.814
371,44,YLL036C,58,0.123,0.017,0.598
376,47,YBR136W,35,0.212,0.032,0.538
379,47,YHR164C,25,0.161,0.02,0.385
380,47,YBR088C,25,0.157,0.018,0.385
384,47,YAR007C,31,0.188,0.054,0.477
392,47,YPL153C,26,0.16,0.014,0.4
394,48,YMR061W,0,0.707,0.0,0.0
395,49,YOR048C,1,0.707,0.0,0.5
401,51,YER125W,15,0.575,0.505,0.75
411,54,YJL002C,12,0.208,0.004,0.273
412,54,YDL232W,11,0.189,0.001,0.25
413,54,YJL034W,27,0.264,0.295,0.614
415,54,YER019C-A,15,0.25,0.028,0.341
416,54,YEL002C,18,0.284,0.075,0.409
418,54,YOR103C,12,0.2,0.004,0.273
419,54,YGL022W,13,0.215,0.006,0.295
420,54,YLR378C,22,0.327,0.098,0.5
421,54,YOR254C,14,0.214,0.02,0.318
424,55,YFL037W,7,0.352,0.008,0.7
427,56,YLR243W,0,0.707,0.0,0.0
428,56,YOR262W,0,0.707,0.0,0.0
437,59,YKL212W,15,0.437,0.449,0.833
438,59,YNL267W,8,0.336,0.021,0.444
440,59,YPL268W,7,0.322,0.001,0.389
444,62,YOR117W,44,0.169,0.015,0.512
445,62,YER012W,41,0.161,0.008,0.477
446,62,YER021W,41,0.164,0.007,0.477
448,62,YDL097C,40,0.163,0.005,0.465
449,62,YPR108W,39,0.161,0.005,0.453
450,62,YKL145W,43,0.168,0.01,0.5
451,62,YIL075C,41,0.164,0.007,0.477
452,62,YDR427W,40,0.163,0.005,0.465
453,62,YFR004W,40,0.162,0.005,0.465
454,62,YDR394W,43,0.166,0.013,0.5
455,62,YDL147W,41,0.165,0.007,0.477
456,62,YOR259C,43,0.168,0.01,0.5
457,62,YDL007W,44,0.169,0.018,0.512
458,62,YML092C,39,0.159,0.007,0.453
459,62,YOR261C,41,0.164,0.006,0.477
460,62,YHR027C,42,0.166,0.008,0.488
462,62,YFR052W,40,0.163,0.005,0.465
463,62,YGL048C,42,0.167,0.007,0.488
465,62,YOR362C,40,0.161,0.009,0.465
467,64,YKL203C,10,0.328,0.027,0.714
468,64,YHR186C,10,0.328,0.027,0.714
469,64,YOL078W,9,0.316,0.001,0.643
472,64,YNL006W,9,0.316,0.001,0.643
473,64,YER093C,9,0.316,0.001,0.643
475,65,YBL105C,0,0.577,0.0,0.0
482,68,YGL073W,0,0.5,0.0,0.0
486,69,YGL180W,17,0.337,0.08,0.607
487,69,YPL149W,12,0.272,0.023,0.429
489,69,YBL078C,19,0.304,0.278,0.679
490,69,YDL149W,15,0.308,0.048,0.536
491,69,YNL223W,11,0.257,0.013,0.393
492,69,YBR217W,11,0.26,0.008,0.393
493,69,YPR185W,10,0.237,0.011,0.357
499,73,YGR162W,5,0.473,0.078,0.833
500,73,YOL139C,5,0.473,0.078,0.833
520,79,YDR047W,6,0.376,0.0,0.75
521,79,YDL205C,6,0.376,0.0,0.75
522,79,YDR232W,6,0.376,0.0,0.75
523,79,YOR278W,6,0.376,0.0,0.75
524,79,YGL040C,6,0.376,0.0,0.75
525,79,YOR176W,6,0.376,0.0,0.75
526,79,YDR044W,7,0.385,0.214,0.875
527,80,YHR122W,7,0.373,0.014,0.875
528,80,YIL003W,7,0.373,0.014,0.875
529,80,YNL240C,7,0.373,0.014,0.875
531,80,YGL091C,7,0.373,0.014,0.875
532,81,YJL025W,7,0.381,0.036,1.0
533,81,YLR141W,7,0.381,0.036,1.0
534,81,YBL014C,7,0.381,0.036,1.0
535,81,YML043C,7,0.381,0.036,1.0
539,83,YNL189W,12,0.239,0.025,0.6
540,83,YMR308C,13,0.269,0.019,0.65
542,83,YLR347C,17,0.324,0.071,0.85
543,83,YLR293C,18,0.318,0.19,0.9
564,91,YGR175C,22,0.261,0.036,0.846
565,91,YHR072W,21,0.255,0.026,0.808
566,91,YGR060W,20,0.244,0.022,0.769
567,91,YHR007C,22,0.239,0.174,0.846
568,91,YGL001C,18,0.228,0.011,0.692
569,91,YML126C,21,0.249,0.032,0.808
570,91,YHR190W,23,0.268,0.044,0.885
572,92,YKL019W,9,0.451,0.298,0.818
581,94,YPL020C,10,0.296,0.134,0.625
582,94,YDR510W,12,0.346,0.107,0.75
584,94,YDL064W,11,0.329,0.067,0.688
585,94,YEL019C,13,0.351,0.219,0.812
586,95,YJL039C,29,0.198,0.01,0.518
587,95,YJR042W,28,0.193,0.007,0.5
588,95,YGR119C,29,0.199,0.01,0.518
589,95,YGL172W,28,0.197,0.007,0.5
591,95,YFR002W,31,0.207,0.013,0.554
592,95,YJL041W,29,0.19,0.024,0.518
594,95,YGL092W,30,0.203,0.012,0.536
597,95,YOR098C,31,0.207,0.013,0.554
600,95,YMR047C,27,0.192,0.006,0.482
603,97,YMR043W,4,0.559,0.2,0.8
605,98,YFR027W,10,0.325,0.022,0.909
606,98,YJL074C,11,0.336,0.073,1.0
607,98,YMR076C,10,0.325,0.022,0.909
608,98,YIL026C,11,0.336,0.073,1.0
609,98,YDL003W,10,0.325,0.022,0.909
618,101,YKL210W,0,0.707,0.0,0.0
625,103,YPR019W,54,0.196,0.035,0.9
626,103,YJL194W,46,0.177,0.016,0.767
628,103,YKL045W,40,0.158,0.013,0.667
629,103,YLR103C,48,0.183,0.019,0.8
630,103,YBL023C,52,0.191,0.028,0.867
631,103,YGL201C,48,0.184,0.018,0.8
632,103,YNL102W,48,0.175,0.031,0.8
633,103,YBR202W,54,0.196,0.033,0.9
634,103,YPR175W,41,0.166,0.011,0.683
635,103,YEL032W,54,0.196,0.033,0.9
636,103,YDR013W,37,0.152,0.007,0.617
637,103,YIR008C,41,0.162,0.014,0.683
638,103,YBL035C,45,0.171,0.022,0.75
639,103,YLR274W,54,0.196,0.033,0.9
640,103,YNL262W,46,0.174,0.023,0.767
641,104,YLR215C,0,0.707,0.0,0.0
650,108,YLR027C,9,0.373,0.137,0.692
657,109,YDR050C,17,0.26,0.028,0.895
658,109,YKL152C,18,0.273,0.03,0.947
659,109,YBR196C,18,0.273,0.03,0.947
660,109,YKL060C,17,0.263,0.024,0.895
661,109,YCR012W,18,0.27,0.036,0.947
678,116,YNL118C,2,0.577,0.0,0.667
687,118,YNL103W,4,0.479,0.056,1.0
692,119,YAL012W,13,0.331,0.076,0.812
693,119,YER043C,13,0.315,0.185,0.812
718,124,YML128C,38,0.281,0.105,0.543
728,126,YKL035W,10,0.438,0.464,0.909
730,127,YLR166C,12,0.283,0.003,0.545
731,127,YGR009C,13,0.285,0.077,0.591
732,127,YFL005W,16,0.293,0.246,0.727
733,127,YGL233W,13,0.295,0.013,0.591
734,127,YER008C,12,0.283,0.003,0.545
735,127,YPR055W,13,0.295,0.013,0.591
738,129,YIL109C,2,0.577,0.0,1.0
739,129,YHR098C,2,0.577,0.0,1.0
741,130,YDL145C,11,0.309,0.014,0.44
744,130,YDR238C,12,0.328,0.029,0.48
745,130,YNL287W,12,0.333,0.022,0.48
746,130,YGL137W,10,0.292,0.013,0.4
748,131,YBR254C,12,0.279,0.006,0.545
749,131,YDR407C,13,0.29,0.012,0.591
750,131,YDR246W,12,0.279,0.006,0.545
751,131,YKR068C,14,0.297,0.026,0.636
753,131,YDR472W,12,0.279,0.006,0.545
754,131,YML077W,13,0.286,0.019,0.591
755,131,YMR218C,13,0.29,0.012,0.591
760,132,YBR110W,11,0.349,0.023,0.611
762,133,YER016W,11,0.345,0.04,0.688
763,133,YLR045C,12,0.35,0.149,0.75
766,134,YMR001C,18,0.226,0.013,0.316
767,134,YGL116W,26,0.279,0.063,0.456
769,134,YGR098C,15,0.184,0.008,0.263
770,134,YGL003C,20,0.226,0.048,0.351
771,134,YBR160W,39,0.335,0.301,0.684
774,134,YBR135W,22,0.234,0.069,0.386
783,136,YJL026W,4,0.447,0.0,0.8
784,136,YER070W,4,0.447,0.0,0.8
786,136,YJR057W,4,0.447,0.0,0.8
788,137,YIL106W,10,0.31,0.029,0.588
789,137,YFR028C,14,0.345,0.262,0.824
790,137,YML064C,12,0.349,0.073,0.706
791,137,YAR019C,11,0.331,0.044,0.647
794,138,YGR179C,15,0.223,0.014,0.441
796,138,YKL049C,16,0.232,0.018,0.471
797,138,YIR010W,24,0.28,0.158,0.706
798,138,YBR211C,18,0.245,0.031,0.529
825,147,YDL217C,17,0.193,0.013,0.436
826,147,YJL054W,23,0.242,0.035,0.59
827,147,YGR082W,22,0.239,0.026,0.564
828,147,YNR017W,20,0.205,0.036,0.513
829,147,YPL063W,20,0.207,0.04,0.513
830,147,YNL131W,27,0.277,0.06,0.692
832,147,YIL022W,18,0.198,0.016,0.462
833,147,YMR203W,31,0.293,0.158,0.795
834,148,YOR168W,28,0.245,0.085,0.7
835,148,YGL245W,24,0.232,0.021,0.6
837,148,YIL078W,20,0.19,0.022,0.5
838,148,YGR185C,29,0.254,0.048,0.725
839,148,YGR264C,23,0.221,0.023,0.575
840,148,YDR023W,21,0.197,0.028,0.525
841,148,YHR020W,20,0.199,0.01,0.5
842,148,YBL076C,26,0.232,0.045,0.65
843,148,YPL160W,29,0.257,0.047,0.725
844,148,YDR037W,26,0.236,0.032,0.65
845,149,YLR153C,10,0.319,0.024,0.588
853,151,YOR257W,1,0.707,0.0,0.333
855,152,YDL084W,10,0.364,0.053,0.833
858,152,YDR381W,12,0.382,0.311,1.0
865,154,YAL047C,5,0.412,0.017,0.833
866,154,YHR172W,5,0.412,0.017,0.833
867,154,YNL126W,5,0.412,0.017,0.833
868,154,YDR356W,6,0.441,0.183,1.0
870,156,YLR457C,3,0.47,0.083,0.75
871,156,YPL255W,4,0.559,0.333,1.0
872,156,YLL003W,3,0.47,0.083,0.75
875,158,YKL192C,0,0.707,0.0,0.0
879,160,YGR030C,13,0.31,0.051,1.0
880,160,YNL221C,13,0.31,0.051,1.0
881,160,YAL033W,12,0.3,0.025,0.923
882,160,YBR257W,13,0.31,0.051,1.0
890,164,YKL182W,8,0.445,0.208,0.889
891,164,YPL231W,9,0.48,0.329,1.0
897,166,YKL088W,6,0.398,0.018,0.75
898,166,YIL083C,6,0.398,0.018,0.75
899,166,YDR196C,8,0.421,0.482,1.0
900,166,YGR277C,6,0.398,0.018,0.75
902,167,YDL045C,4,0.524,0.5,1.0
903,167,YDR236C,3,0.482,0.0,0.75
916,172,YGL206C,14,0.276,0.03,0.56
923,175,YGR218W,0,1.0,0.0,1.0
924,176,YJL125C,6,0.399,0.044,0.6
928,177,YER165W,9,0.611,0.234,0.474
938,178,YLR249W,0,0.408,0.0,0.0
941,179,YDR432W,0,0.707,0.0,0.0
948,182,YLR116W,0,0.707,0.0,0.0
960,187,YKR079C,0,1.0,0.0,1.0
976,195,YLR355C,1,0.5,0.0,0.25
983,198,YDR353W,9,0.293,0.039,0.562
1010,205,YBR112C,1,0.707,0.0,0.333
1017,207,YLR359W,14,0.304,0.073,0.636
1042,215,YPR035W,1,0.707,0.0,1.0
1051,219,YKL104C,1,0.707,0.0,0.25
1052,219,YEL058W,1,0.707,0.0,0.25
1057,221,YDR081C,2,0.408,0.0,0.286
1070,225,YHR042W,0,0.707,0.0,0.0
1088,231,YCL028W,1,0.354,0.0,0.125
1093,232,YLR240W,19,0.348,0.246,0.864
1094,232,YFR021W,13,0.308,0.028,0.591
1098,232,YPL120W,20,0.359,0.272,0.909
1099,233,YJL005W,8,0.313,0.009,0.471
1100,233,YJL164C,12,0.382,0.144,0.706
1102,233,YPL203W,10,0.358,0.033,0.588
1104,233,YKL166C,10,0.358,0.033,0.588
1105,234,YPR113W,0,1.0,0.0,1.0
1110,237,YNL256W,5,0.49,0.183,1.0
1111,237,YOR236W,5,0.49,0.183,1.0
1113,238,YBR200W,15,0.312,0.061,0.333
1114,238,YPL115C,5,0.179,0.0,0.111
1117,238,YAL041W,14,0.332,0.051,0.311
1118,238,YPR165W,11,0.214,0.239,0.244
1121,238,YLR229C,21,0.407,0.179,0.467
1123,238,YNL271C,12,0.276,0.059,0.267
1127,240,YNL022C,2,0.577,0.0,0.286
1130,241,YHR072W-A,0,1.0,0.0,1.0
1133,243,YMR276W,0,1.0,0.0,1.0
1135,244,YGL236C,2,0.577,0.0,1.0
1145,248,YBR256C,5,0.428,0.025,1.0
1146,248,YDR487C,5,0.428,0.025,1.0
1147,248,YBR153W,5,0.428,0.025,1.0
1152,250,YFL045C,1,0.707,0.0,1.0
1153,250,YER003C,1,0.707,0.0,1.0
1158,253,YDR182W,0,0.707,0.0,0.0
1169,256,YBR011C,1,0.707,0.0,1.0
1180,259,YJR016C,5,0.507,0.111,0.833
1188,263,YMR197C,24,0.213,0.016,0.8
1190,263,YLR078C,25,0.224,0.009,0.833
1192,263,YOR075W,26,0.214,0.054,0.867
1193,263,YKL196C,26,0.226,0.021,0.867
1194,263,YLR026C,26,0.224,0.05,0.867
1195,263,YIL004C,24,0.216,0.008,0.8
1201,265,YHR129C,0,1.0,0.0,1.0
1215,267,YBR029C,15,0.211,0.034,0.312
1219,268,YJR049C,0,0.5,0.0,0.0
1229,272,YLR220W,0,1.0,0.0,1.0
1236,275,YOR281C,0,0.707,0.0,0.0
1237,275,YNL313C,0,0.707,0.0,0.0
1245,281,YDR082W,6,0.393,0.03,0.462
1246,281,YLR010C,6,0.393,0.03,0.462
1247,281,YDL220C,6,0.393,0.03,0.462
1248,281,YNL216W,8,0.421,0.308,0.615
1250,282,YOL149W,1,0.707,0.0,0.5
1256,284,YJL097W,6,0.386,0.007,0.75
1257,284,YGL055W,8,0.407,0.471,1.0
1258,284,YDL015C,6,0.386,0.007,0.75
1265,288,YBR109C,0,0.707,0.0,0.0
1266,288,YNL225C,0,0.707,0.0,0.0
1274,292,YDR367W,4,0.412,0.017,0.667
1275,292,YKL004W,4,0.412,0.017,0.667
1282,296,YOR326W,5,0.52,0.262,0.625
1285,297,YBL007C,1,0.707,0.0,1.0
1295,302,YBR038W,2,0.577,0.0,1.0
1296,302,YMR032W,2,0.577,0.0,1.0
1310,305,YML068W,0,1.0,0.0,1.0
1320,309,YDL165W,10,0.307,0.005,0.667
1321,309,YCR093W,11,0.31,0.129,0.733
1323,310,YDL092W,7,0.384,0.031,1.0
1324,310,YPL243W,7,0.384,0.031,1.0
1325,310,YPL210C,7,0.384,0.031,1.0
1326,310,YPR088C,7,0.384,0.031,1.0
1330,312,YAR008W,3,0.557,0.167,1.0
1331,312,YJL087C,3,0.557,0.167,1.0
1336,315,YNL197C,0,0.707,0.0,0.0
1340,316,YJL019W,2,0.577,0.0,1.0
1363,327,YGR046W,2,0.577,0.0,1.0
1369,330,YOL130W,0,0.5,0.0,0.0
1374,331,YDL235C,5,0.418,0.012,0.714
1383,333,YGL008C,0,0.707,0.0,0.0
1387,336,YJR013W,15,0.304,0.079,0.625
1388,336,YPL175W,14,0.282,0.066,0.583
1389,336,YLR088W,14,0.288,0.059,0.583
1390,336,YMR281W,14,0.296,0.053,0.583
1391,336,YGL142C,15,0.301,0.071,0.625
1392,336,YBR004C,14,0.272,0.118,0.583
1393,336,YLL031C,12,0.264,0.025,0.5
1395,337,YMR164C,0,0.378,0.0,0.0
1432,351,YFR003C,0,1.0,0.0,1.0
1439,355,YLR316C,0,1.0,0.0,1.0
1449,359,YOR143C,0,0.707,0.0,0.0
1459,363,YDL103C,1,0.707,0.0,0.5
1460,363,YFL017C,1,0.707,0.0,0.5
1468,368,YHR107C,11,0.37,0.091,0.846
1469,368,YLR314C,10,0.346,0.065,0.769
1470,368,YJR076C,12,0.385,0.145,0.923
1478,373,YBR049C,0,0.707,0.0,0.0
1479,373,YPL128C,0,0.707,0.0,0.0
1493,379,YLR127C,12,0.277,0.0,1.0
1494,379,YDL008W,12,0.277,0.0,1.0
1496,379,YNL172W,12,0.277,0.0,1.0
1497,379,YDR118W,12,0.277,0.0,1.0
1498,379,YHR166C,12,0.277,0.0,1.0
1499,379,YBL084C,12,0.277,0.0,1.0
1500,379,YOR249C,12,0.277,0.0,1.0
1502,379,YKL022C,12,0.277,0.0,1.0
1517,384,YER136W,2,0.577,0.0,0.667
1518,384,YOR370C,2,0.577,0.0,0.667
1527,387,YDL055C,0,0.577,0.0,0.0
1529,387,YGL065C,0,0.577,0.0,0.0
1554,396,YHR074W,2,0.707,0.333,0.667
1555,397,YLR059C,3,0.612,0.667,1.0
1573,408,YMR070W,0,1.0,0.0,1.0
1586,414,YOR353C,5,0.42,0.024,0.714
1587,414,YFL034C-B,5,0.42,0.024,0.714
1588,414,YKL189W,6,0.436,0.31,0.857
1589,414,YIL129C,5,0.42,0.024,0.714
1591,415,YIR022W,3,0.5,0.0,1.0
1592,415,YLR066W,3,0.5,0.0,1.0
1602,418,YDL195W,0,1.0,0.0,1.0
1614,424,YLR305C,3,0.557,0.167,1.0
1615,424,YMR212C,3,0.557,0.167,1.0
1645,440,YMR079W,0,1.0,0.0,1.0
1654,445,YDR141C,2,0.577,0.0,1.0
1655,445,YIL048W,2,0.577,0.0,1.0
1662,447,YLR097C,1,0.707,0.0,1.0
1684,454,YDR233C,3,0.5,0.0,1.0
1717,469,YOR271C,0,1.0,0.0,1.0
1719,470,YMR200W,0,0.577,0.0,0.0
1725,473,YHR009C,0,0.707,0.0,0.0
1727,474,YJR089W,0,1.0,0.0,1.0
1731,476,YCL067C,4,0.436,0.083,0.8
1735,478,YMR071C,1,0.707,0.0,1.0
1747,486,YPR105C,8,0.358,0.036,1.0
1749,486,YER157W,8,0.358,0.036,1.0
1765,495,YBR168W,0,0.577,0.0,0.0
1775,500,YGL102C,0,0.577,0.0,0.0
1777,502,YGR172C,3,0.557,0.167,1.0
1842,540,YPL075W,0,0.577,0.0,0.0
1853,544,YNL158W,0,1.0,0.0,1.0
