,cluster,protein,degree,degree_centrality,eigenvector_centrality,betweenness_centrality
2,1,YMR301C,10,0.625,0.201,0.0
7,2,YDR376W,0,0.0,0.0,0.0
9,3,YPR161C,9,0.101,0.027,0.0
11,3,YJR072C,4,0.045,0.02,0.0
18,3,YPL228W,3,0.034,0.004,0.0
19,3,YBR236C,5,0.056,0.014,0.002
23,3,YJR017C,3,0.034,0.013,0.0
24,3,YPR133C,8,0.09,0.028,0.0
27,3,YGL130W,4,0.045,0.011,0.001
30,3,YDR527W,0,0.0,0.0,0.0
35,5,YML015C,13,0.271,0.146,0.0
36,5,YPL011C,13,0.271,0.146,0.0
37,5,YML114C,13,0.271,0.146,0.0
39,5,YPL082C,6,0.125,0.049,0.005
40,5,YMR005W,13,0.271,0.146,0.0
42,5,YAL001C,9,0.188,0.062,0.0
44,5,YER159C,3,0.062,0.024,0.0
45,5,YDR362C,11,0.229,0.08,0.002
46,5,YPR186C,7,0.146,0.059,0.0
47,5,YBR123C,13,0.271,0.096,0.009
49,5,YDR397C,3,0.062,0.024,0.0
50,5,YOR110W,8,0.167,0.059,0.0
51,5,YPL007C,8,0.167,0.059,0.0
70,7,YNR046W,6,0.3,0.162,0.009
83,9,YOR329C,1,0.009,0.001,0.0
92,9,YNL020C,3,0.028,0.003,0.0
96,9,YPR085C,3,0.028,0.011,0.0
97,9,YNL152W,2,0.018,0.002,0.0
109,9,YJR136C,5,0.046,0.026,0.0
110,9,YHR040W,2,0.018,0.017,0.0
111,9,YGR211W,0,0.0,0.0,0.0
112,9,YGL106W,3,0.028,0.013,0.0
121,10,YMR179W,0,0.0,0.0,0.0
129,13,YOL144W,9,0.044,0.005,0.0
131,13,YDR412W,19,0.092,0.014,0.0
134,13,YIL104C,6,0.029,0.003,0.0
135,13,YDR361C,48,0.233,0.033,0.001
137,13,YLR336C,46,0.223,0.032,0.0
140,13,YER036C,53,0.257,0.035,0.0
146,13,YJR041C,22,0.107,0.015,0.0
147,13,YMR239C,25,0.121,0.017,0.0
148,13,YER168C,0,0.0,0.0,0.0
150,13,YOR119C,28,0.136,0.019,0.0
152,13,YOL022C,3,0.015,0.002,0.0
153,13,YLR022C,7,0.034,0.004,0.0
162,13,YNL124W,34,0.165,0.025,0.001
163,13,YKL014C,46,0.223,0.032,0.0
165,13,YGL014W,1,0.005,0.001,0.0
168,13,YNL163C,4,0.019,0.002,0.0
171,13,YBR192W,3,0.015,0.002,0.0
177,13,YOR046C,43,0.209,0.03,0.0
178,14,YNL251C,4,0.138,0.026,0.0
182,14,YLR430W,5,0.172,0.029,0.001
184,14,YDR293C,4,0.138,0.061,0.0
185,14,YPL190C,7,0.241,0.048,0.003
190,15,YJL035C,0,0.0,0.0,0.0
197,18,YBR079C,61,0.367,0.032,0.0
198,18,YDR091C,81,0.488,0.043,0.013
199,18,YMR309C,61,0.367,0.032,0.0
202,18,YPR016C,82,0.494,0.046,0.001
203,18,YNL002C,139,0.837,0.079,0.0
204,18,YEL034W,91,0.548,0.052,0.0
208,18,YDR429C,86,0.518,0.047,0.0
211,18,YOR361C,71,0.428,0.038,0.0
213,18,YNL244C,61,0.367,0.032,0.0
221,18,YMR146C,105,0.633,0.057,0.001
224,18,YPR041W,52,0.313,0.028,0.0
225,18,YJR067C,1,0.006,0.0,0.0
226,18,YAL003W,138,0.831,0.078,0.002
232,18,YMR260C,69,0.416,0.037,0.0
241,18,YAL035W,123,0.741,0.068,0.001
255,20,YGL068W,43,0.518,0.084,0.001
264,21,YER025W,8,0.8,0.333,0.0
265,21,YLR291C,8,0.8,0.333,0.0
267,21,YDR211W,8,0.8,0.333,0.0
268,21,YOR260W,8,0.8,0.333,0.0
270,21,YPL237W,8,0.8,0.333,0.0
271,21,YGR083C,8,0.8,0.333,0.0
274,21,YJR007W,8,0.8,0.333,0.0
285,25,YDR188W,5,0.357,0.205,0.0
287,25,YDL143W,5,0.357,0.205,0.0
288,25,YFL023W,1,0.071,0.059,0.0
290,25,YJL014W,5,0.357,0.205,0.0
292,25,YJL111W,5,0.357,0.205,0.0
301,26,YBL030C,6,0.103,0.04,0.0
315,29,YBR024W,1,0.125,0.113,0.0
338,37,YDR231C,0,1.0,1.0,0.0
351,40,YBR089C-A,1,0.038,0.015,0.0
353,40,YPL016W,10,0.385,0.096,0.0
367,42,YDR130C,4,0.105,0.017,0.001
377,44,YBR237W,22,0.227,0.047,0.001
378,44,YGR013W,33,0.34,0.073,0.004
380,44,YFR005C,9,0.093,0.021,0.0
382,44,YGR075C,27,0.278,0.061,0.0
383,44,YOR148C,4,0.041,0.008,0.0
387,44,YGL128C,16,0.165,0.036,0.0
388,44,YMR268C,14,0.144,0.027,0.0
390,44,YPR169W,0,0.0,0.0,0.0
395,44,YDR240C,31,0.32,0.072,0.0
396,44,YKR022C,13,0.134,0.027,0.0
398,44,YLR424W,28,0.289,0.061,0.001
399,44,YBL074C,16,0.165,0.04,0.0
401,44,YDR235W,32,0.33,0.074,0.0
409,47,YDR499W,7,0.108,0.049,0.0
425,48,YMR061W,0,0.0,0.707,0.0
426,49,YKR063C,0,0.0,0.0,0.0
430,51,YDL212W,0,0.0,0.0,0.0
461,55,YMR198W,0,0.0,0.0,0.0
463,56,YLR243W,0,0.0,0.707,0.0
464,56,YOR262W,0,0.0,0.707,0.0
467,57,YMR298W,4,0.286,0.128,0.0
508,65,YBL105C,0,0.0,0.577,0.0
515,68,YGL073W,0,0.0,0.5,0.0
528,69,YCR068W,3,0.107,0.085,0.0
536,73,YOR204W,3,0.5,0.329,0.0
559,78,YGR065C,3,0.429,0.313,0.0
560,78,YDL141W,1,0.143,0.077,0.0
561,79,YDR047W,6,0.75,0.376,0.0
562,79,YDL205C,6,0.75,0.376,0.0
563,79,YDR232W,6,0.75,0.376,0.0
564,79,YOR278W,6,0.75,0.376,0.0
567,79,YGL040C,6,0.75,0.376,0.0
568,79,YOR176W,6,0.75,0.376,0.0
569,80,YPR048W,6,0.75,0.335,0.0
570,80,YKR071C,6,0.75,0.335,0.0
571,80,YNL260C,0,0.0,0.0,0.0
572,80,YDR267C,5,0.625,0.284,0.0
573,81,YOR295W,6,0.857,0.348,0.0
575,81,YKL125W,4,0.571,0.239,0.0
576,81,YMR270C,6,0.857,0.348,0.0
582,83,YDR395W,7,0.35,0.158,0.001
584,83,YGL097W,6,0.3,0.12,0.001
585,83,YMR235C,7,0.35,0.138,0.002
594,86,YMR185W,0,0.0,0.0,0.0
604,91,YMR220W,10,0.385,0.126,0.001
611,92,YGL155W,3,0.273,0.155,0.024
612,92,YJL031C,2,0.182,0.099,0.006
618,94,YDL013W,5,0.312,0.169,0.0
620,94,YML023C,5,0.312,0.111,0.0
621,94,YER038C,5,0.312,0.111,0.0
622,94,YLL035W,1,0.062,0.033,0.0
625,95,YIR011C,0,0.0,0.0,0.0
627,95,YPL085W,4,0.071,0.006,0.0
632,95,YGL122C,4,0.071,0.018,0.001
634,95,YIL063C,3,0.054,0.018,0.0
636,95,YNR026C,3,0.054,0.006,0.0
643,98,YER147C,6,0.545,0.216,0.0
653,101,YKL210W,0,0.0,0.707,0.0
656,102,YHR014W,1,0.053,0.051,0.0
661,103,YJL173C,7,0.117,0.029,0.0
662,103,YJR046W,14,0.233,0.066,0.0
664,103,YDR325W,18,0.3,0.074,0.001
665,103,YHR118C,20,0.333,0.087,0.0
666,103,YNL088W,14,0.233,0.054,0.001
667,103,YOR217W,12,0.2,0.046,0.0
668,103,YBL097W,13,0.217,0.051,0.0
672,103,YBR252W,15,0.25,0.069,0.0
673,103,YGL113W,17,0.283,0.077,0.0
674,103,YLR272C,13,0.217,0.052,0.0
677,104,YLR215C,0,0.0,0.707,0.0
763,127,YJR141W,0,0.0,0.0,0.0
769,128,YHR101C,0,0.0,0.0,0.0
770,129,YIL109C,2,1.0,0.577,0.0
771,129,YHR098C,2,1.0,0.577,0.0
779,130,YDR373W,1,0.04,0.038,0.0
783,131,YER074W-A,0,0.0,0.0,0.0
785,131,YPR176C,1,0.045,0.023,0.0
786,131,YNL044W,1,0.045,0.023,0.0
790,132,YBL020W,1,0.056,0.034,0.0
801,134,YDR113C,6,0.105,0.092,0.0
810,134,YOR372C,6,0.105,0.061,0.0
815,136,YJL026W,4,0.8,0.447,0.0
816,136,YER070W,4,0.8,0.447,0.0
819,136,YJR057W,4,0.8,0.447,0.0
826,138,YPL233W,8,0.235,0.088,0.003
827,138,YMR117C,9,0.265,0.089,0.015
829,138,YOL069W,9,0.265,0.101,0.02
831,138,YER018C,7,0.206,0.064,0.003
832,138,YDR532C,2,0.059,0.025,0.0
833,138,YJR112W,8,0.235,0.099,0.003
834,138,YKL089W,9,0.265,0.153,0.0
835,138,YGL093W,9,0.265,0.081,0.009
836,138,YHR199C-A,0,0.0,0.0,0.0
847,142,YGR244C,7,0.538,0.23,0.0
861,147,YNL310C,0,0.0,0.0,0.0
862,147,YLR099W-A,1,0.026,0.003,0.0
864,147,YOL026C,6,0.154,0.059,0.049
869,147,YOR297C,5,0.128,0.054,0.0
871,148,YFL022C,9,0.225,0.09,0.001
877,148,YGR024C,1,0.025,0.009,0.0
883,149,YJR095W,3,0.176,0.065,0.0
894,152,YKL186C,3,0.25,0.107,0.0
903,154,YLR212C,4,0.667,0.347,0.0
904,154,YPL124W,2,0.333,0.17,0.0
906,156,YNL188W,2,0.5,0.351,0.0
907,156,YGL075C,2,0.5,0.351,0.0
910,158,YKL192C,0,0.0,0.707,0.0
914,160,YDR478W,9,0.692,0.243,0.0
915,160,YML091C,8,0.615,0.221,0.0
916,160,YLR105C,6,0.462,0.153,0.003
917,160,YMR059W,5,0.385,0.127,0.0
933,166,YDR531W,4,0.5,0.29,0.0
936,167,YDR236C,3,0.75,0.482,0.0
954,174,YDR021W,2,0.4,0.307,0.0
956,175,YGR218W,0,1.0,1.0,0.0
974,178,YLR249W,0,0.0,0.408,0.0
977,179,YDR432W,0,0.0,0.707,0.0
984,182,YLR116W,0,0.0,0.707,0.0
995,187,YKR079C,0,1.0,1.0,0.0
1048,206,YDR470C,4,0.571,0.292,0.0
1054,207,YDR454C,3,0.136,0.087,0.0
1059,209,YHR068W,0,0.0,0.0,0.0
1075,215,YPR035W,1,1.0,0.707,0.0
1097,223,YKL205W,1,0.2,0.134,0.0
1098,223,YNL241C,3,0.6,0.386,0.0
1102,225,YHR042W,0,0.0,0.707,0.0
1136,234,YPR113W,0,1.0,1.0,0.0
1143,237,YGR267C,3,0.6,0.364,0.0
1167,241,YHR072W-A,0,1.0,1.0,0.0
1170,243,YMR276W,0,1.0,1.0,0.0
1172,244,YGL236C,2,1.0,0.577,0.0
1180,248,YOL066C,4,0.8,0.365,0.0
1183,250,YFL045C,1,1.0,0.707,0.0
1184,250,YER003C,1,1.0,0.707,0.0
1189,253,YDR182W,0,0.0,0.707,0.0
1201,256,YBR011C,1,1.0,0.707,0.0
1218,263,YNL258C,7,0.233,0.045,0.001
1219,263,YLR440C,6,0.2,0.039,0.0
1221,263,YDR189W,15,0.5,0.13,0.013
1224,263,YGL145W,7,0.233,0.045,0.001
1225,263,YBL102W,2,0.067,0.018,0.0
1231,265,YHR129C,0,1.0,1.0,0.0
1245,267,YGL084C,1,0.021,0.023,0.0
1247,267,YCL004W,3,0.062,0.037,0.0
1250,268,YJR049C,0,0.0,0.5,0.0
1260,272,YLR220W,0,1.0,1.0,0.0
1269,275,YOR281C,0,0.0,0.707,0.0
1270,275,YNL313C,0,0.0,0.707,0.0
1280,281,YLR403W,2,0.154,0.049,0.0
1297,288,YBR109C,0,0.0,0.707,0.0
1298,288,YNL225C,0,0.0,0.707,0.0
1299,289,YJL123C,1,0.125,0.088,0.0
1308,292,YDR367W,4,0.667,0.412,0.017
1309,292,YKL004W,4,0.667,0.412,0.017
1319,297,YBL007C,1,1.0,0.707,0.0
1324,298,YER060W,0,0.0,0.0,0.0
1331,302,YBR038W,2,1.0,0.577,0.0
1332,302,YMR032W,2,1.0,0.577,0.0
1346,305,YML068W,0,1.0,1.0,0.0
1355,309,YIL137C,1,0.067,0.026,0.0
1357,309,YDR151C,1,0.067,0.032,0.0
1358,310,YKL154W,5,0.714,0.296,0.0
1359,310,YKL122C,5,0.714,0.296,0.0
1363,312,YPL083C,2,0.667,0.435,0.0
1364,312,YOL102C,2,0.667,0.435,0.0
1369,315,YNL197C,0,0.0,0.707,0.0
1373,316,YJL019W,2,1.0,0.577,0.0
1395,327,YGR046W,2,1.0,0.577,0.0
1401,330,YOL130W,0,0.0,0.5,0.0
1406,331,YDR420W,1,0.143,0.094,0.0
1413,333,YGL008C,0,0.0,0.707,0.0
1416,336,YKL165C,5,0.208,0.101,0.008
1417,336,YCL052C,3,0.125,0.081,0.0
1419,336,YNL149C,0,0.0,0.0,0.0
1422,336,YJL091C,4,0.167,0.09,0.002
1424,337,YMR164C,0,0.0,0.378,0.0
1435,340,YLR076C,0,0.0,0.0,0.0
1459,351,YFR003C,0,1.0,1.0,0.0
1465,355,YLR316C,0,1.0,1.0,0.0
1476,359,YOR143C,0,0.0,0.707,0.0
1480,360,YJL198W,2,0.143,0.096,0.0
1494,368,YKL101W,3,0.231,0.14,0.0
1502,372,YGL169W,4,0.667,0.331,0.022
1503,372,YJL184W,4,0.667,0.35,0.0
1506,373,YBR049C,0,0.0,0.707,0.0
1507,373,YPL128C,0,0.0,0.707,0.0
1510,374,YOR095C,6,0.857,0.335,0.0
1519,379,YLR127C,12,1.0,0.277,0.0
1520,379,YDL008W,12,1.0,0.277,0.0
1522,379,YNL172W,12,1.0,0.277,0.0
1523,379,YDR118W,12,1.0,0.277,0.0
1524,379,YHR166C,12,1.0,0.277,0.0
1525,379,YBL084C,12,1.0,0.277,0.0
1526,379,YOR249C,12,1.0,0.277,0.0
1528,379,YKL022C,12,1.0,0.277,0.0
1553,387,YDL055C,0,0.0,0.577,0.0
1555,387,YGL065C,0,0.0,0.577,0.0
1582,395,YDR389W,0,0.0,0.0,0.0
1583,395,YLR310C,0,0.0,0.0,0.0
1602,406,YHR005C,1,0.25,0.354,0.0
1604,406,YBR140C,1,0.25,0.271,0.0
1606,408,YMR070W,0,1.0,1.0,0.0
1623,415,YIR022W,3,1.0,0.5,0.0
1624,415,YLR066W,3,1.0,0.5,0.0
1637,418,YDL195W,0,1.0,1.0,0.0
1648,424,YGR198W,2,0.667,0.435,0.0
1649,424,YDR208W,2,0.667,0.435,0.0
1679,440,YMR079W,0,1.0,1.0,0.0
1690,445,YDR141C,2,1.0,0.577,0.0
1691,445,YIL048W,2,1.0,0.577,0.0
1698,447,YLR097C,1,1.0,0.707,0.0
1720,454,YDR233C,3,1.0,0.5,0.0
1753,469,YOR271C,0,1.0,1.0,0.0
1755,470,YMR200W,0,0.0,0.577,0.0
1761,473,YHR009C,0,0.0,0.707,0.0
1763,474,YJR089W,0,1.0,1.0,0.0
1766,476,YCR039C,3,0.6,0.339,0.033
1767,476,YCR096C,3,0.6,0.365,0.0
1771,478,YMR071C,1,1.0,0.707,0.0
1783,486,YGR120C,7,0.875,0.335,0.0
1802,495,YBR168W,0,0.0,0.577,0.0
1812,500,YGL102C,0,0.0,0.577,0.0
1815,502,YNL263C,2,0.667,0.435,0.0
1879,540,YPL075W,0,0.0,0.577,0.0
1892,544,YNL158W,0,1.0,1.0,0.0
