,cluster,protein,degree,betweenness_centrality,eigenvector_centrality,degree_centrality
5,1,YMR301C,10,0.0,0.201,0.625
10,2,YJR045C,3,0.0,0.439,0.6
12,2,YDR376W,0,0.0,0.0,0.0
15,3,YJR072C,4,0.0,0.02,0.045
23,3,YPL228W,3,0.0,0.004,0.034
27,3,YJR017C,3,0.0,0.013,0.034
29,3,YPR133C,8,0.0,0.028,0.09
35,3,YDR527W,0,0.0,0.0,0.0
42,5,YML015C,13,0.0,0.146,0.271
43,5,YPL011C,13,0.0,0.146,0.271
44,5,YML114C,13,0.0,0.146,0.271
45,5,YPR110C,14,0.0,0.112,0.292
47,5,YKR025W,14,0.0,0.112,0.292
48,5,YKL144C,14,0.0,0.112,0.292
49,5,YMR005W,13,0.0,0.146,0.271
52,5,YNL113W,14,0.0,0.112,0.292
53,5,YJL011C,14,0.0,0.112,0.292
54,5,YER159C,3,0.0,0.024,0.062
56,5,YDR397C,3,0.0,0.024,0.062
57,5,YOR110W,8,0.0,0.059,0.167
58,5,YPL007C,8,0.0,0.059,0.167
59,5,YDR045C,14,0.0,0.112,0.292
75,6,YMR168C,3,0.0,0.05,0.091
78,6,YMR094W,3,0.0,0.05,0.091
81,6,YGR140W,3,0.0,0.05,0.091
89,8,YOR057W,6,0.0,0.151,0.261
95,9,YOR329C,1,0.0,0.001,0.009
104,9,YNL020C,3,0.0,0.003,0.028
109,9,YPR085C,3,0.0,0.011,0.028
110,9,YNL152W,2,0.0,0.002,0.018
119,9,YJR136C,5,0.0,0.026,0.046
120,9,YHR040W,2,0.0,0.017,0.018
121,9,YGR211W,0,0.0,0.0,0.0
122,9,YGL106W,3,0.0,0.013,0.028
131,10,YMR179W,0,0.0,0.0,0.0
139,13,YOL144W,9,0.0,0.005,0.044
141,13,YDR412W,19,0.0,0.014,0.092
145,13,YIL104C,6,0.0,0.003,0.029
147,13,YLR336C,46,0.0,0.032,0.223
149,13,YER036C,53,0.0,0.035,0.257
155,13,YJR041C,22,0.0,0.015,0.107
156,13,YMR239C,25,0.0,0.017,0.121
157,13,YER168C,0,0.0,0.0,0.0
159,13,YOR119C,28,0.0,0.019,0.136
162,13,YOL022C,3,0.0,0.002,0.015
163,13,YLR022C,7,0.0,0.004,0.034
169,13,YEL055C,70,0.0,0.051,0.34
171,13,YDR339C,63,0.0,0.044,0.306
175,13,YIR012W,61,0.0,0.04,0.296
176,13,YGL014W,1,0.0,0.001,0.005
178,13,YNL163C,4,0.0,0.002,0.019
181,13,YBR192W,3,0.0,0.002,0.015
185,13,YGR251W,66,0.0,0.045,0.32
187,13,YOR046C,43,0.0,0.03,0.209
193,14,YDR293C,4,0.0,0.061,0.138
194,14,YGL213C,11,0.0,0.16,0.379
202,15,YPL207W,4,0.0,0.447,0.444
204,15,YHR070W,4,0.0,0.447,0.444
205,15,YJL035C,0,0.0,0.0,0.0
207,16,YER005W,4,0.0,0.213,0.308
214,17,YHR128W,3,0.0,0.351,0.5
215,18,YBR079C,61,0.0,0.032,0.367
216,18,YMR309C,61,0.0,0.032,0.367
220,18,YNL002C,139,0.0,0.079,0.837
222,18,YEL034W,91,0.0,0.052,0.548
227,18,YOR361C,71,0.0,0.038,0.428
229,18,YNL244C,61,0.0,0.032,0.367
238,18,YPR041W,52,0.0,0.028,0.313
239,18,YJR067C,1,0.0,0.0,0.006
247,18,YMR260C,69,0.0,0.037,0.416
279,21,YER025W,8,0.0,0.333,0.8
280,21,YLR291C,8,0.0,0.333,0.8
282,21,YDR211W,8,0.0,0.333,0.8
283,21,YOR260W,8,0.0,0.333,0.8
285,21,YPL237W,8,0.0,0.333,0.8
286,21,YGR083C,8,0.0,0.333,0.8
289,21,YJR007W,8,0.0,0.333,0.8
291,22,YLR167W,2,0.0,0.435,0.333
295,23,YIL142W,4,0.0,0.095,0.174
296,23,YJR064W,4,0.0,0.095,0.174
305,25,YDR188W,5,0.0,0.205,0.357
307,25,YDL143W,5,0.0,0.205,0.357
308,25,YFL023W,1,0.0,0.059,0.071
310,25,YJL014W,5,0.0,0.205,0.357
312,25,YJL111W,5,0.0,0.205,0.357
321,26,YBL030C,6,0.0,0.04,0.103
339,29,YBR024W,1,0.0,0.113,0.125
365,37,YDR231C,0,0.0,1.0,1.0
375,40,YML127W,16,0.0,0.205,0.615
377,40,YMR091C,16,0.0,0.205,0.615
379,40,YBR089C-A,1,0.0,0.015,0.038
381,40,YLR033W,16,0.0,0.205,0.615
382,40,YPL016W,10,0.0,0.096,0.385
383,40,YKR008W,16,0.0,0.205,0.615
385,40,YDR303C,16,0.0,0.205,0.615
386,40,YHR056C,16,0.0,0.205,0.615
397,42,YGR156W,16,0.0,0.221,0.421
407,44,YLR323C,35,0.0,0.08,0.361
409,44,YFR005C,9,0.0,0.021,0.093
411,44,YGR075C,27,0.0,0.061,0.278
412,44,YOR148C,4,0.0,0.008,0.041
415,44,YGL128C,16,0.0,0.036,0.165
417,44,YMR268C,14,0.0,0.027,0.144
419,44,YPR169W,0,0.0,0.0,0.0
420,44,YNL245C,37,0.0,0.086,0.381
424,44,YDL098C,37,0.0,0.086,0.381
425,44,YDR240C,31,0.0,0.072,0.32
426,44,YKR022C,13,0.0,0.027,0.134
427,44,YBL074C,16,0.0,0.04,0.165
428,44,YDR235W,32,0.0,0.074,0.33
430,44,YBR152W,35,0.0,0.081,0.361
439,47,YDR499W,7,0.0,0.049,0.108
455,48,YMR061W,0,0.0,0.707,0.0
456,49,YOR048C,1,0.0,0.707,0.5
457,49,YKR063C,0,0.0,0.0,0.0
462,50,YER023W,5,0.0,0.364,0.625
464,51,YDL212W,0,0.0,0.0,0.0
495,54,YMR149W,9,0.0,0.153,0.205
502,55,YMR198W,0,0.0,0.0,0.0
503,55,YML085C,6,0.0,0.314,0.6
505,56,YLR243W,0,0.0,0.707,0.0
506,56,YOR262W,0,0.0,0.707,0.0
507,57,YBR265W,8,0.0,0.284,0.571
509,57,YMR298W,4,0.0,0.128,0.286
516,59,YDR062W,5,0.0,0.137,0.278
517,59,YMR296C,5,0.0,0.137,0.278
560,65,YBL105C,0,0.0,0.577,0.0
567,68,YGL073W,0,0.0,0.5,0.0
578,69,YCR068W,3,0.0,0.085,0.107
586,73,YOR204W,3,0.0,0.329,0.5
610,78,YGR065C,3,0.0,0.313,0.429
611,78,YDL141W,1,0.0,0.077,0.143
612,79,YDR047W,6,0.0,0.376,0.75
613,79,YDL205C,6,0.0,0.376,0.75
614,79,YDR232W,6,0.0,0.376,0.75
615,79,YOR278W,6,0.0,0.376,0.75
618,79,YGL040C,6,0.0,0.376,0.75
619,79,YOR176W,6,0.0,0.376,0.75
620,80,YPR048W,6,0.0,0.335,0.75
621,80,YKR071C,6,0.0,0.335,0.75
622,80,YNL260C,0,0.0,0.0,0.0
623,80,YDR267C,5,0.0,0.284,0.625
624,81,YOR295W,6,0.0,0.348,0.857
626,81,YKL125W,4,0.0,0.239,0.571
627,81,YMR270C,6,0.0,0.348,0.857
633,83,YDR395W,7,0.001,0.158,0.35
635,83,YGL097W,6,0.001,0.12,0.3
636,83,YMR235C,7,0.002,0.138,0.35
647,86,YMR185W,0,0.0,0.0,0.0
664,91,YMR220W,10,0.001,0.126,0.385
672,92,YJL031C,2,0.006,0.099,0.182
679,94,YDL013W,5,0.0,0.169,0.312
680,94,YPR180W,8,0.0,0.276,0.5
682,94,YML023C,5,0.0,0.111,0.312
683,94,YER038C,5,0.0,0.111,0.312
684,94,YDR390C,8,0.0,0.276,0.5
685,94,YLL035W,1,0.0,0.033,0.062
691,95,YIR011C,0,0.0,0.0,0.0
699,95,YIL063C,3,0.0,0.018,0.054
701,95,YNR026C,3,0.0,0.006,0.054
708,98,YOL034W,8,0.0,0.282,0.727
710,98,YER147C,6,0.0,0.216,0.545
720,101,YKL210W,0,0.0,0.707,0.0
724,102,YHR014W,1,0.0,0.051,0.053
727,103,YJL173C,7,0.0,0.029,0.117
728,103,YOR060C,23,0.0,0.098,0.383
729,103,YJR046W,14,0.0,0.066,0.233
731,103,YDR325W,18,0.001,0.074,0.3
732,103,YHR118C,20,0.0,0.087,0.333
733,103,YKL108W,23,0.0,0.098,0.383
734,103,YNL088W,14,0.001,0.054,0.233
735,103,YOR217W,12,0.0,0.046,0.2
736,103,YBL097W,13,0.0,0.051,0.217
739,103,YBR252W,15,0.0,0.069,0.25
740,103,YGL113W,17,0.0,0.077,0.283
741,103,YLR272C,13,0.0,0.052,0.217
743,104,YLR215C,0,0.0,0.707,0.0
787,116,YNL118C,2,0.0,0.577,0.667
865,127,YJR141W,0,0.0,0.0,0.0
875,128,YHR101C,0,0.0,0.0,0.0
876,129,YIL109C,2,0.0,0.577,1.0
877,129,YHR098C,2,0.0,0.577,1.0
882,130,YFR051C,7,0.0,0.222,0.28
884,130,YLR195C,2,0.0,0.065,0.08
890,130,YDR373W,1,0.0,0.038,0.04
895,131,YER074W-A,0,0.0,0.0,0.0
897,131,YPR176C,1,0.0,0.023,0.045
898,131,YNL044W,1,0.0,0.023,0.045
900,131,YDL058W,4,0.0,0.092,0.182
903,132,YBL020W,1,0.0,0.034,0.056
905,132,YMR013C,4,0.0,0.103,0.222
912,133,YBL034C,4,0.0,0.15,0.25
916,134,YDR113C,6,0.0,0.092,0.105
924,134,YOR372C,6,0.0,0.061,0.105
931,136,YJL026W,4,0.0,0.447,0.8
932,136,YER070W,4,0.0,0.447,0.8
935,136,YJR057W,4,0.0,0.447,0.8
937,137,YPR111W,5,0.0,0.185,0.294
939,137,YOR373W,5,0.0,0.177,0.294
940,137,YOR233W,5,0.0,0.174,0.294
944,138,YKL138C-A,10,0.0,0.094,0.294
946,138,YGL061C,11,0.0,0.114,0.324
947,138,YBR233W-A,11,0.0,0.114,0.324
949,138,YKR037C,11,0.0,0.114,0.324
950,138,YDR532C,2,0.0,0.025,0.059
951,138,YDR320C-A,11,0.0,0.114,0.324
952,138,YKR083C,11,0.0,0.114,0.324
953,138,YKL089W,9,0.0,0.153,0.265
955,138,YHR199C-A,0,0.0,0.0,0.0
960,139,YOR074C,8,0.001,0.246,0.5
969,142,YGR244C,7,0.0,0.23,0.538
989,147,YNL310C,0,0.0,0.0,0.0
990,147,YLR099W-A,1,0.0,0.003,0.026
996,147,YOR297C,5,0.0,0.054,0.128
998,148,YFL022C,9,0.001,0.09,0.225
999,148,YNL247W,12,0.003,0.124,0.3
1005,148,YGR024C,1,0.0,0.009,0.025
1006,148,YHR019C,15,0.003,0.156,0.375
1008,149,YJR095W,3,0.0,0.065,0.176
1009,149,YNR016C,8,0.002,0.278,0.471
1018,151,YOR257W,1,0.0,0.707,0.333
1023,152,YKL186C,3,0.0,0.107,0.25
1032,154,YLR212C,4,0.0,0.347,0.667
1033,154,YPL124W,2,0.0,0.17,0.333
1035,156,YNL188W,2,0.0,0.351,0.5
1036,156,YGL075C,2,0.0,0.351,0.5
1041,158,YKL192C,0,0.0,0.707,0.0
1045,160,YDR478W,9,0.0,0.243,0.692
1046,160,YML091C,8,0.0,0.221,0.615
1047,160,YNL282W,10,0.001,0.268,0.769
1048,160,YLR145W,10,0.001,0.268,0.769
1049,160,YMR059W,5,0.0,0.127,0.385
1068,166,YDR531W,4,0.0,0.29,0.5
1072,167,YDR236C,3,0.0,0.482,0.75
1091,174,YBR143C,3,0.0,0.439,0.6
1092,174,YDR021W,2,0.0,0.307,0.4
1094,174,YDR172W,3,0.0,0.439,0.6
1095,175,YGR218W,0,0.0,1.0,1.0
1123,178,YLR249W,0,0.0,0.408,0.0
1126,179,YDR432W,0,0.0,0.707,0.0
1133,182,YLR116W,0,0.0,0.707,0.0
1152,187,YKR079C,0,0.0,1.0,1.0
1172,195,YLR355C,1,0.0,0.5,0.25
1209,205,YBR112C,1,0.0,0.707,0.333
1215,206,YDR470C,4,0.0,0.292,0.571
1218,207,YDR226W,6,0.001,0.151,0.273
1219,207,YDL166C,6,0.001,0.136,0.273
1222,207,YDR454C,3,0.0,0.087,0.136
1229,209,YHR068W,0,0.0,0.0,0.0
1245,215,YPR035W,1,0.0,0.707,1.0
1257,219,YKL104C,1,0.0,0.707,0.25
1259,219,YEL058W,1,0.0,0.707,0.25
1264,221,YDR081C,2,0.0,0.408,0.286
1276,223,YKL205W,1,0.0,0.134,0.2
1277,223,YNL241C,3,0.0,0.386,0.6
1281,225,YHR042W,0,0.0,0.707,0.0
1307,231,YCL028W,1,0.0,0.354,0.125
1334,234,YPR113W,0,0.0,1.0,1.0
1341,237,YGR267C,3,0.0,0.364,0.6
1351,238,YPL115C,5,0.0,0.179,0.111
1363,240,YNL022C,2,0.0,0.577,0.286
1369,241,YHR072W-A,0,0.0,1.0,1.0
1372,243,YMR276W,0,0.0,1.0,1.0
1374,244,YGL236C,2,0.0,0.577,1.0
1387,248,YOL066C,4,0.0,0.365,0.8
1392,250,YFL045C,1,0.0,0.707,1.0
1393,250,YER003C,1,0.0,0.707,1.0
1398,253,YDR182W,0,0.0,0.707,0.0
1413,256,YBR011C,1,0.0,0.707,1.0
1438,263,YNL258C,7,0.001,0.045,0.233
1439,263,YLR440C,6,0.0,0.039,0.2
1440,263,YDR468C,19,0.002,0.18,0.633
1444,263,YGL145W,7,0.001,0.045,0.233
1445,263,YBL102W,2,0.0,0.018,0.067
1451,265,YHR129C,0,0.0,1.0,1.0
1465,267,YGL084C,1,0.0,0.023,0.021
1467,267,YCL004W,3,0.0,0.037,0.062
1470,268,YJR049C,0,0.0,0.5,0.0
1479,270,YGL166W,2,0.0,0.523,0.667
1482,272,YLR220W,0,0.0,1.0,1.0
1495,275,YOR281C,0,0.0,0.707,0.0
1496,275,YNL313C,0,0.0,0.707,0.0
1507,281,YKL112W,3,0.0,0.126,0.231
1512,281,YLR403W,2,0.0,0.049,0.154
1517,282,YOL149W,1,0.0,0.707,0.5
1531,288,YBR109C,0,0.0,0.707,0.0
1532,288,YNL225C,0,0.0,0.707,0.0
1533,289,YJL123C,1,0.0,0.088,0.125
1541,292,YDR367W,4,0.017,0.412,0.667
1542,292,YKL004W,4,0.017,0.412,0.667
1548,294,YPL204W,3,0.0,0.387,0.5
1549,294,YER106W,3,0.0,0.387,0.5
1555,297,YBL007C,1,0.0,0.707,1.0
1561,298,YER060W,0,0.0,0.0,0.0
1570,302,YBR038W,2,0.0,0.577,1.0
1571,302,YMR032W,2,0.0,0.577,1.0
1585,305,YML068W,0,0.0,1.0,1.0
1594,309,YIL137C,1,0.0,0.026,0.067
1597,309,YDR151C,1,0.0,0.032,0.067
1599,310,YKL154W,5,0.0,0.296,0.714
1600,310,YKL122C,5,0.0,0.296,0.714
1607,312,YPL083C,2,0.0,0.435,0.667
1608,312,YOL102C,2,0.0,0.435,0.667
1613,315,YNL197C,0,0.0,0.707,0.0
1617,316,YJL019W,2,0.0,0.577,1.0
1645,327,YGR046W,2,0.0,0.577,1.0
1651,330,YOL130W,0,0.0,0.5,0.0
1655,331,YIL147C,4,0.0,0.357,0.571
1658,331,YDR420W,1,0.0,0.094,0.143
1665,333,YGL008C,0,0.0,0.707,0.0
1670,336,YCL052C,3,0.0,0.081,0.125
1672,336,YNL149C,0,0.0,0.0,0.0
1675,336,YNL038W,6,0.0,0.125,0.25
1678,337,YMR164C,0,0.0,0.378,0.0
1691,340,YLR076C,0,0.0,0.0,0.0
1705,344,YDR123C,3,0.0,0.438,0.5
1720,351,YFR003C,0,0.0,1.0,1.0
1730,355,YLR316C,0,0.0,1.0,1.0
1745,359,YOR143C,0,0.0,0.707,0.0
1751,360,YJL198W,2,0.0,0.096,0.143
1758,363,YDL103C,1,0.0,0.707,0.5
1759,363,YFL017C,1,0.0,0.707,0.5
1769,368,YKL101W,3,0.0,0.14,0.231
1778,372,YJL184W,4,0.0,0.35,0.667
1781,373,YBR049C,0,0.0,0.707,0.0
1782,373,YPL128C,0,0.0,0.707,0.0
1785,374,YOR095C,6,0.0,0.335,0.857
1794,379,YLR127C,12,0.0,0.277,1.0
1795,379,YDL008W,12,0.0,0.277,1.0
1797,379,YNL172W,12,0.0,0.277,1.0
1798,379,YDR118W,12,0.0,0.277,1.0
1799,379,YHR166C,12,0.0,0.277,1.0
1800,379,YBL084C,12,0.0,0.277,1.0
1801,379,YOR249C,12,0.0,0.277,1.0
1803,379,YKL022C,12,0.0,0.277,1.0
1820,384,YER136W,2,0.0,0.577,0.667
1821,384,YOR370C,2,0.0,0.577,0.667
1831,387,YDL055C,0,0.0,0.577,0.0
1833,387,YGL065C,0,0.0,0.577,0.0
1857,395,YDR389W,0,0.0,0.0,0.0
1858,395,YLR310C,0,0.0,0.0,0.0
1890,406,YHR005C,1,0.0,0.354,0.25
1892,406,YBR140C,1,0.0,0.271,0.25
1894,408,YMR070W,0,0.0,1.0,1.0
1912,415,YIR022W,3,0.0,0.5,1.0
1913,415,YLR066W,3,0.0,0.5,1.0
1926,418,YDL195W,0,0.0,1.0,1.0
1941,424,YGR198W,2,0.0,0.435,0.667
1942,424,YDR208W,2,0.0,0.435,0.667
1979,440,YMR079W,0,0.0,1.0,1.0
1994,445,YDR141C,2,0.0,0.577,1.0
1995,445,YIL048W,2,0.0,0.577,1.0
1998,446,YBR158W,5,0.0,0.272,0.357
2004,447,YLR097C,1,0.0,0.707,1.0
2026,454,YDR233C,3,0.0,0.5,1.0
2060,469,YOR271C,0,0.0,1.0,1.0
2062,470,YMR200W,0,0.0,0.577,0.0
2068,473,YHR009C,0,0.0,0.707,0.0
2070,474,YJR089W,0,0.0,1.0,1.0
2073,476,YCR039C,3,0.033,0.339,0.6
2074,476,YCR096C,3,0.0,0.365,0.6
2078,478,YMR071C,1,0.0,0.707,1.0
2083,481,YOL100W,3,0.0,0.439,0.6
2092,486,YGR120C,7,0.0,0.335,0.875
2113,495,YBR168W,0,0.0,0.577,0.0
2123,500,YGL102C,0,0.0,0.577,0.0
2126,502,YNL263C,2,0.0,0.435,0.667
2192,540,YPL075W,0,0.0,0.577,0.0
2203,544,YNL158W,0,0.0,1.0,1.0
