,cluster,protein,degree,degree_centrality,eigenvector_centrality,betweenness_centrality
3,1,YER048W-A,14,0.875,0.266,0.008
4,1,YGL018C,14,0.875,0.266,0.008
7,1,YCL017C,14,0.875,0.266,0.008
11,1,YPL252C,14,0.875,0.266,0.008
13,2,YOR232W,4,0.8,0.51,0.1
15,3,YDL140C,66,0.742,0.212,0.169
16,3,YHR143W-A,38,0.427,0.165,0.012
17,3,YHR058C,36,0.404,0.139,0.012
18,3,YML010W,36,0.404,0.113,0.046
19,3,YOR224C,39,0.438,0.167,0.013
20,3,YOR151C,48,0.539,0.185,0.032
21,3,YOL005C,42,0.472,0.178,0.011
22,3,YPR086W,46,0.517,0.186,0.026
23,3,YPR187W,43,0.483,0.176,0.018
24,3,YOR210W,42,0.472,0.173,0.017
25,3,YDR404C,43,0.483,0.178,0.015
26,3,YOL135C,40,0.449,0.152,0.027
27,3,YIL143C,35,0.393,0.141,0.018
29,3,YMR112C,34,0.382,0.14,0.01
30,3,YER022W,36,0.404,0.144,0.012
31,3,YLR071C,39,0.438,0.147,0.02
32,3,YBR154C,43,0.483,0.174,0.022
34,3,YER171W,34,0.382,0.136,0.013
35,3,YIL021W,49,0.551,0.189,0.032
37,3,YDR308C,37,0.416,0.14,0.015
40,5,YOR116C,19,0.396,0.131,0.027
41,5,YMR236W,22,0.458,0.223,0.015
43,5,YBR198C,22,0.458,0.223,0.015
44,5,YGL112C,22,0.458,0.223,0.015
45,5,YDR167W,23,0.479,0.228,0.028
46,5,YPR190C,16,0.333,0.122,0.002
47,5,YOR207C,17,0.354,0.122,0.021
48,5,YDR145W,22,0.458,0.223,0.015
49,5,YGR246C,22,0.458,0.143,0.024
50,5,YNL039W,21,0.438,0.14,0.015
51,5,YDL150W,16,0.333,0.122,0.002
52,5,YER148W,44,0.917,0.334,0.546
56,6,YDR054C,10,0.303,0.281,0.009
57,6,YDL132W,16,0.485,0.347,0.09
58,6,YOL133W,17,0.515,0.364,0.135
59,6,YIL046W,7,0.212,0.189,0.025
61,6,YDR328C,22,0.667,0.372,0.37
64,6,YFL009W,7,0.212,0.189,0.025
75,8,YPL240C,17,0.739,0.324,0.07
80,9,YFL039C,72,0.661,0.273,0.479
81,9,YFL024C,24,0.22,0.15,0.003
82,9,YGR002C,34,0.312,0.218,0.008
84,9,YOR244W,24,0.22,0.149,0.005
89,9,YJL081C,38,0.349,0.236,0.013
90,9,YDL029W,30,0.275,0.037,0.041
92,9,YHR099W,28,0.257,0.159,0.022
100,9,YGL150C,25,0.229,0.159,0.006
101,9,YPL235W,37,0.339,0.202,0.045
103,9,YOR181W,28,0.257,0.035,0.047
105,9,YLL050C,20,0.183,0.03,0.01
106,9,YDR190C,38,0.349,0.202,0.061
108,9,YNL059C,20,0.183,0.134,0.001
109,9,YCR088W,22,0.202,0.032,0.028
110,10,YBL003C,15,0.357,0.204,0.004
111,10,YML069W,16,0.381,0.203,0.011
112,10,YGL207W,15,0.357,0.197,0.01
113,10,YBR009C,26,0.619,0.288,0.051
116,10,YNL031C,31,0.738,0.301,0.175
119,10,YDR224C,18,0.429,0.222,0.053
125,13,YPL217C,149,0.723,0.095,0.005
126,13,YCL059C,138,0.67,0.09,0.003
127,13,YER082C,142,0.689,0.093,0.003
128,13,YLR222C,150,0.728,0.096,0.007
129,13,YPL093W,145,0.704,0.092,0.005
130,13,YLR276C,142,0.689,0.092,0.005
131,13,YOR206W,158,0.767,0.098,0.007
132,13,YOR310C,145,0.704,0.093,0.007
133,13,YMR229C,144,0.699,0.093,0.003
134,13,YDL060W,144,0.699,0.093,0.004
135,13,YDR449C,146,0.709,0.096,0.003
136,13,YLR197W,145,0.704,0.093,0.007
138,13,YDR398W,146,0.709,0.095,0.004
139,13,YCL054W,161,0.782,0.098,0.011
141,13,YNL132W,145,0.704,0.094,0.004
142,13,YJL033W,149,0.723,0.096,0.004
143,13,YKL172W,154,0.748,0.096,0.006
145,13,YNL110C,158,0.767,0.097,0.006
146,13,YPL211W,139,0.675,0.088,0.007
147,13,YGR245C,146,0.709,0.094,0.007
148,13,YNL061W,152,0.738,0.096,0.005
149,13,YNL308C,142,0.689,0.093,0.003
150,13,YLR409C,144,0.699,0.092,0.004
151,13,YHR170W,141,0.684,0.09,0.008
152,13,YLR009W,144,0.699,0.091,0.009
153,13,YGL171W,140,0.68,0.093,0.002
154,13,YGR145W,153,0.743,0.098,0.004
155,13,YMR290C,158,0.767,0.098,0.006
156,13,YMR049C,166,0.806,0.101,0.021
157,13,YOL077C,155,0.752,0.095,0.016
160,13,YDR299W,144,0.699,0.093,0.006
161,13,YAL025C,144,0.699,0.09,0.008
162,13,YLR002C,138,0.67,0.089,0.003
163,13,YOR294W,154,0.748,0.096,0.006
164,13,YPR144C,139,0.675,0.091,0.003
165,13,YDL148C,148,0.718,0.096,0.004
166,13,YLL008W,152,0.738,0.095,0.01
167,13,YCR057C,154,0.748,0.097,0.015
168,13,YPL043W,162,0.786,0.099,0.008
169,13,YGR103W,171,0.83,0.103,0.012
170,13,YOR272W,165,0.801,0.101,0.008
171,13,YBR247C,153,0.743,0.097,0.005
172,13,YPL012W,143,0.694,0.093,0.004
173,13,YKR081C,163,0.791,0.101,0.006
174,13,YPR137W,149,0.723,0.095,0.007
175,13,YNL075W,146,0.709,0.094,0.004
176,13,YLR129W,149,0.723,0.096,0.004
177,13,YER006W,153,0.743,0.096,0.005
178,14,YOL142W,19,0.655,0.249,0.015
179,14,YGR158C,18,0.621,0.246,0.005
180,14,YOL021C,22,0.759,0.262,0.052
181,14,YJL050W,21,0.724,0.241,0.063
182,14,YGR095C,18,0.621,0.246,0.005
183,14,YGR195W,18,0.621,0.246,0.005
184,14,YNL232W,19,0.655,0.249,0.015
188,15,YPL207W,4,0.444,0.447,0.0
190,15,YHR070W,4,0.444,0.447,0.0
191,16,YKL024C,7,0.538,0.36,0.071
200,18,YLR340W,154,0.928,0.084,0.003
205,18,YGL189C,153,0.922,0.084,0.002
207,18,YPL131W,153,0.922,0.084,0.001
211,18,YOR167C,154,0.928,0.085,0.002
212,18,YJR123W,159,0.958,0.085,0.009
213,18,YOR293W,155,0.934,0.085,0.002
219,18,YGL123W,159,0.958,0.085,0.004
222,18,YDR064W,157,0.946,0.085,0.002
224,18,YHL015W,159,0.958,0.086,0.003
225,18,YOL040C,159,0.958,0.086,0.003
226,18,YNL178W,160,0.964,0.086,0.005
245,18,YOR063W,154,0.928,0.084,0.004
258,20,YDR041W,68,0.819,0.127,0.006
265,20,YNL306W,69,0.831,0.131,0.004
269,20,YNL137C,69,0.831,0.129,0.007
271,21,YER025W,8,0.8,0.333,0.0
272,21,YLR291C,8,0.8,0.333,0.0
273,21,YDR211W,8,0.8,0.333,0.0
274,21,YOR260W,8,0.8,0.333,0.0
275,21,YPL237W,8,0.8,0.333,0.0
276,21,YGR083C,8,0.8,0.333,0.0
279,21,YJR007W,8,0.8,0.333,0.0
281,22,YDR177W,3,0.5,0.557,0.033
290,25,YDR212W,8,0.571,0.355,0.299
293,25,YJL008C,6,0.429,0.259,0.07
328,30,YDL004W,22,0.733,0.237,0.018
334,33,YGR029W,13,0.765,0.286,0.014
336,33,YEL020W-A,14,0.824,0.294,0.034
337,33,YKL195W,15,0.882,0.295,0.144
342,37,YDR231C,0,1.0,1.0,0.0
352,40,YCR052W,19,0.731,0.231,0.01
353,40,YIL126W,19,0.731,0.23,0.011
354,40,YMR033W,26,1.0,0.262,0.172
355,40,YPR034W,25,0.962,0.261,0.095
357,40,YFR037C,19,0.731,0.23,0.011
360,42,YLR277C,18,0.474,0.239,0.006
361,42,YER133W,32,0.842,0.238,0.517
362,42,YLR115W,18,0.474,0.239,0.006
363,42,YKR002W,17,0.447,0.229,0.003
364,42,YGL044C,18,0.474,0.239,0.006
365,42,YKL059C,18,0.474,0.239,0.006
366,42,YPR107C,18,0.474,0.239,0.006
367,42,YDR301W,18,0.474,0.239,0.006
368,42,YKL018W,17,0.447,0.231,0.002
370,42,YJR093C,17,0.447,0.231,0.002
371,42,YNL317W,17,0.447,0.229,0.003
372,42,YDR228C,18,0.474,0.239,0.006
374,42,YAL043C,18,0.474,0.239,0.006
375,42,YNL222W,17,0.447,0.231,0.002
383,44,YOR159C,76,0.784,0.154,0.017
384,44,YDL030W,62,0.639,0.133,0.007
385,44,YMR240C,69,0.711,0.144,0.01
387,44,YDR416W,61,0.629,0.13,0.009
388,44,YKL173W,78,0.804,0.155,0.031
389,44,YLR147C,79,0.814,0.159,0.019
390,44,YLR275W,79,0.814,0.159,0.018
392,44,YMR288W,73,0.753,0.151,0.013
393,44,YLR117C,69,0.711,0.141,0.016
394,44,YER172C,73,0.753,0.148,0.019
395,44,YPR094W,61,0.629,0.131,0.007
396,44,YFL017W-A,80,0.825,0.16,0.02
397,44,YDL043C,71,0.732,0.148,0.011
398,44,YPL213W,79,0.814,0.158,0.028
399,44,YHR165C,74,0.763,0.149,0.02
400,44,YJL203W,66,0.68,0.138,0.01
401,44,YMR213W,62,0.639,0.126,0.031
402,44,YOR319W,64,0.66,0.135,0.008
404,44,YML049C,69,0.711,0.144,0.01
405,44,YGR074W,71,0.732,0.145,0.032
406,44,YPR182W,79,0.814,0.159,0.018
407,44,YLL036C,58,0.598,0.123,0.017
413,47,YBR136W,35,0.538,0.212,0.032
416,47,YHR164C,25,0.385,0.161,0.02
417,47,YBR088C,25,0.385,0.157,0.018
420,47,YAR007C,31,0.477,0.188,0.054
428,47,YPL153C,26,0.4,0.16,0.014
430,48,YMR061W,0,0.0,0.707,0.0
431,49,YOR048C,1,0.5,0.707,0.0
437,51,YER125W,15,0.75,0.575,0.505
447,54,YJL002C,12,0.273,0.208,0.004
448,54,YJL034W,27,0.614,0.264,0.295
451,54,YER019C-A,15,0.341,0.25,0.028
452,54,YEL002C,18,0.409,0.284,0.075
454,54,YOR103C,12,0.273,0.2,0.004
455,54,YGL022W,13,0.295,0.215,0.006
456,54,YCL043C,17,0.386,0.182,0.116
457,54,YLR378C,22,0.5,0.327,0.098
458,54,YOR254C,14,0.318,0.214,0.02
461,55,YFL037W,7,0.7,0.352,0.008
465,56,YLR243W,0,0.0,0.707,0.0
466,56,YOR262W,0,0.0,0.707,0.0
475,59,YKL212W,15,0.833,0.437,0.449
476,59,YNL267W,8,0.444,0.336,0.021
478,59,YPL268W,7,0.389,0.322,0.001
482,62,YGR253C,40,0.465,0.157,0.008
483,62,YOR117W,44,0.512,0.169,0.015
484,62,YER012W,41,0.477,0.161,0.008
485,62,YER021W,41,0.477,0.164,0.007
487,62,YDL097C,40,0.465,0.163,0.005
488,62,YDL126C,52,0.605,0.12,0.327
489,62,YKL145W,43,0.5,0.168,0.01
490,62,YIL075C,41,0.477,0.164,0.007
491,62,YDR427W,40,0.465,0.163,0.005
492,62,YFR004W,40,0.465,0.162,0.005
494,62,YDR394W,43,0.5,0.166,0.013
495,62,YDL147W,41,0.477,0.165,0.007
496,62,YOR259C,43,0.5,0.168,0.01
497,62,YDL007W,44,0.512,0.169,0.018
498,62,YOR261C,41,0.477,0.164,0.006
499,62,YHR027C,42,0.488,0.166,0.008
501,62,YFR052W,40,0.465,0.163,0.005
502,62,YGL048C,42,0.488,0.167,0.007
504,62,YOR362C,40,0.465,0.161,0.009
506,64,YKL203C,10,0.714,0.328,0.027
507,64,YHR186C,10,0.714,0.328,0.027
508,64,YOL078W,9,0.643,0.316,0.001
511,64,YNL006W,9,0.643,0.316,0.001
512,64,YER093C,9,0.643,0.316,0.001
514,65,YBL105C,0,0.0,0.577,0.0
521,68,YGL073W,0,0.0,0.5,0.0
525,69,YGL180W,17,0.607,0.337,0.08
526,69,YPL149W,12,0.429,0.272,0.023
528,69,YBL078C,19,0.679,0.304,0.278
529,69,YDL149W,15,0.536,0.308,0.048
530,69,YNL223W,11,0.393,0.257,0.013
532,69,YBR217W,11,0.393,0.26,0.008
538,73,YGR162W,5,0.833,0.473,0.078
539,73,YOL139C,5,0.833,0.473,0.078
552,77,YHR084W,8,0.2,0.173,0.014
559,79,YDR047W,6,0.75,0.376,0.0
560,79,YDL205C,6,0.75,0.376,0.0
561,79,YDR232W,6,0.75,0.376,0.0
562,79,YOR278W,6,0.75,0.376,0.0
563,79,YGL040C,6,0.75,0.376,0.0
564,79,YOR176W,6,0.75,0.376,0.0
565,79,YDR044W,7,0.875,0.385,0.214
566,80,YHR122W,7,0.875,0.373,0.014
567,80,YIL003W,7,0.875,0.373,0.014
568,80,YNL240C,7,0.875,0.373,0.014
570,80,YGL091C,7,0.875,0.373,0.014
571,81,YJL025W,7,1.0,0.381,0.036
572,81,YLR141W,7,1.0,0.381,0.036
573,81,YBL014C,7,1.0,0.381,0.036
574,81,YML043C,7,1.0,0.381,0.036
578,83,YNL189W,12,0.6,0.239,0.025
579,83,YMR308C,13,0.65,0.269,0.019
581,83,YLR347C,17,0.85,0.324,0.071
582,83,YLR293C,18,0.9,0.318,0.19
604,91,YGR175C,22,0.846,0.261,0.036
605,91,YHR072W,21,0.808,0.255,0.026
606,91,YGR060W,20,0.769,0.244,0.022
607,91,YHR007C,22,0.846,0.239,0.174
608,91,YGL001C,18,0.692,0.228,0.011
609,91,YML126C,21,0.808,0.249,0.032
610,91,YHR190W,23,0.885,0.268,0.044
612,92,YKL019W,9,0.818,0.451,0.298
623,94,YPL020C,10,0.625,0.296,0.134
624,94,YDR510W,12,0.75,0.346,0.107
626,94,YDL064W,11,0.688,0.329,0.067
627,94,YEL019C,13,0.812,0.351,0.219
628,95,YJL039C,29,0.518,0.198,0.01
630,95,YLR208W,32,0.571,0.145,0.241
631,95,YJR042W,28,0.5,0.193,0.007
632,95,YGR119C,29,0.518,0.199,0.01
633,95,YGL172W,28,0.5,0.197,0.007
635,95,YFR002W,31,0.554,0.207,0.013
636,95,YJL041W,29,0.518,0.19,0.024
638,95,YGL092W,30,0.536,0.203,0.012
641,95,YOR098C,31,0.554,0.207,0.013
645,97,YMR043W,4,0.8,0.559,0.2
647,98,YFR027W,10,0.909,0.325,0.022
648,98,YJL074C,11,1.0,0.336,0.073
649,98,YMR076C,10,0.909,0.325,0.022
650,98,YIL026C,11,1.0,0.336,0.073
651,98,YDL003W,10,0.909,0.325,0.022
652,98,YFL008W,10,0.909,0.315,0.052
665,101,YKL210W,0,0.0,0.707,0.0
673,103,YPR019W,54,0.9,0.196,0.035
674,103,YJL194W,46,0.767,0.177,0.016
676,103,YKL045W,40,0.667,0.158,0.013
677,103,YLR103C,48,0.8,0.183,0.019
678,103,YBL023C,52,0.867,0.191,0.028
679,103,YGL201C,48,0.8,0.184,0.018
680,103,YNL102W,48,0.8,0.175,0.031
681,103,YBR202W,54,0.9,0.196,0.033
682,103,YPR175W,41,0.683,0.166,0.011
683,103,YEL032W,54,0.9,0.196,0.033
684,103,YDR013W,37,0.617,0.152,0.007
685,103,YIR008C,41,0.683,0.162,0.014
686,103,YBL035C,45,0.75,0.171,0.022
687,103,YLR274W,54,0.9,0.196,0.033
688,103,YNL262W,46,0.767,0.174,0.023
689,104,YLR215C,0,0.0,0.707,0.0
698,108,YLR027C,9,0.692,0.373,0.137
706,109,YDR050C,17,0.895,0.26,0.028
707,109,YKL152C,18,0.947,0.273,0.03
708,109,YBR196C,18,0.947,0.273,0.03
709,109,YKL060C,17,0.895,0.263,0.024
710,109,YCR012W,18,0.947,0.27,0.036
727,116,YNL118C,2,0.667,0.577,0.0
736,118,YNL103W,4,1.0,0.479,0.056
742,119,YAL012W,13,0.812,0.331,0.076
743,119,YER043C,13,0.812,0.315,0.185
745,119,YGR155W,10,0.625,0.289,0.013
769,124,YML128C,38,0.543,0.281,0.105
779,126,YKL035W,10,0.909,0.438,0.464
781,127,YLR166C,12,0.545,0.283,0.003
782,127,YJL085W,12,0.545,0.277,0.01
783,127,YGR009C,13,0.591,0.285,0.077
784,127,YIL068C,12,0.545,0.279,0.009
785,127,YFL005W,16,0.727,0.293,0.246
786,127,YGL233W,13,0.591,0.295,0.013
787,127,YBR102C,12,0.545,0.277,0.01
788,127,YER008C,12,0.545,0.283,0.003
789,127,YDR166C,12,0.545,0.279,0.009
790,127,YPR055W,13,0.591,0.295,0.013
791,128,YOR336W,3,0.429,0.4,0.024
794,128,YFR042W,3,0.429,0.4,0.024
795,129,YIL109C,2,1.0,0.577,0.0
796,129,YHR098C,2,1.0,0.577,0.0
798,130,YDL145C,11,0.44,0.309,0.014
801,130,YDR238C,12,0.48,0.328,0.029
802,130,YNL287W,12,0.48,0.333,0.022
803,130,YGL137W,10,0.4,0.292,0.013
805,131,YDR407C,13,0.591,0.29,0.012
806,131,YFL038C,16,0.727,0.267,0.324
807,131,YKR068C,14,0.636,0.297,0.026
809,131,YML077W,13,0.591,0.286,0.019
810,131,YMR218C,13,0.591,0.29,0.012
813,132,YBR243C,10,0.556,0.283,0.074
815,132,YBR110W,11,0.611,0.349,0.023
817,133,YER016W,11,0.688,0.345,0.04
818,133,YLR045C,12,0.75,0.35,0.149
822,134,YMR001C,18,0.316,0.226,0.013
823,134,YGL116W,26,0.456,0.279,0.063
825,134,YGR098C,15,0.263,0.184,0.008
826,134,YGL003C,20,0.351,0.226,0.048
827,134,YDL028C,13,0.228,0.149,0.003
828,134,YLR182W,13,0.228,0.085,0.025
829,134,YBR160W,39,0.684,0.335,0.301
830,134,YER111C,13,0.228,0.096,0.015
833,134,YBR135W,22,0.386,0.234,0.069
836,134,YPL209C,13,0.228,0.146,0.035
843,136,YJL026W,4,0.8,0.447,0.0
844,136,YER070W,4,0.8,0.447,0.0
846,136,YJR057W,4,0.8,0.447,0.0
848,137,YIL106W,10,0.588,0.31,0.029
849,137,YFR028C,14,0.824,0.345,0.262
850,137,YML064C,12,0.706,0.349,0.073
852,137,YAR019C,11,0.647,0.331,0.044
855,138,YGR179C,15,0.441,0.223,0.014
857,138,YKL049C,16,0.471,0.232,0.018
858,138,YIR010W,24,0.706,0.28,0.158
859,138,YBR211C,18,0.529,0.245,0.031
863,138,YAL034W-A,16,0.471,0.197,0.029
892,147,YJL143W,17,0.436,0.188,0.014
893,147,YDL217C,17,0.436,0.193,0.013
894,147,YJL054W,23,0.59,0.242,0.035
895,147,YGR082W,22,0.564,0.239,0.026
896,147,YNR017W,20,0.513,0.205,0.036
897,147,YPL063W,20,0.513,0.207,0.04
898,147,YNL131W,27,0.692,0.277,0.06
900,147,YIL022W,18,0.462,0.198,0.016
901,147,YMR203W,31,0.795,0.293,0.158
902,148,YOR168W,28,0.7,0.245,0.085
903,148,YGL245W,24,0.6,0.232,0.021
905,148,YIL078W,20,0.5,0.19,0.022
906,148,YGR185C,29,0.725,0.254,0.048
907,148,YGR264C,23,0.575,0.221,0.023
908,148,YDR023W,21,0.525,0.197,0.028
909,148,YHR020W,20,0.5,0.199,0.01
910,148,YBL076C,26,0.65,0.232,0.045
911,148,YPL160W,29,0.725,0.257,0.047
912,148,YDR037W,26,0.65,0.236,0.032
913,149,YLR153C,10,0.588,0.319,0.024
921,151,YOR257W,1,0.333,0.707,0.0
923,152,YDL084W,10,0.833,0.364,0.053
926,152,YDR381W,12,1.0,0.382,0.311
933,154,YAL047C,5,0.833,0.412,0.017
934,154,YKL042W,5,0.833,0.382,0.1
935,154,YHR172W,5,0.833,0.412,0.017
936,154,YNL126W,5,0.833,0.412,0.017
937,154,YDR356W,6,1.0,0.441,0.183
939,156,YLR457C,3,0.75,0.47,0.083
940,156,YPL255W,4,1.0,0.559,0.333
941,156,YLL003W,3,0.75,0.47,0.083
944,158,YKL192C,0,0.0,0.707,0.0
948,160,YIR015W,12,0.923,0.29,0.04
949,160,YGR030C,13,1.0,0.31,0.051
950,160,YNL221C,13,1.0,0.31,0.051
951,160,YAL033W,12,0.923,0.3,0.025
952,160,YBR257W,13,1.0,0.31,0.051
960,164,YKL182W,8,0.889,0.445,0.208
961,164,YPL231W,9,1.0,0.48,0.329
967,166,YKL088W,6,0.75,0.398,0.018
968,166,YIL083C,6,0.75,0.398,0.018
969,166,YDR196C,8,1.0,0.421,0.482
970,166,YGR277C,6,0.75,0.398,0.018
972,167,YDL045C,4,1.0,0.524,0.5
973,167,YDR236C,3,0.75,0.482,0.0
986,172,YGL206C,14,0.56,0.276,0.03
993,175,YGR218W,0,1.0,1.0,0.0
994,176,YJL125C,6,0.6,0.399,0.044
999,177,YER165W,9,0.474,0.611,0.234
1010,178,YLR249W,0,0.0,0.408,0.0
1013,179,YDR432W,0,0.0,0.707,0.0
1020,182,YLR116W,0,0.0,0.707,0.0
1032,187,YKR079C,0,1.0,1.0,0.0
1048,195,YLR355C,1,0.25,0.5,0.0
1055,198,YDR353W,9,0.562,0.293,0.039
1085,205,YBR112C,1,0.333,0.707,0.0
1092,207,YLR359W,14,0.636,0.304,0.073
1117,215,YPR035W,1,1.0,0.707,0.0
1126,219,YKL104C,1,0.25,0.707,0.0
1127,219,YEL058W,1,0.25,0.707,0.0
1132,221,YDR081C,2,0.286,0.408,0.0
1145,225,YHR042W,0,0.0,0.707,0.0
1165,231,YCL028W,1,0.125,0.354,0.0
1171,232,YLR240W,19,0.864,0.348,0.246
1172,232,YFR021W,13,0.591,0.308,0.028
1175,232,YPL120W,20,0.909,0.359,0.272
1176,233,YJL005W,8,0.471,0.313,0.009
1177,233,YJL164C,12,0.706,0.382,0.144
1179,233,YPL203W,10,0.588,0.358,0.033
1181,233,YKL166C,10,0.588,0.358,0.033
1182,234,YPR113W,0,1.0,1.0,0.0
1187,237,YNL256W,5,1.0,0.49,0.183
1188,237,YOR236W,5,1.0,0.49,0.183
1189,238,YLR371W,7,0.156,0.04,0.039
1190,238,YBR200W,15,0.333,0.312,0.061
1194,238,YAL041W,14,0.311,0.332,0.051
1195,238,YPR165W,11,0.244,0.214,0.239
1198,238,YLR229C,21,0.467,0.407,0.179
1201,238,YNL271C,12,0.267,0.276,0.059
1205,240,YNL022C,2,0.286,0.577,0.0
1208,241,YHR072W-A,0,1.0,1.0,0.0
1211,243,YMR276W,0,1.0,1.0,0.0
1213,244,YGL236C,2,1.0,0.577,0.0
1225,248,YBR256C,5,1.0,0.428,0.025
1226,248,YDR487C,5,1.0,0.428,0.025
1227,248,YBR153W,5,1.0,0.428,0.025
1232,250,YFL045C,1,1.0,0.707,0.0
1233,250,YER003C,1,1.0,0.707,0.0
1238,253,YDR182W,0,0.0,0.707,0.0
1251,256,YBR011C,1,1.0,0.707,0.0
1262,259,YJR016C,5,0.833,0.507,0.111
1270,263,YMR197C,24,0.8,0.213,0.016
1273,263,YLR078C,25,0.833,0.224,0.009
1275,263,YOR106W,24,0.8,0.213,0.016
1276,263,YOR075W,26,0.867,0.214,0.054
1277,263,YKL196C,26,0.867,0.226,0.021
1278,263,YLR026C,26,0.867,0.224,0.05
1279,263,YIL004C,24,0.8,0.216,0.008
1285,265,YHR129C,0,1.0,1.0,0.0
1299,267,YBR029C,15,0.312,0.211,0.034
1305,268,YJR049C,0,0.0,0.5,0.0
1315,272,YLR220W,0,1.0,1.0,0.0
1323,275,YOR281C,0,0.0,0.707,0.0
1324,275,YNL313C,0,0.0,0.707,0.0
1332,281,YDR082W,6,0.462,0.393,0.03
1333,281,YLR010C,6,0.462,0.393,0.03
1334,281,YDL220C,6,0.462,0.393,0.03
1335,281,YNL216W,8,0.615,0.421,0.308
1337,282,YOL149W,1,0.5,0.707,0.0
1343,284,YJL097W,6,0.75,0.386,0.007
1344,284,YGL055W,8,1.0,0.407,0.471
1345,284,YDL015C,6,0.75,0.386,0.007
1352,288,YBR109C,0,0.0,0.707,0.0
1353,288,YNL225C,0,0.0,0.707,0.0
1364,292,YDR367W,4,0.667,0.412,0.017
1365,292,YKL004W,4,0.667,0.412,0.017
1373,296,YOR326W,5,0.625,0.52,0.262
1377,297,YBL007C,1,1.0,0.707,0.0
1387,302,YBR038W,2,1.0,0.577,0.0
1388,302,YMR032W,2,1.0,0.577,0.0
1402,305,YML068W,0,1.0,1.0,0.0
1415,309,YDL165W,10,0.667,0.307,0.005
1416,309,YNR052C,10,0.667,0.289,0.048
1417,309,YCR093W,11,0.733,0.31,0.129
1419,310,YDL092W,7,1.0,0.384,0.031
1420,310,YPL243W,7,1.0,0.384,0.031
1421,310,YPL210C,7,1.0,0.384,0.031
1422,310,YPR088C,7,1.0,0.384,0.031
1427,312,YAR008W,3,1.0,0.557,0.167
1428,312,YJL087C,3,1.0,0.557,0.167
1433,315,YNL197C,0,0.0,0.707,0.0
1437,316,YJL019W,2,1.0,0.577,0.0
1463,327,YGR046W,2,1.0,0.577,0.0
1469,330,YOL130W,0,0.0,0.5,0.0
1474,331,YDL235C,5,0.714,0.418,0.012
1485,333,YGL008C,0,0.0,0.707,0.0
1489,336,YJR013W,15,0.625,0.304,0.079
1490,336,YDR331W,12,0.5,0.261,0.039
1491,336,YPL175W,14,0.583,0.282,0.066
1492,336,YHR188C,12,0.5,0.249,0.04
1493,336,YLR088W,14,0.583,0.288,0.059
1494,336,YMR281W,14,0.583,0.296,0.053
1495,336,YGL142C,15,0.625,0.301,0.071
1496,336,YBR004C,14,0.583,0.272,0.118
1497,336,YLL031C,12,0.5,0.264,0.025
1499,337,YMR164C,0,0.0,0.378,0.0
1521,344,YDR123C,3,0.5,0.438,0.0
1537,351,YFR003C,0,1.0,1.0,0.0
1544,355,YLR316C,0,1.0,1.0,0.0
1554,359,YOR143C,0,0.0,0.707,0.0
1564,363,YDL103C,1,0.5,0.707,0.0
1565,363,YFL017C,1,0.5,0.707,0.0
1573,368,YHR107C,11,0.846,0.37,0.091
1574,368,YLR314C,10,0.769,0.346,0.065
1575,368,YJR076C,12,0.923,0.385,0.145
1583,373,YBR049C,0,0.0,0.707,0.0
1584,373,YPL128C,0,0.0,0.707,0.0
1598,379,YLR127C,12,1.0,0.277,0.0
1599,379,YDL008W,12,1.0,0.277,0.0
1601,379,YNL172W,12,1.0,0.277,0.0
1602,379,YDR118W,12,1.0,0.277,0.0
1603,379,YHR166C,12,1.0,0.277,0.0
1604,379,YBL084C,12,1.0,0.277,0.0
1605,379,YOR249C,12,1.0,0.277,0.0
1607,379,YKL022C,12,1.0,0.277,0.0
1622,384,YER136W,2,0.667,0.577,0.0
1623,384,YOR370C,2,0.667,0.577,0.0
1632,387,YDL055C,0,0.0,0.577,0.0
1634,387,YGL065C,0,0.0,0.577,0.0
1666,396,YHR074W,2,0.667,0.707,0.333
1667,397,YLR059C,3,1.0,0.612,0.667
1685,408,YMR070W,0,1.0,1.0,0.0
1700,414,YOR353C,5,0.714,0.42,0.024
1701,414,YFL034C-B,5,0.714,0.42,0.024
1702,414,YNL161W,5,0.714,0.372,0.286
1703,414,YKL189W,6,0.857,0.436,0.31
1704,414,YIL129C,5,0.714,0.42,0.024
1706,415,YIR022W,3,1.0,0.5,0.0
1707,415,YLR066W,3,1.0,0.5,0.0
1717,418,YDL195W,0,1.0,1.0,0.0
1730,424,YLR305C,3,1.0,0.557,0.167
1731,424,YMR212C,3,1.0,0.557,0.167
1762,440,YMR079W,0,1.0,1.0,0.0
1771,445,YDR141C,2,1.0,0.577,0.0
1772,445,YIL048W,2,1.0,0.577,0.0
1779,447,YLR097C,1,1.0,0.707,0.0
1801,454,YDR233C,3,1.0,0.5,0.0
1837,469,YOR271C,0,1.0,1.0,0.0
1839,470,YMR200W,0,0.0,0.577,0.0
1845,473,YHR009C,0,0.0,0.707,0.0
1847,474,YJR089W,0,1.0,1.0,0.0
1851,476,YCL067C,4,0.8,0.436,0.083
1855,478,YMR071C,1,1.0,0.707,0.0
1867,486,YPR105C,8,1.0,0.358,0.036
1869,486,YER157W,8,1.0,0.358,0.036
1885,495,YBR168W,0,0.0,0.577,0.0
1895,500,YGL102C,0,0.0,0.577,0.0
1897,502,YGR172C,3,1.0,0.557,0.167
1962,540,YPL075W,0,0.0,0.577,0.0
1973,544,YNL158W,0,1.0,1.0,0.0
