,cluster,protein,degree,betweenness_centrality,eigenvector_centrality,degree_centrality
9,2,YOR232W,4,0.1,0.51,0.8
12,3,YDL140C,66,0.169,0.212,0.742
13,3,YML010W,36,0.046,0.113,0.404
14,3,YOR224C,39,0.013,0.167,0.438
16,3,YOR151C,48,0.032,0.185,0.539
18,3,YPR086W,46,0.026,0.186,0.517
19,3,YPR187W,43,0.018,0.176,0.483
20,3,YOR210W,42,0.017,0.173,0.472
21,3,YDR404C,43,0.015,0.178,0.483
22,3,YOL135C,40,0.027,0.152,0.449
23,3,YIL143C,35,0.018,0.141,0.393
25,3,YLR071C,39,0.02,0.147,0.438
26,3,YBR154C,43,0.022,0.174,0.483
28,3,YER171W,34,0.013,0.136,0.382
29,3,YDL108W,31,0.018,0.11,0.348
30,3,YIL021W,49,0.032,0.189,0.551
32,3,YDR308C,37,0.015,0.14,0.416
38,5,YOR116C,19,0.027,0.131,0.396
39,5,YMR236W,22,0.015,0.223,0.458
41,5,YBR198C,22,0.015,0.223,0.458
42,5,YGL112C,22,0.015,0.223,0.458
43,5,YMR227C,14,0.019,0.147,0.292
44,5,YDR167W,23,0.028,0.228,0.479
45,5,YOR207C,17,0.021,0.122,0.354
46,5,YDR145W,22,0.015,0.223,0.458
47,5,YGR246C,22,0.024,0.143,0.458
48,5,YNL039W,21,0.015,0.14,0.438
49,5,YGR274C,15,0.026,0.149,0.312
50,5,YER148W,44,0.546,0.334,0.917
51,6,YDR054C,10,0.009,0.281,0.303
52,6,YDL132W,16,0.09,0.347,0.485
54,6,YOL133W,17,0.135,0.364,0.515
55,6,YIL046W,7,0.025,0.189,0.212
57,6,YDR328C,22,0.37,0.372,0.667
59,6,YFL009W,7,0.025,0.189,0.212
68,8,YPL240C,17,0.07,0.324,0.739
70,8,YNL007C,12,0.046,0.25,0.522
73,9,YFL039C,72,0.479,0.273,0.661
74,9,YNL243W,16,0.008,0.026,0.147
75,9,YGR002C,34,0.008,0.218,0.312
76,9,YNR035C,12,0.012,0.021,0.11
78,9,YJL081C,38,0.013,0.236,0.349
79,9,YDL029W,30,0.041,0.037,0.275
80,9,YHR023W,13,0.018,0.022,0.119
81,9,YHR099W,28,0.022,0.159,0.257
84,9,YJR065C,17,0.006,0.028,0.156
87,9,YGL150C,25,0.006,0.159,0.229
88,9,YIR006C,14,0.023,0.023,0.128
89,9,YPL235W,37,0.045,0.202,0.339
94,9,YOR181W,28,0.047,0.035,0.257
97,9,YLL050C,20,0.01,0.03,0.183
98,9,YDR190C,38,0.061,0.202,0.349
99,9,YCR088W,22,0.028,0.032,0.202
100,10,YBR009C,26,0.051,0.288,0.619
103,10,YNL031C,31,0.175,0.301,0.738
108,10,YDR224C,18,0.053,0.222,0.429
113,13,YPL217C,149,0.005,0.095,0.723
114,13,YHR088W,136,0.009,0.085,0.66
115,13,YPR010C,121,0.005,0.082,0.587
116,13,YLR222C,150,0.007,0.096,0.728
117,13,YPL093W,145,0.005,0.092,0.704
118,13,YLR276C,142,0.005,0.092,0.689
119,13,YOR206W,158,0.007,0.098,0.767
120,13,YOR310C,145,0.007,0.093,0.704
121,13,YLR197W,145,0.007,0.093,0.704
123,13,YDR398W,146,0.004,0.095,0.709
124,13,YCL054W,161,0.011,0.098,0.782
126,13,YNL132W,145,0.004,0.094,0.704
127,13,YJL033W,149,0.004,0.096,0.723
128,13,YKL172W,154,0.006,0.096,0.748
132,13,YNL110C,158,0.006,0.097,0.767
133,13,YPL211W,139,0.007,0.088,0.675
134,13,YGR245C,146,0.007,0.094,0.709
135,13,YNL061W,152,0.005,0.096,0.738
136,13,YMR131C,131,0.007,0.087,0.636
137,13,YHR085W,96,0.004,0.063,0.466
139,13,YLR409C,144,0.004,0.092,0.699
140,13,YHR170W,141,0.008,0.09,0.684
141,13,YLR009W,144,0.009,0.091,0.699
142,13,YGR145W,153,0.004,0.098,0.743
143,13,YMR290C,158,0.006,0.098,0.767
144,13,YMR049C,166,0.021,0.101,0.806
145,13,YOL077C,155,0.016,0.095,0.752
147,13,YDR299W,144,0.006,0.093,0.699
148,13,YLR175W,127,0.004,0.084,0.617
149,13,YAL025C,144,0.008,0.09,0.699
150,13,YGL029W,84,0.005,0.05,0.408
151,13,YOR294W,154,0.006,0.096,0.748
152,13,YKL078W,97,0.015,0.064,0.471
153,13,YLL008W,152,0.01,0.095,0.738
154,13,YCR057C,154,0.015,0.097,0.748
155,13,YPL043W,162,0.008,0.099,0.786
156,13,YGR103W,171,0.012,0.103,0.83
157,13,YOR272W,165,0.008,0.101,0.801
158,13,YBR247C,153,0.005,0.097,0.743
159,13,YPL012W,143,0.004,0.093,0.694
160,13,YKR081C,163,0.006,0.101,0.791
161,13,YPR137W,149,0.007,0.095,0.723
162,13,YNL075W,146,0.004,0.094,0.709
163,13,YLR129W,149,0.004,0.096,0.723
164,13,YER006W,153,0.005,0.096,0.743
165,14,YOL142W,19,0.015,0.249,0.655
166,14,YOL021C,22,0.052,0.262,0.759
167,14,YJL050W,21,0.063,0.241,0.724
168,14,YHR069C,17,0.01,0.229,0.586
169,14,YNL232W,19,0.015,0.249,0.655
179,15,YPL207W,4,0.0,0.447,0.444
181,15,YHR070W,4,0.0,0.447,0.444
182,15,YJL035C,0,0.0,0.0,0.0
183,16,YKL024C,7,0.071,0.36,0.538
189,18,YLR340W,154,0.003,0.084,0.928
193,18,YDR091C,81,0.013,0.043,0.488
198,18,YOR167C,154,0.002,0.085,0.928
199,18,YJR123W,159,0.009,0.085,0.958
200,18,YOR293W,155,0.002,0.085,0.934
206,18,YGL123W,159,0.004,0.085,0.958
208,18,YDR064W,157,0.002,0.085,0.946
210,18,YHL015W,159,0.003,0.086,0.958
211,18,YOL040C,159,0.003,0.086,0.958
212,18,YNL178W,160,0.005,0.086,0.964
216,18,YKL180W,148,0.002,0.083,0.892
219,18,YLR075W,150,0.007,0.083,0.904
223,18,YAL003W,138,0.002,0.078,0.831
231,18,YOR063W,154,0.004,0.084,0.928
252,20,YNL137C,69,0.007,0.129,0.831
254,21,YER025W,8,0.0,0.333,0.8
255,21,YLR291C,8,0.0,0.333,0.8
257,21,YDR211W,8,0.0,0.333,0.8
258,21,YOR260W,8,0.0,0.333,0.8
260,21,YPL237W,8,0.0,0.333,0.8
261,21,YGR083C,8,0.0,0.333,0.8
264,21,YJR007W,8,0.0,0.333,0.8
266,22,YDR177W,3,0.033,0.557,0.5
274,25,YDR212W,8,0.299,0.355,0.571
276,25,YJL008C,6,0.07,0.259,0.429
301,29,YBR024W,1,0.0,0.113,0.125
314,30,YDL004W,22,0.018,0.237,0.733
323,33,YEL020W-A,14,0.034,0.294,0.824
324,33,YKL195W,15,0.144,0.295,0.882
329,37,YDR231C,0,0.0,1.0,1.0
338,40,YMR033W,26,0.172,0.262,1.0
339,40,YPR034W,25,0.095,0.261,0.962
345,42,YLR277C,18,0.006,0.239,0.474
346,42,YER133W,32,0.517,0.238,0.842
347,42,YLR115W,18,0.006,0.239,0.474
348,42,YGL044C,18,0.006,0.239,0.474
351,42,YKL059C,18,0.006,0.239,0.474
352,42,YPR107C,18,0.006,0.239,0.474
354,42,YDR301W,18,0.006,0.239,0.474
356,42,YKL193C,12,0.028,0.026,0.316
357,42,YDR228C,18,0.006,0.239,0.474
358,42,YAL043C,18,0.006,0.239,0.474
367,44,YOR159C,76,0.017,0.154,0.784
368,44,YMR240C,69,0.01,0.144,0.711
370,44,YKL173W,78,0.031,0.155,0.804
371,44,YLR147C,79,0.019,0.159,0.814
372,44,YKR086W,41,0.021,0.087,0.423
373,44,YLR275W,79,0.018,0.159,0.814
375,44,YMR288W,73,0.013,0.151,0.753
376,44,YLR117C,69,0.016,0.141,0.711
377,44,YER172C,73,0.019,0.148,0.753
378,44,YFL017W-A,80,0.02,0.16,0.825
379,44,YDL043C,71,0.011,0.148,0.732
380,44,YPL213W,79,0.028,0.158,0.814
381,44,YDR243C,48,0.01,0.095,0.495
382,44,YHR165C,74,0.02,0.149,0.763
384,44,YMR213W,62,0.031,0.126,0.639
385,44,YML049C,69,0.01,0.144,0.711
386,44,YGR074W,71,0.032,0.145,0.732
387,44,YDR364C,55,0.028,0.118,0.567
388,44,YPR182W,79,0.018,0.159,0.814
389,44,YDL209C,52,0.012,0.112,0.536
390,44,YHR086W,34,0.011,0.077,0.351
391,44,YLL036C,58,0.017,0.123,0.598
398,47,YBR136W,35,0.032,0.212,0.538
401,47,YHR164C,25,0.02,0.161,0.385
405,47,YBR088C,25,0.018,0.157,0.385
408,47,YAR007C,31,0.054,0.188,0.477
415,48,YMR061W,0,0.0,0.707,0.0
416,49,YOR048C,1,0.0,0.707,0.5
417,49,YKR063C,0,0.0,0.0,0.0
423,51,YDL212W,0,0.0,0.0,0.0
424,51,YER125W,15,0.505,0.575,0.75
451,54,YJL034W,27,0.295,0.264,0.614
454,54,YER019C-A,15,0.028,0.25,0.341
455,54,YEL002C,18,0.075,0.284,0.409
457,54,YML130C,10,0.048,0.094,0.227
459,54,YCL043C,17,0.116,0.182,0.386
460,54,YLR378C,22,0.098,0.327,0.5
461,54,YOR254C,14,0.02,0.214,0.318
465,56,YLR243W,0,0.0,0.707,0.0
466,56,YOR262W,0,0.0,0.707,0.0
476,59,YKL212W,15,0.449,0.437,0.833
477,59,YNL267W,8,0.021,0.336,0.444
479,59,YPL268W,7,0.001,0.322,0.389
484,62,YLR397C,18,0.032,0.054,0.209
485,62,YGR253C,40,0.008,0.157,0.465
487,62,YOR117W,44,0.015,0.169,0.512
489,62,YGR048W,23,0.031,0.026,0.267
490,62,YDL126C,52,0.327,0.12,0.605
491,62,YKL145W,43,0.01,0.168,0.5
494,62,YDR394W,43,0.013,0.166,0.5
495,62,YOR259C,43,0.01,0.168,0.5
497,62,YDL007W,44,0.018,0.169,0.512
500,62,YOL038W,39,0.012,0.156,0.453
503,62,YOR362C,40,0.009,0.161,0.465
507,64,YKL203C,10,0.027,0.328,0.714
508,64,YHR186C,10,0.027,0.328,0.714
509,64,YOL078W,9,0.001,0.316,0.643
512,64,YNL006W,9,0.001,0.316,0.643
513,64,YER093C,9,0.001,0.316,0.643
515,65,YBL105C,0,0.0,0.577,0.0
522,68,YGL073W,0,0.0,0.5,0.0
526,69,YGL180W,17,0.08,0.337,0.607
527,69,YPL149W,12,0.023,0.272,0.429
529,69,YBL078C,19,0.278,0.304,0.679
530,69,YDL149W,15,0.048,0.308,0.536
531,69,YNL223W,11,0.013,0.257,0.393
539,73,YGR162W,5,0.078,0.473,0.833
540,73,YOL139C,5,0.078,0.473,0.833
562,79,YDR047W,6,0.0,0.376,0.75
563,79,YDL205C,6,0.0,0.376,0.75
564,79,YDR232W,6,0.0,0.376,0.75
565,79,YOR278W,6,0.0,0.376,0.75
568,79,YGL040C,6,0.0,0.376,0.75
569,79,YOR176W,6,0.0,0.376,0.75
570,79,YDR044W,7,0.214,0.385,0.875
571,80,YHR122W,7,0.014,0.373,0.875
572,80,YIL003W,7,0.014,0.373,0.875
573,80,YNL240C,7,0.014,0.373,0.875
575,80,YGL091C,7,0.014,0.373,0.875
576,81,YJL025W,7,0.036,0.381,1.0
577,81,YLR141W,7,0.036,0.381,1.0
578,81,YBL014C,7,0.036,0.381,1.0
579,81,YML043C,7,0.036,0.381,1.0
583,83,YNL189W,12,0.025,0.239,0.6
584,83,YMR308C,13,0.019,0.269,0.65
586,83,YLR347C,17,0.071,0.324,0.85
587,83,YLR293C,18,0.19,0.318,0.9
610,91,YGR175C,22,0.036,0.261,0.846
611,91,YHR072W,21,0.026,0.255,0.808
612,91,YGR060W,20,0.022,0.244,0.769
613,91,YHR007C,22,0.174,0.239,0.846
614,91,YML126C,21,0.032,0.249,0.808
616,91,YHR190W,23,0.044,0.268,0.885
617,92,YDL193W,5,0.048,0.272,0.455
619,92,YBR002C,5,0.048,0.272,0.455
620,92,YKL019W,9,0.298,0.451,0.818
627,94,YPL020C,10,0.134,0.296,0.625
628,94,YDR510W,12,0.107,0.346,0.75
630,94,YDL064W,11,0.067,0.329,0.688
631,94,YEL019C,13,0.219,0.351,0.812
632,95,YJL039C,29,0.01,0.198,0.518
634,95,YDL207W,27,0.032,0.18,0.482
636,95,YLR208W,32,0.241,0.145,0.571
637,95,YGR119C,29,0.01,0.199,0.518
639,95,YFR002W,31,0.013,0.207,0.554
640,95,YJL041W,29,0.024,0.19,0.518
642,95,YGL092W,30,0.012,0.203,0.536
645,95,YOR098C,31,0.013,0.207,0.554
649,97,YMR043W,4,0.2,0.559,0.8
651,98,YJL074C,11,0.073,0.336,1.0
652,98,YIL026C,11,0.073,0.336,1.0
653,98,YFL008W,10,0.052,0.315,0.909
662,101,YKL210W,0,0.0,0.707,0.0
669,103,YPR019W,54,0.035,0.196,0.9
670,103,YJL194W,46,0.016,0.177,0.767
672,103,YLR103C,48,0.019,0.183,0.8
673,103,YBL023C,52,0.028,0.191,0.867
674,103,YGL201C,48,0.018,0.184,0.8
677,103,YNL102W,48,0.031,0.175,0.8
678,103,YBR202W,54,0.033,0.196,0.9
679,103,YEL032W,54,0.033,0.196,0.9
680,103,YIR008C,41,0.014,0.162,0.683
681,103,YBL035C,45,0.022,0.171,0.75
682,103,YLR274W,54,0.033,0.196,0.9
684,103,YNL262W,46,0.023,0.174,0.767
685,104,YLR215C,0,0.0,0.707,0.0
694,108,YLR027C,9,0.137,0.373,0.692
699,109,YDR050C,17,0.028,0.26,0.895
700,109,YKL152C,18,0.03,0.273,0.947
702,109,YBR196C,18,0.03,0.273,0.947
704,109,YCR012W,18,0.036,0.27,0.947
724,116,YNL118C,2,0.0,0.577,0.667
733,118,YNL103W,4,0.056,0.479,1.0
737,119,YAL012W,13,0.076,0.331,0.812
738,119,YER043C,13,0.185,0.315,0.812
739,119,YGR155W,10,0.013,0.289,0.625
768,124,YML128C,38,0.105,0.281,0.543
780,126,YKL035W,10,0.464,0.438,0.909
782,127,YJL085W,12,0.01,0.277,0.545
783,127,YGR009C,13,0.077,0.285,0.591
784,127,YFL005W,16,0.246,0.293,0.727
785,127,YGL233W,13,0.013,0.295,0.591
786,127,YBR102C,12,0.01,0.277,0.545
787,127,YNL272C,10,0.021,0.227,0.455
788,127,YPR055W,13,0.013,0.295,0.591
789,128,YOR336W,3,0.024,0.4,0.429
792,128,YFR042W,3,0.024,0.4,0.429
793,129,YIL109C,2,0.0,0.577,1.0
794,129,YHR098C,2,0.0,0.577,1.0
796,130,YDL145C,11,0.014,0.309,0.44
799,130,YDR238C,12,0.029,0.328,0.48
800,130,YNL287W,12,0.022,0.333,0.48
803,131,YDR407C,13,0.012,0.29,0.591
805,131,YFL038C,16,0.324,0.267,0.727
806,131,YKR068C,14,0.026,0.297,0.636
809,131,YML077W,13,0.019,0.286,0.591
810,131,YMR218C,13,0.012,0.29,0.591
812,132,YBR243C,10,0.074,0.283,0.556
813,132,YPR183W,8,0.027,0.221,0.444
815,132,YBR110W,11,0.023,0.349,0.611
817,133,YER016W,11,0.04,0.345,0.688
818,133,YLR045C,12,0.149,0.35,0.75
821,134,YGL116W,26,0.063,0.279,0.456
823,134,YGL003C,20,0.048,0.226,0.351
824,134,YFL029C,7,0.033,0.09,0.123
825,134,YLR182W,13,0.025,0.085,0.228
826,134,YBR160W,39,0.301,0.335,0.684
827,134,YER111C,13,0.015,0.096,0.228
830,134,YBR135W,22,0.069,0.234,0.386
833,134,YPL209C,13,0.035,0.146,0.228
839,136,YJL026W,4,0.0,0.447,0.8
840,136,YER070W,4,0.0,0.447,0.8
843,136,YJR057W,4,0.0,0.447,0.8
845,137,YFR028C,14,0.262,0.345,0.824
846,137,YML064C,12,0.073,0.349,0.706
848,137,YAR019C,11,0.044,0.331,0.647
849,137,YJL076W,7,0.046,0.175,0.412
850,138,YOL069W,9,0.02,0.101,0.265
852,138,YKL052C,13,0.035,0.137,0.382
853,138,YIR010W,24,0.158,0.28,0.706
854,138,YBR211C,18,0.031,0.245,0.529
857,138,YAL034W-A,16,0.029,0.197,0.471
886,147,YOL026C,6,0.049,0.059,0.154
887,147,YJL054W,23,0.035,0.242,0.59
888,147,YGR082W,22,0.026,0.239,0.564
889,147,YNR017W,20,0.036,0.205,0.513
890,147,YPL063W,20,0.04,0.207,0.513
891,147,YNL131W,27,0.06,0.277,0.692
894,147,YMR203W,31,0.158,0.293,0.795
895,148,YOR168W,28,0.085,0.245,0.7
897,148,YPR033C,19,0.062,0.175,0.475
898,148,YIL078W,20,0.022,0.19,0.5
900,148,YGR185C,29,0.048,0.254,0.725
901,148,YGR264C,23,0.023,0.221,0.575
902,148,YDR023W,21,0.028,0.197,0.525
903,148,YBL076C,26,0.045,0.232,0.65
904,148,YPL160W,29,0.047,0.257,0.725
905,148,YDR037W,26,0.032,0.236,0.65
916,151,YOR257W,1,0.0,0.707,0.333
918,152,YDL084W,10,0.053,0.364,0.833
921,152,YDR381W,12,0.311,0.382,1.0
928,154,YKL042W,5,0.1,0.382,0.833
929,154,YDR356W,6,0.183,0.441,1.0
931,156,YLR457C,3,0.083,0.47,0.75
932,156,YPL255W,4,0.333,0.559,1.0
933,156,YLL003W,3,0.083,0.47,0.75
938,158,YKL192C,0,0.0,0.707,0.0
942,160,YIR015W,12,0.04,0.29,0.923
943,160,YGR030C,13,0.051,0.31,1.0
944,160,YNL221C,13,0.051,0.31,1.0
945,160,YBR257W,13,0.051,0.31,1.0
954,164,YKL182W,8,0.208,0.445,0.889
955,164,YPL231W,9,0.329,0.48,1.0
961,166,YKL088W,6,0.018,0.398,0.75
962,166,YIL083C,6,0.018,0.398,0.75
963,166,YDR196C,8,0.482,0.421,1.0
964,166,YGR277C,6,0.018,0.398,0.75
966,167,YDL045C,4,0.5,0.524,1.0
968,167,YDR236C,3,0.0,0.482,0.75
982,172,YGL206C,14,0.03,0.276,0.56
989,175,YGR218W,0,0.0,1.0,1.0
990,176,YJL125C,6,0.044,0.399,0.6
998,177,YER165W,9,0.234,0.611,0.474
1020,178,YLR249W,0,0.0,0.408,0.0
1023,179,YDR432W,0,0.0,0.707,0.0
1031,182,YLR116W,0,0.0,0.707,0.0
1051,187,YKR079C,0,0.0,1.0,1.0
1070,195,YLR355C,1,0.0,0.5,0.25
1078,198,YDR353W,9,0.039,0.293,0.562
1105,205,YBR112C,1,0.0,0.707,0.333
1115,207,YLR359W,14,0.073,0.304,0.636
1125,209,YHR068W,0,0.0,0.0,0.0
1142,215,YPR035W,1,0.0,0.707,1.0
1153,219,YKL104C,1,0.0,0.707,0.25
1155,219,YEL058W,1,0.0,0.707,0.25
1160,221,YDR081C,2,0.0,0.408,0.286
1175,225,YHR042W,0,0.0,0.707,0.0
1191,231,YCL028W,1,0.0,0.354,0.125
1200,232,YHR171W,8,0.015,0.177,0.364
1201,232,YLR240W,19,0.246,0.348,0.864
1202,232,YFR021W,13,0.028,0.308,0.591
1205,232,YPL120W,20,0.272,0.359,0.909
1206,233,YJL005W,8,0.009,0.313,0.471
1207,233,YJL164C,12,0.144,0.382,0.706
1209,233,YPL203W,10,0.033,0.358,0.588
1211,233,YKL166C,10,0.033,0.358,0.588
1212,234,YPR113W,0,0.0,1.0,1.0
1217,237,YNL256W,5,0.183,0.49,1.0
1218,237,YOR236W,5,0.183,0.49,1.0
1219,238,YLR371W,7,0.039,0.04,0.156
1220,238,YBR200W,15,0.061,0.312,0.333
1223,238,YAL041W,14,0.051,0.332,0.311
1224,238,YPR165W,11,0.239,0.214,0.244
1227,238,YLR229C,21,0.179,0.407,0.467
1230,238,YNL271C,12,0.059,0.276,0.267
1236,240,YNL022C,2,0.0,0.577,0.286
1242,241,YHR072W-A,0,0.0,1.0,1.0
1245,243,YMR276W,0,0.0,1.0,1.0
1247,244,YGL236C,2,0.0,0.577,1.0
1258,248,YBR256C,5,0.025,0.428,1.0
1259,248,YDR487C,5,0.025,0.428,1.0
1260,248,YBR153W,5,0.025,0.428,1.0
1265,250,YFL045C,1,0.0,0.707,1.0
1266,250,YER003C,1,0.0,0.707,1.0
1271,253,YDR182W,0,0.0,0.707,0.0
1282,256,YBR011C,1,0.0,0.707,1.0
1295,259,YJR016C,5,0.111,0.507,0.833
1305,263,YKL006C-A,19,0.026,0.171,0.633
1306,263,YDR498C,18,0.023,0.152,0.6
1307,263,YOR075W,26,0.054,0.214,0.867
1308,263,YKL196C,26,0.021,0.226,0.867
1309,263,YLR026C,26,0.05,0.224,0.867
1310,263,YGL098W,20,0.027,0.167,0.667
1316,265,YHR129C,0,0.0,1.0,1.0
1329,267,YBR029C,15,0.034,0.211,0.312
1334,268,YJR049C,0,0.0,0.5,0.0
1344,272,YLR220W,0,0.0,1.0,1.0
1355,275,YOR281C,0,0.0,0.707,0.0
1356,275,YNL313C,0,0.0,0.707,0.0
1365,281,YLR223C,4,0.051,0.134,0.308
1366,281,YPR104C,4,0.051,0.134,0.308
1367,281,YDR082W,6,0.03,0.393,0.462
1368,281,YLR010C,6,0.03,0.393,0.462
1369,281,YDL220C,6,0.03,0.393,0.462
1370,281,YNL216W,8,0.308,0.421,0.615
1373,282,YOL149W,1,0.0,0.707,0.5
1379,284,YJL097W,6,0.007,0.386,0.75
1380,284,YGL055W,8,0.471,0.407,1.0
1381,284,YDL015C,6,0.007,0.386,0.75
1388,288,YBR109C,0,0.0,0.707,0.0
1389,288,YNL225C,0,0.0,0.707,0.0
1403,296,YOR326W,5,0.262,0.52,0.625
1406,297,YBL007C,1,0.0,0.707,1.0
1412,298,YER060W,0,0.0,0.0,0.0
1422,302,YBR038W,2,0.0,0.577,1.0
1423,302,YMR032W,2,0.0,0.577,1.0
1439,305,YML068W,0,0.0,1.0,1.0
1451,309,YCR093W,11,0.129,0.31,0.733
1452,310,YDL092W,7,0.031,0.384,1.0
1453,310,YPL243W,7,0.031,0.384,1.0
1454,310,YPL210C,7,0.031,0.384,1.0
1455,310,YPR088C,7,0.031,0.384,1.0
1460,312,YAR008W,3,0.167,0.557,1.0
1461,312,YJL087C,3,0.167,0.557,1.0
1466,315,YNL197C,0,0.0,0.707,0.0
1470,316,YJL019W,2,0.0,0.577,1.0
1493,327,YGR046W,2,0.0,0.577,1.0
1499,330,YOL130W,0,0.0,0.5,0.0
1504,331,YDL235C,5,0.012,0.418,0.714
1513,333,YGL008C,0,0.0,0.707,0.0
1518,336,YJR013W,15,0.079,0.304,0.625
1519,336,YPL175W,14,0.066,0.282,0.583
1520,336,YHR188C,12,0.04,0.249,0.5
1521,336,YLR088W,14,0.059,0.288,0.583
1522,336,YMR281W,14,0.053,0.296,0.583
1523,336,YGL142C,15,0.071,0.301,0.625
1524,336,YBR004C,14,0.118,0.272,0.583
1526,337,YMR164C,0,0.0,0.378,0.0
1539,340,YLR076C,0,0.0,0.0,0.0
1552,344,YDR123C,3,0.0,0.438,0.5
1570,351,YFR003C,0,0.0,1.0,1.0
1580,355,YLR316C,0,0.0,1.0,1.0
1590,359,YOR143C,0,0.0,0.707,0.0
1600,363,YDL103C,1,0.0,0.707,0.5
1601,363,YFL017C,1,0.0,0.707,0.5
1610,368,YHR107C,11,0.091,0.37,0.846
1611,368,YLR314C,10,0.065,0.346,0.769
1612,368,YJR076C,12,0.145,0.385,0.923
1620,373,YBR049C,0,0.0,0.707,0.0
1621,373,YPL128C,0,0.0,0.707,0.0
1635,379,YLR127C,12,0.0,0.277,1.0
1636,379,YDL008W,12,0.0,0.277,1.0
1638,379,YNL172W,12,0.0,0.277,1.0
1639,379,YDR118W,12,0.0,0.277,1.0
1640,379,YHR166C,12,0.0,0.277,1.0
1641,379,YBL084C,12,0.0,0.277,1.0
1642,379,YOR249C,12,0.0,0.277,1.0
1644,379,YKL022C,12,0.0,0.277,1.0
1659,384,YER136W,2,0.0,0.577,0.667
1660,384,YOR370C,2,0.0,0.577,0.667
1671,387,YDL055C,0,0.0,0.577,0.0
1673,387,YGL065C,0,0.0,0.577,0.0
1698,395,YML104C,2,0.076,0.145,0.133
1699,396,YHR074W,2,0.333,0.707,0.667
1700,397,YLR059C,3,0.667,0.612,1.0
1720,408,YMR070W,0,0.0,1.0,1.0
1734,414,YNL161W,5,0.286,0.372,0.714
1735,414,YKL189W,6,0.31,0.436,0.857
1737,415,YIR022W,3,0.0,0.5,1.0
1738,415,YLR066W,3,0.0,0.5,1.0
1748,418,YDL195W,0,0.0,1.0,1.0
1763,424,YLR305C,3,0.167,0.557,1.0
1764,424,YMR212C,3,0.167,0.557,1.0
1795,440,YMR079W,0,0.0,1.0,1.0
1808,445,YDR141C,2,0.0,0.577,1.0
1809,445,YIL048W,2,0.0,0.577,1.0
1816,447,YLR097C,1,0.0,0.707,1.0
1838,454,YDR233C,3,0.0,0.5,1.0
1872,469,YOR271C,0,0.0,1.0,1.0
1874,470,YMR200W,0,0.0,0.577,0.0
1880,473,YHR009C,0,0.0,0.707,0.0
1882,474,YJR089W,0,0.0,1.0,1.0
1886,476,YCL067C,4,0.083,0.436,0.8
1890,478,YMR071C,1,0.0,0.707,1.0
1902,486,YPR105C,8,0.036,0.358,1.0
1904,486,YER157W,8,0.036,0.358,1.0
1920,495,YBR168W,0,0.0,0.577,0.0
1930,500,YGL102C,0,0.0,0.577,0.0
1932,502,YGR172C,3,0.167,0.557,1.0
1997,540,YPL075W,0,0.0,0.577,0.0
2008,544,YNL158W,0,0.0,1.0,1.0
