0 1
0 4
0 6
0 7
0 9
0 10
0 11
0 12
0 15
0 16
0 20
0 24
0 27
0 29
0 36
0 40
0 41
0 44
0 45
0 47
0 49
0 50
0 55
0 59
0 60
0 63
0 65
0 68
0 69
0 72
0 73
0 75
0 76
0 77
0 81
0 83
0 84
0 87
0 88
0 90
0 91
0 92
0 94
0 96
0 97
0 98
1 3
1 4
1 5
1 6
1 11
1 12
1 13
1 14
1 15
1 16
1 17
1 18
1 20
1 21
1 24
1 26
1 27
1 28
1 31
1 34
1 36
1 40
1 41
1 42
1 43
1 44
1 45
1 46
1 48
1 49
1 52
1 53
1 54
1 56
1 58
1 59
1 60
1 61
1 62
1 63
1 66
1 67
1 69
1 72
1 74
1 76
1 79
1 80
1 83
1 90
1 91
1 92
1 93
1 95
1 99
2 3
2 4
2 7
2 8
2 10
2 11
2 12
2 13
2 15
2 17
2 19
2 21
2 23
2 27
2 32
2 39
2 43
2 44
2 45
2 46
2 50
2 51
2 53
2 54
2 55
2 60
2 64
2 65
2 66
2 67
2 70
2 71
2 72
2 74
2 76
2 77
2 78
2 79
2 80
2 82
2 83
2 84
2 85
2 86
2 88
2 91
2 93
2 94
2 95
2 96
2 99
3 4
3 5
3 6
3 8
3 11
3 13
3 15
3 18
3 19
3 20
3 21
3 25
3 26
3 28
3 30
3 31
3 32
3 33
3 36
3 39
3 40
3 42
3 43
3 44
3 45
3 49
3 50
3 51
3 53
3 54
3 56
3 57
3 58
3 59
3 60
3 62
3 63
3 65
3 67
3 72
3 73
3 74
3 78
3 79
3 81
3 82
3 83
3 84
3 86
3 87
3 88
3 89
3 90
3 93
3 94
3 95
3 96
4 7
4 8
4 9
4 11
4 12
4 13
4 14
4 16
4 17
4 18
4 20
4 21
4 24
4 25
4 30
4 34
4 35
4 36
4 37
4 39
4 41
4 42
4 43
4 45
4 46
4 47
4 48
4 50
4 52
4 53
4 54
4 57
4 59
4 60
4 62
4 65
4 66
4 69
4 70
4 73
4 74
4 75
4 77
4 78
4 79
4 80
4 85
4 86
4 87
4 88
4 89
4 90
4 93
4 94
4 95
4 96
4 98
4 99
5 6
5 10
5 11
5 12
5 15
5 17
5 18
5 21
5 24
5 27
5 28
5 34
5 37
5 38
5 42
5 44
5 47
5 49
5 50
5 52
5 53
5 56
5 62
5 63
5 66
5 67
5 68
5 69
5 71
5 72
5 74
5 76
5 77
5 78
5 80
5 84
5 85
5 87
5 88
5 89
5 91
5 92
5 94
5 95
5 97
5 99
6 8
6 9
6 15
6 18
6 19
6 20
6 22
6 24
6 25
6 26
6 27
6 29
6 30
6 32
6 34
6 37
6 38
6 39
6 41
6 42
6 43
6 44
6 45
6 46
6 53
6 54
6 56
6 59
6 60
6 63
6 64
6 67
6 68
6 71
6 72
6 74
6 75
6 76
6 78
6 79
6 80
6 81
6 82
6 84
6 85
6 86
6 87
6 88
6 91
6 92
6 94
6 95
6 96
7 8
7 9
7 10
7 12
7 14
7 15
7 17
7 18
7 19
7 21
7 22
7 23
7 24
7 25
7 27
7 28
7 31
7 33
7 35
7 36
7 37
7 38
7 39
7 40
7 42
7 43
7 44
7 45
7 48
7 49
7 50
7 54
7 59
7 60
7 61
7 62
7 65
7 66
7 67
7 68
7 71
7 72
7 74
7 77
7 78
7 81
7 82
7 83
7 84
7 89
7 90
7 91
7 93
7 94
7 95
7 96
7 97
7 98
8 9
8 10
8 11
8 12
8 13
8 15
8 23
8 24
8 25
8 26
8 27
8 30
8 31
8 33
8 35
8 36
8 37
8 38
8 42
8 45
8 48
8 52
8 53
8 55
8 58
8 61
8 64
8 65
8 66
8 70
8 72
8 74
8 75
8 76
8 77
8 78
8 82
8 83
8 84
8 92
8 97
9 12
9 15
9 16
9 17
9 18
9 21
9 22
9 24
9 28
9 30
9 32
9 33
9 35
9 37
9 38
9 39
9 41
9 42
9 43
9 44
9 46
9 47
9 48
9 49
9 51
9 53
9 54
9 56
9 62
9 63
9 66
9 68
9 69
9 70
9 74
9 75
9 78
9 80
9 81
9 82
9 83
9 84
9 86
9 88
9 91
9 92
9 94
9 97
10 11
10 13
10 19
10 20
10 21
10 23
10 24
10 25
10 26
10 27
10 32
10 33
10 35
10 36
10 37
10 38
10 39
10 40
10 42
10 44
10 45
10 46
10 48
10 49
10 50
10 51
10 52
10 53
10 54
10 56
10 57
10 61
10 64
10 65
10 66
10 67
10 68
10 69
10 70
10 74
10 76
10 78
10 80
10 82
10 85
10 88
10 90
10 93
10 94
10 95
10 96
11 12
11 13
11 15
11 19
11 20
11 21
11 23
11 25
11 27
11 28
11 29
11 30
11 33
11 34
11 35
11 36
11 39
11 42
11 44
11 47
11 48
11 50
11 51
11 52
11 54
11 57
11 61
11 62
11 66
11 69
11 70
11 71
11 73
11 74
11 75
11 77
11 78
11 79
11 81
11 82
11 83
11 84
11 85
11 86
11 88
11 89
11 91
11 93
11 95
11 97
11 98
11 99
12 18
12 19
12 22
12 23
12 24
12 25
12 27
12 29
12 30
12 32
12 33
12 35
12 36
12 39
12 40
12 41
12 42
12 44
12 46
12 47
12 48
12 49
12 50
12 51
12 52
12 53
12 54
12 55
12 57
12 58
12 60
12 61
12 64
12 68
12 69
12 70
12 72
12 73
12 77
12 79
12 82
12 84
12 85
12 87
12 88
12 89
12 90
12 92
12 99
13 15
13 17
13 20
13 21
13 23
13 28
13 31
13 33
13 34
13 37
13 40
13 41
13 42
13 43
13 45
13 46
13 48
13 49
13 50
13 52
13 53
13 55
13 56
13 57
13 58
13 62
13 63
13 64
13 67
13 68
13 71
13 72
13 73
13 75
13 76
13 79
13 82
13 84
13 85
13 88
13 90
13 93
13 94
13 99
14 20
14 21
14 24
14 27
14 32
14 33
14 34
14 35
14 38
14 42
14 44
14 46
14 47
14 54
14 55
14 57
14 59
14 62
14 63
14 65
14 66
14 67
14 70
14 71
14 72
14 76
14 79
14 82
14 83
14 84
14 86
14 88
14 91
14 96
14 98
14 99
15 16
15 17
15 19
15 21
15 22
15 26
15 27
15 29
15 30
15 31
15 32
15 34
15 35
15 38
15 39
15 41
15 42
15 44
15 45
15 48
15 50
15 55
15 56
15 58
15 61
15 62
15 67
15 68
15 70
15 71
15 72
15 74
15 78
15 79
15 80
15 81
15 82
15 83
15 85
15 86
15 88
15 89
15 92
15 93
15 94
15 95
15 96
15 97
16 17
16 20
16 21
16 26
16 30
16 31
16 32
16 36
16 38
16 40
16 42
16 43
16 46
16 48
16 50
16 51
16 52
16 53
16 55
16 58
16 61
16 62
16 64
16 65
16 66
16 69
16 70
16 80
16 84
16 87
16 88
16 89
16 90
16 91
16 96
16 98
17 18
17 19
17 22
17 23
17 24
17 28
17 29
17 35
17 36
17 37
17 39
17 40
17 41
17 43
17 48
17 50
17 51
17 52
17 55
17 58
17 60
17 64
17 65
17 66
17 71
17 72
17 74
17 76
17 82
17 83
17 84
17 85
17 86
17 87
17 89
17 91
17 92
17 93
17 94
17 95
17 97
17 98
18 22
18 28
18 30
18 31
18 32
18 36
18 37
18 38
18 44
18 51
18 54
18 56
18 60
18 62
18 63
18 67
18 68
18 70
18 77
18 79
18 80
18 83
18 85
18 87
18 90
18 91
18 93
18 98
19 20
19 24
19 27
19 30
19 31
19 32
19 33
19 34
19 37
19 40
19 42
19 44
19 45
19 46
19 47
19 48
19 51
19 54
19 55
19 60
19 64
19 66
19 72
19 73
19 75
19 79
19 83
19 86
19 88
19 91
19 93
19 95
19 99
20 23
20 27
20 28
20 29
20 33
20 37
20 41
20 44
20 45
20 46
20 48
20 49
20 50
20 51
20 54
20 56
20 60
20 61
20 71
20 72
20 73
20 76
20 77
20 80
20 81
20 88
20 90
20 91
20 92
20 93
20 95
20 96
20 98
21 23
21 25
21 27
21 31
21 34
21 36
21 37
21 41
21 44
21 45
21 47
21 48
21 49
21 50
21 51
21 53
21 54
21 56
21 58
21 59
21 63
21 64
21 65
21 67
21 68
21 72
21 73
21 75
21 76
21 82
21 86
21 87
21 88
21 93
21 96
21 97
22 23
22 26
22 27
22 31
22 32
22 33
22 35
22 36
22 41
22 43
22 45
22 46
22 49
22 50
22 51
22 52
22 53
22 55
22 58
22 60
22 62
22 64
22 65
22 66
22 67
22 69
22 71
22 73
22 74
22 75
22 77
22 78
22 81
22 83
22 84
22 85
22 86
22 87
22 89
22 90
22 91
22 99
23 26
23 28
23 29
23 30
23 36
23 37
23 40
23 42
23 43
23 44
23 45
23 46
23 47
23 49
23 51
23 52
23 54
23 55
23 59
23 60
23 62
23 63
23 65
23 66
23 67
23 68
23 69
23 70
23 71
23 72
23 73
23 74
23 75
23 76
23 79
23 86
23 87
23 90
23 91
23 99
24 26
24 31
24 34
24 35
24 36
24 37
24 39
24 40
24 42
24 44
24 45
24 46
24 49
24 50
24 51
24 55
24 57
24 58
24 62
24 63
24 64
24 67
24 71
24 73
24 74
24 76
24 77
24 82
24 83
24 85
24 88
24 90
24 91
24 93
24 94
24 96
24 99
25 28
25 30
25 34
25 36
25 37
25 39
25 43
25 46
25 51
25 52
25 53
25 55
25 56
25 57
25 60
25 63
25 65
25 66
25 69
25 70
25 73
25 75
25 76
25 78
25 80
25 81
25 82
25 87
25 88
25 92
25 94
25 97
25 99
26 27
26 28
26 30
26 32
26 34
26 35
26 36
26 37
26 41
26 42
26 45
26 48
26 51
26 53
26 55
26 60
26 62
26 64
26 65
26 67
26 68
26 72
26 74
26 75
26 77
26 78
26 80
26 81
26 83
26 84
26 85
26 86
26 88
26 90
26 92
26 96
26 97
26 98
26 99
27 28
27 30
27 31
27 32
27 33
27 36
27 38
27 40
27 41
27 42
27 43
27 45
27 47
27 48
27 50
27 51
27 53
27 54
27 56
27 57
27 61
27 62
27 65
27 66
27 67
27 68
27 69
27 70
27 72
27 75
27 78
27 82
27 83
27 84
27 85
27 86
27 87
27 89
27 90
27 91
27 92
27 93
27 94
27 95
27 96
27 97
27 98
28 30
28 31
28 32
28 34
28 35
28 36
28 40
28 41
28 42
28 46
28 48
28 52
28 55
28 57
28 59
28 65
28 67
28 69
28 70
28 73
28 74
28 77
28 79
28 80
28 81
28 82
28 85
28 86
28 87
28 88
28 91
28 95
28 99
29 33
29 36
29 37
29 41
29 45
29 46
29 47
29 48
29 50
29 54
29 55
29 58
29 59
29 60
29 61
29 62
29 63
29 64
29 66
29 69
29 71
29 72
29 77
29 79
29 81
29 82
29 83
29 84
29 85
29 86
29 91
29 92
29 94
29 96
29 97
29 98
29 99
30 33
30 35
30 36
30 39
30 43
30 47
30 48
30 49
30 50
30 53
30 54
30 55
30 56
30 60
30 62
30 64
30 67
30 70
30 73
30 79
30 80
30 81
30 84
30 86
30 87
30 88
30 89
30 90
30 91
30 92
30 93
30 96
30 98
31 32
31 34
31 35
31 38
31 39
31 41
31 43
31 45
31 46
31 53
31 56
31 57
31 58
31 59
31 60
31 61
31 63
31 64
31 65
31 66
31 69
31 70
31 71
31 72
31 73
31 74
31 75
31 76
31 80
31 83
31 84
31 85
31 87
31 88
31 91
31 93
31 97
31 99
32 33
32 34
32 35
32 36
32 37
32 38
32 39
32 40
32 42
32 47
32 50
32 52
32 53
32 58
32 61
32 62
32 63
32 64
32 66
32 70
32 71
32 72
32 74
32 77
32 78
32 79
32 83
32 87
32 89
32 90
32 92
32 93
32 95
32 97
32 98
33 37
33 38
33 42
33 47
33 49
33 51
33 52
33 53
33 57
33 58
33 59
33 61
33 64
33 67
33 68
33 69
33 70
33 75
33 79
33 80
33 82
33 83
33 84
33 86
33 92
33 93
33 95
33 96
33 99
34 38
34 41
34 42
34 52
34 53
34 55
34 58
34 59
34 60
34 63
34 64
34 65
34 66
34 67
34 68
34 70
34 71
34 72
34 73
34 77
34 78
34 79
34 80
34 81
34 82
34 83
34 87
34 91
34 93
34 97
34 99
35 36
35 37
35 38
35 39
35 40
35 41
35 43
35 44
35 47
35 49
35 50
35 52
35 53
35 54
35 59
35 60
35 61
35 65
35 66
35 67
35 68
35 70
35 74
35 75
35 79
35 83
35 84
35 86
35 89
35 90
35 92
35 93
35 95
35 97
35 98
36 39
36 40
36 41
36 49
36 51
36 53
36 54
36 56
36 59
36 60
36 61
36 62
36 64
36 65
36 68
36 69
36 70
36 72
36 75
36 76
36 79
36 80
36 84
36 86
36 87
36 89
36 90
36 92
36 96
36 97
37 39
37 40
37 41
37 44
37 46
37 47
37 48
37 57
37 59
37 62
37 63
37 68
37 71
37 72
37 75
37 80
37 83
37 84
37 86
37 88
37 89
37 90
37 96
38 42
38 43
38 46
38 47
38 48
38 53
38 54
38 55
38 57
38 58
38 59
38 60
38 61
38 62
38 63
38 64
38 65
38 68
38 71
38 74
38 75
38 76
38 79
38 81
38 85
38 87
38 91
38 92
38 93
38 94
38 97
38 98
38 99
39 40
39 42
39 45
39 46
39 47
39 48
39 53
39 57
39 60
39 61
39 62
39 64
39 65
39 66
39 67
39 68
39 70
39 72
39 73
39 74
39 75
39 78
39 79
39 80
39 82
39 87
39 89
39 90
39 92
39 94
39 95
39 97
39 99
40 43
40 45
40 52
40 53
40 54
40 56
40 57
40 58
40 59
40 60
40 63
40 64
40 65
40 66
40 67
40 71
40 72
40 75
40 76
40 78
40 79
40 82
40 83
40 84
40 85
40 87
40 89
40 91
40 92
40 93
40 97
40 98
40 99
41 43
41 45
41 46
41 47
41 49
41 51
41 52
41 53
41 54
41 56
41 57
41 59
41 63
41 65
41 67
41 68
41 70
41 73
41 74
41 75
41 76
41 78
41 81
41 82
41 84
41 85
41 86
41 91
41 92
41 93
41 96
41 99
42 50
42 51
42 53
42 56
42 57
42 58
42 59
42 60
42 61
42 62
42 64
42 65
42 66
42 68
42 71
42 82
42 84
42 86
42 87
42 88
42 90
42 91
42 94
42 98
42 99
43 44
43 45
43 46
43 49
43 52
43 54
43 57
43 58
43 59
43 60
43 63
43 64
43 65
43 67
43 69
43 70
43 71
43 73
43 76
43 77
43 78
43 79
43 86
43 87
43 89
43 91
43 92
43 93
43 94
43 97
44 46
44 52
44 57
44 59
44 61
44 65
44 66
44 67
44 68
44 70
44 71
44 72
44 74
44 76
44 77
44 78
44 81
44 84
44 87
44 88
44 91
44 93
44 95
44 97
44 98
45 50
45 51
45 55
45 59
45 60
45 61
45 62
45 64
45 69
45 71
45 75
45 79
45 80
45 84
45 93
45 94
45 96
45 97
45 99
46 47
46 48
46 49
46 50
46 51
46 56
46 58
46 63
46 66
46 69
46 72
46 76
46 78
46 79
46 83
46 84
46 85
46 86
46 87
46 89
46 91
46 93
46 97
46 98
46 99
47 48
47 51
47 52
47 53
47 54
47 58
47 63
47 64
47 65
47 66
47 72
47 76
47 77
47 79
47 80
47 81
47 83
47 84
47 86
47 87
47 89
47 90
47 91
47 94
47 95
47 96
47 99
48 50
48 51
48 52
48 53
48 55
48 58
48 59
48 60
48 61
48 62
48 64
48 65
48 66
48 67
48 68
48 70
48 71
48 73
48 74
48 76
48 81
48 83
48 84
48 85
48 87
48 88
48 89
48 91
48 92
48 95
48 96
48 98
49 51
49 52
49 57
49 60
49 61
49 63
49 64
49 65
49 66
49 68
49 69
49 77
49 84
49 85
49 87
49 91
49 92
49 94
49 95
49 96
49 98
49 99
50 54
50 55
50 56
50 57
50 59
50 61
50 62
50 64
50 66
50 69
50 70
50 77
50 79
50 81
50 83
50 84
50 85
50 86
50 93
50 95
50 96
50 97
50 99
51 53
51 56
51 66
51 73
51 77
51 78
51 79
51 80
51 83
51 84
51 85
51 86
51 87
51 88
51 89
51 90
51 91
51 93
51 94
51 95
51 96
51 97
51 98
51 99
52 54
52 56
52 58
52 60
52 61
52 63
52 65
52 68
52 69
52 71
52 72
52 74
52 75
52 77
52 78
52 82
52 83
52 85
52 86
52 88
52 89
52 93
52 94
52 95
52 96
52 97
52 98
52 99
53 55
53 56
53 58
53 59
53 64
53 65
53 66
53 70
53 72
53 73
53 79
53 80
53 81
53 82
53 84
53 85
53 87
53 88
53 90
53 92
53 93
53 94
53 95
53 97
54 56
54 57
54 58
54 59
54 60
54 63
54 66
54 68
54 75
54 77
54 78
54 79
54 80
54 82
54 84
54 88
54 89
54 90
54 93
54 95
54 97
54 99
55 56
55 59
55 62
55 63
55 64
55 66
55 67
55 69
55 73
55 75
55 76
55 77
55 78
55 79
55 82
55 87
55 91
55 92
55 94
56 57
56 58
56 59
56 60
56 61
56 62
56 63
56 64
56 67
56 68
56 70
56 71
56 72
56 73
56 77
56 78
56 80
56 81
56 83
56 85
56 88
56 92
56 96
56 97
56 98
56 99
57 58
57 61
57 63
57 64
57 65
57 67
57 72
57 73
57 74
57 78
57 80
57 82
57 84
57 85
57 87
57 88
57 91
57 92
57 93
57 94
57 96
57 98
57 99
58 61
58 63
58 65
58 67
58 68
58 72
58 73
58 75
58 77
58 78
58 79
58 80
58 81
58 83
58 88
58 89
58 90
58 94
58 95
58 97
58 98
58 99
59 61
59 64
59 66
59 67
59 73
59 76
59 77
59 80
59 81
59 82
59 88
59 89
59 93
59 95
59 96
59 99
60 62
60 63
60 66
60 71
60 72
60 73
60 76
60 77
60 78
60 83
60 84
60 85
60 88
60 89
60 90
60 93
60 94
60 96
60 98
61 62
61 63
61 65
61 66
61 68
61 69
61 74
61 75
61 77
61 78
61 79
61 81
61 86
61 87
61 90
61 91
61 92
61 94
61 95
61 96
61 98
61 99
62 63
62 64
62 65
62 66
62 68
62 69
62 70
62 71
62 72
62 73
62 74
62 77
62 79
62 81
62 82
62 83
62 84
62 87
62 88
62 89
62 91
62 92
62 93
62 96
62 97
62 98
62 99
63 65
63 66
63 67
63 70
63 71
63 72
63 74
63 77
63 78
63 82
63 83
63 87
63 90
63 91
63 93
63 94
63 95
63 96
63 99
64 68
64 69
64 71
64 72
64 73
64 75
64 77
64 81
64 83
64 84
64 85
64 89
64 94
64 98
65 71
65 74
65 78
65 81
65 82
65 84
65 86
65 87
65 90
65 92
65 96
65 97
65 98
66 67
66 68
66 69
66 71
66 74
66 75
66 76
66 78
66 79
66 81
66 82
66 83
66 84
66 85
66 86
66 88
66 90
66 91
66 93
66 95
66 96
66 98
67 68
67 70
67 73
67 76
67 79
67 80
67 81
67 82
67 84
67 87
67 88
67 89
67 92
67 95
67 97
67 99
68 72
68 74
68 75
68 81
68 82
68 84
68 89
68 90
68 91
68 94
68 96
68 97
69 73
69 74
69 76
69 79
69 82
69 85
69 87
69 89
69 92
69 94
69 95
69 96
69 98
69 99
70 71
70 73
70 76
70 77
70 78
70 82
70 84
70 90
70 91
70 92
70 96
70 98
70 99
71 73
71 74
71 77
71 79
71 81
71 84
71 86
71 90
71 92
71 93
71 95
71 98
71 99
72 74
72 80
72 81
72 83
72 87
72 88
72 89
72 93
72 94
72 97
73 77
73 79
73 81
73 82
73 83
73 84
73 86
73 87
73 90
73 94
74 75
74 76
74 78
74 79
74 80
74 82
74 83
74 87
74 88
74 89
74 90
74 91
74 92
74 94
74 95
74 97
74 99
75 76
75 82
75 84
75 90
75 92
75 94
75 97
75 98
76 80
76 85
76 87
76 88
76 93
76 95
76 96
76 97
76 98
77 78
77 79
77 81
77 83
77 85
77 86
77 87
77 90
77 96
77 97
78 79
78 80
78 81
78 82
78 84
78 86
78 88
78 95
78 96
78 98
78 99
79 80
79 81
79 82
79 83
79 86
79 88
79 89
79 91
79 92
79 93
79 94
80 84
80 86
80 89
80 90
80 92
80 93
80 95
80 97
81 82
81 84
81 87
81 89
81 90
81 92
81 93
81 95
81 96
81 98
82 86
82 87
82 88
82 91
82 94
82 95
82 96
82 99
83 84
83 85
83 86
83 87
83 88
83 89
83 92
83 94
83 95
83 96
83 99
84 85
84 86
84 89
84 91
84 93
84 95
84 97
84 98
84 99
85 86
85 87
85 88
85 89
85 93
85 94
85 96
85 99
86 87
86 89
86 90
86 92
86 98
87 89
87 91
87 93
87 94
87 96
88 89
88 90
88 91
88 93
88 94
88 95
88 97
88 99
89 90
89 91
89 93
90 91
90 92
90 93
90 94
90 97
90 99
91 93
91 94
91 95
91 96
91 97
92 93
92 96
92 98
93 95
93 96
93 99
94 95
94 97
94 98
95 96
95 97
95 99
96 97
96 99
98 99
